0 0.9272873671875 8.748708305903597e-17 0.03896190468750001 3.309283634645011e-17 0.038961904687500014 0.13900028593750005 0.9272873671875 0.1390002859375001
0 0.850819411558542 0.19168950459523743 0.8504432277960097 0.06333812753612536 0.09191398403188354 0.06556129328197065 0.09229016779441575 0.1939126703410827
0 0.7235356505762708 0.17566252839568566 0.7196344259591256 0.13409784740823083 0.10495774402813303 0.1917908633574707 0.10885896864527818 0.2333555443449255
0 0.880697226613109 0.25824585356150914 0.880660251974858 0.14657201120640978 0.10757857463738082 0.1468279745972565 0.10761554927563192 0.2585018169523558
0 0.8848967805143942 0.3032961668504727 0.8839627597977318 0.20227759903263393 0.11184662319226243 0.20941660805679133 0.11278064390892503 0.3104351758746301
0 0.8310388837212773 0.2964685221570692 0.8278537033424074 0.2488610304755378 0.1227307438438486 0.2960372990827903 0.1259159242227185 0.34364479076432175
0 0.9315289740652176 0.358080657426625 0.9308119340105143 0.2851720421576539 0.13125001650332888 0.2930355562149833 0.13196705655803212 0.36594417148395436
0 0.9064612400260579 0.3817719567499693 0.9046190066525238 0.31087653636069273 0.13693262286575741 0.33082503894173615 0.13877485623929145 0.40172045933101275
0 0.9289401352092662 0.44968820097919054 0.9287779530996575 0.3474813257350295 0.13980332347473548 0.3487332725297497 0.13996550558434415 0.4509401477739107
0 0.7322864436680689 0.4299778503172057 0.7300045204476617 0.4018977314993787 0.15297100318792128 0.44879020337710795 0.1552529264083285 0.4768703221949349
0 0.9245152082769685 0.5115575052037613 0.921745818371034 0.43374605549808115 0.16295806087538492 0.4607520959240546 0.1657274507813195 0.5385635456297347
0 0.7439311060172626 0.44470061256472837 0.7424360772924039 0.42617198389264993 0.15646562494411762 0.4734524747310904 0.15796065366897621 0.49198110340316886
0 0.9172814547505102 0.5541793424628259 0.9146078557005277 0.48715428746122047 0.18545624843755829 0.5162398144246031 0.18812984748754064 0.5832648694262084
0 0.924267173233142 0.6233096841831238 0.9219235761893447 0.5368963081760236 0.18896122683881916 0.5567748093355136 0.19130482388261644 0.6431881853426138
0 0.9240318426476805 0.6952290962936396 0.9220500563330543 0.5975446568052536 0.19687669209780267 0.6122567097842112 0.19885847841242899 0.7099411492725973
0 0.9176106739020238 0.7286661246826631 0.9145814910535839 0.6633237827066203 0.24899925934869946 0.6941792773144801 0.25202844219713927 0.759521619290523
0 0.8905644420713681 0.778734203056465 0.8854836740222376 0.7066145604144052 0.26079928961230975 0.7506230488764618 0.2658800576614403 0.8227426915185216
0 0.9011446991631079 0.8284303911693451 0.8956801130690148 0.7628492109723274 0.2685983092207464 0.8151011298135782 0.2740628953148394 0.8806823100105958
0 0.9176307731718584 0.9052565823427499 0.9091777535528053 0.81706842144267 0.28244616402328926 0.8771419547616816 0.29089918364234235 0.9653301156617614
0 0.8239574414719921 0.9683179393045395 0.8189160826532156 0.9138280870821974 0.291134855831393 0.9626579963901897 0.2961762146501694 1.0171478486125316