0 0.13962683783547108 0.07280531204919402 0.0021591288288690044 0.07021152187719545 -0.014620324499898285 0.9595020405900276 0.12284738450670381 0.9620958307620263
0 0.19391267034108273 0.9077098322055841 0.19168950459523743 0.14918058844145812 0.06333812753612535 0.14955677220399033 0.06556129328197065 0.9080860159681163
0 0.23335554434492548 0.8911410313547219 0.17566252839568566 0.2764643494237293 0.13409784740823089 0.2803655740408745 0.1917908633574707 0.8950422559718669
0 0.2582478206850011 0.11930504913941349 0.1466694781388586 0.11926810612066088 0.1464135101610391 0.892363637410325 0.25799185270718156 0.8924005804290776
0 0.3104351758746301 0.8872193560910748 0.30329616685047267 0.11510321948560576 0.2022775990326339 0.11603724020226835 0.20941660805679133 0.8881533768077375
0 0.3436447907643217 0.8740840757772815 0.2964685221570692 0.16896111627872268 0.2488610304755378 0.17214629665759257 0.2960372990827903 0.8772692561561515
0 0.3659441714839544 0.8680329434419678 0.3580806574266248 0.06847102593478258 0.2851720421576539 0.06918806598948582 0.29303555621498345 0.8687499834966712
0 0.40172045933101275 0.8612251437607086 0.3817719567499692 0.09353875997394233 0.3108765363606927 0.09538099334747638 0.3308250389417363 0.8630673771342426
0 0.45094014777391084 0.8600344944156559 0.4496882009791906 0.0710598647907337 0.3474813257350295 0.0712220469003424 0.3487332725297497 0.8601966765252647
0 0.4768703221949349 0.8447470735916716 0.4299778503172057 0.2677135563319311 0.40189773149937863 0.2699954795523384 0.44879020337710795 0.8470289968120787
0 0.5385635456297347 0.8342725492186801 0.5115575052037613 0.07548479172303137 0.43374605549808115 0.07825418162896595 0.4607520959240546 0.8370419391246149
0 0.4919811034031688 0.8420393463310237 0.4447006125647285 0.25606889398273747 0.4261719838926501 0.25756392270759604 0.4734524747310903 0.8435343750558824
0 0.5832648694262084 0.8118701525124592 0.5541793424628257 0.0827185452494899 0.48715428746122036 0.08539214429947227 0.516239814424603 0.8145437515624417
0 0.6431881853426138 0.8086951761173836 0.6233096841831238 0.07573282676685819 0.5368963081760236 0.07807642381065547 0.5567748093355137 0.8110387731611809
0 0.7099411492725973 0.801141521587571 0.6952290962936397 0.0759681573523193 0.5975446568052536 0.07794994366694555 0.6122567097842111 0.8031233079021973
0 0.7595216192905231 0.7479715578028607 0.7286661246826632 0.08238932609797618 0.6633237827066203 0.08541850894641598 0.6941792773144801 0.7510007406513004
0 0.8227426915185216 0.7341199423385598 0.778734203056465 0.10943555792863172 0.7066145604144051 0.11451632597776225 0.7506230488764617 0.7392007103876903
0 0.8806823100105955 0.7259371046851604 0.8284303911693447 0.09885530083689206 0.7628492109723274 0.10431988693098507 0.8151011298135782 0.7314016907792534
0 0.9653301156617614 0.7091008163576576 0.90525658234275 0.08236922682814166 0.81706842144267 0.09082224644719471 0.8771419547616814 0.7175538359767107
0 1.0171478486125318 0.7038237853498307 0.9683179393045396 0.1760425585280076 0.9138280870821976 0.18108391734678406 0.9626579963901898 0.7088651441686071