0 0.16247835821218312 0.05453029386406736 0.010301818826994404 0.04367300179115816 -0.05299650670832055 0.9308666099355086 0.09918003267686819 0.9417239020084178
0 0.21047250318069405 0.13352565032471606 0.08227733819669589 0.12718392635897552 0.0447991034397051 0.8847899833139333 0.17299426842370322 0.8911317072796738
0 0.21325023305101679 0.8766498945507234 0.1878059722436451 0.2597961851104516 0.14609408079348332 0.26151673607510373 0.171538341600855 0.8783704455153755
0 0.2785031682553977 0.10717444686532304 0.1670796726456158 0.10129799510143744 0.12636336102750545 0.8733206290160327 0.23778685663728744 0.8791970807799183
0 0.3237096837226341 0.1053360242890786 0.22278067480751412 0.10098186157175629 0.18950046362327502 0.8724134660793632 0.290429472538395 0.8767676287966856
0 0.32428102197727854 0.8653884066975868 0.314072692213869 0.15876277992997787 0.26636374623833536 0.15945201144767812 0.2765720760017448 0.8660776382152872
0 0.3808596338381705 0.061634936744991244 0.30801341084987616 0.0585352520737654 0.27402031102194213 0.8574129421549749 0.3468665340102365 0.8605126268262007
0 0.40320652115621913 0.08790822317986645 0.33231184558500215 0.08603755237221844 0.3120554100576436 0.8537158734697398 0.38295008562886057 0.8555865442773877
0 0.47220614334332855 0.06901459680797775 0.37013085047130573 0.06382746221761565 0.3300893409560225 0.8517863515829882 0.4321646338280454 0.8569734861733502
0 0.4588593510743664 0.843064096925918 0.4422307470243477 0.26436721999420054 0.4140696862390077 0.2651764158756623 0.43069829028902634 0.8438732928073798
0 0.5337590752206621 0.07667144904522846 0.45590932486852853 0.075364707041867 0.44316647224810113 0.8345259590123535 0.5210162226002347 0.8358327010157149
0 0.47409113660822505 0.8411509159632509 0.4575427652529811 0.2535090457726397 0.43896128712663174 0.254032312095144 0.4555096584818757 0.8416741822857551
0 0.5759439149717134 0.08612594276891643 0.5088707899497157 0.08528805739078309 0.4997556095340495 0.8149626066472753 0.5668287345560471 0.8158004920254086
0 0.6453451210578052 0.08276780017242782 0.5589275177907925 0.08058565867663356 0.5404184900768059 0.8135838702629318 0.6268360933438184 0.8157660117587259
0 0.7171536544629726 0.08676677969553022 0.6194993695221147 0.08363344130232213 0.5962386172689677 0.8085829499131172 0.6938929022098256 0.8117162883063254
0 0.7502088002252607 0.09492910718577312 0.6847974724186969 0.09453438461075207 0.6807767972403227 0.7608193116442132 0.7461881250468865 0.7612140342192343
0 0.8100474937000982 0.7506901361139644 0.7987927720349279 0.12455863332027409 0.7265060593790827 0.12585798789259903 0.7377607810442531 0.7519894906862894
0 0.8683359645282331 0.7455508383636129 0.8489745790345469 0.1165937739174999 0.783197281752624 0.11861861739474051 0.8025586672463104 0.7475756818408535
0 0.9537489041157319 0.7331677483903878 0.9265582987513283 0.10415106687530126 0.8380486000980069 0.10797708986917161 0.8652392054624103 0.7369937713842581
0 1.0057761498535718 0.7306092421414555 0.9846279853750481 0.20099581820465917 0.9299514004770943 0.2031791265542675 0.9510995649556179 0.732792550491064