0 0.07209249137035398 0.317642022209095 0.004173829961602085 0.31605257678405735 -0.011145963080330005 0.9706833178442631 0.0567726983284219 0.9722727632693008
0 0.1217404260504277 0.2861746252485369 0.0721350559208062 0.2849198070141044 0.054708432733680576 0.973827626159553 0.10431380286330208 0.9750824443939855
0 0.18216668577263204 0.2913500688102828 0.12718236433697447 0.28986422359518194 0.10858065104508481 0.9782283765367602 0.16356497248074237 0.9797142217518612
0 0.5298379170363601 0.22250266634741145 0.042256964064735635 0.17434110550176435 0.032407704662610406 0.2740536397517211 0.5199886576342349 0.32221520059736813
0 0.24253507120336476 0.2949768640143956 0.18299450417845647 0.2929331502601423 0.1593494766194019 0.9817959351074567 0.2188900436443102 0.98383964886171
0 0.3150288919306549 0.29671120603604756 0.24260892644176146 0.29339704124607563 0.2109863473176902 0.9844025385479929 0.2834063128065837 0.9877167033379649
0 0.3987878116465232 0.30406118714195773 0.31686898289178866 0.2997680032049416 0.2808006523970908 0.9879927409779853 0.3627194811518253 0.9922859249150013
0 0.4851443580200612 0.30694373572114275 0.4012739977745975 0.3005779960682805 0.34885860254634 0.9911651579585182 0.43272896279180373 0.9975308976113805
0 0.5804443254573686 0.3156088268415746 0.4852847574411621 0.3075908450951895 0.4273415018620099 0.995277016599726 0.5225010698782164 1.003294998346111
0 0.642729769960158 0.3116702745202228 0.5789558098828239 0.30544393816558785 0.5112762522715188 0.9986595242368337 0.5750502123488529 1.0048858605914686
0 0.7231077011773321 0.3063983527718079 0.6282430003987869 0.297618300809804 0.5633736754821645 0.9985035717116764 0.6582383762607098 1.0072836236736804
0 0.7991964103336985 0.32248811558094337 0.722321660794505 0.3131340269523962 0.6388673012141437 0.9989873735964402 0.7157420507533372 1.0083414622249873
0 0.8664020387035452 0.22605072791766395 0.6811094490007148 0.2163399535176116 0.6402502957996835 0.9959789398422215 0.8255428855025138 1.005689714242274
0 0.9452440435042508 0.24907364815501037 0.8699917119678823 0.2411306946126511 0.7899925974717348 0.9990502587363872 0.8652449290081033 1.0069932122787464
0 1.013907615623031 0.2576203261991392 0.9416829893851981 0.2496193421448833 0.8586401116756612 0.9992447336734479 0.9308647379134942 1.0072457177277037
0 1.0049819277603556 0.40139008959068595 0.9647822675827815 0.39933971507958466 0.9341457265625 1.0000000000000002 0.974345386740074 1.0020503745111013