0 0.08222280224876187 0.2954969882742892 0.014188783576648548 0.29033299818618225 -0.03537073822249765 0.9432648152377769 0.032663280449615674 0.9484288053258838
0 0.13344957282032002 0.2666710891585427 0.0839778584592045 0.2628218462066748 0.030520468149411395 0.9498735020688882 0.07999218251052692 0.9537227450207559
0 0.19352215877272314 0.27500190533792723 0.13869095423200872 0.2706404394019841 0.08408853826098096 0.9570876758349274 0.13891974280169536 0.9614491417708706
0 0.5443201136825605 0.22444456310329533 0.05992795415231391 0.1508309899859408 0.04487364185615807 0.24989140146403188 0.5292658013864047 0.3235049745813864
0 0.25361800034673115 0.2817831675488798 0.19426599084278445 0.276626142109455 0.13460107575557972 0.9633073789782284 0.19395308525952643 0.9684644044176531
0 0.32592170295558953 0.28730916714969923 0.25377443668231736 0.2802093761466756 0.18603076139764557 0.9686128766175844 0.25817802767091774 0.975712667620608
0 0.409181165200459 0.299032678185762 0.3275992873410368 0.2904580779344309 0.2555614931261107 0.9758519571408707 0.3371433709855329 0.9844265573922018
0 0.4952685016208961 0.3064308276637375 0.41184623857874375 0.29568437637204015 0.32336013719433554 0.9825819042068984 0.4067824002364879 0.9933283554985959
0 0.5899843683640262 0.32007165885492084 0.4953748418114314 0.3070843981775083 0.4015202798543858 0.9907956050373656 0.4961298064069807 1.003782865714778
0 0.6523905798736902 0.3193982720332528 0.5890298813419139 0.3098427975177788 0.48524623900185804 0.9980141765727147 0.5486069375336344 1.0075696510881886
0 0.732934268238663 0.3183402317585339 0.6386590874476303 0.304607377412862 0.5376980539857021 0.9976985180374293 0.6319732347767348 1.011431372383101
0 0.8080766259949309 0.338390119833467 0.7317967867993884 0.32502553737618844 0.6137391893325698 0.9988523912541801 0.6900190285281123 1.0122169737114588
0 0.8802372943916789 0.24560216562256212 0.6957068640825557 0.2262072375922311 0.6152219284752058 0.9919703163621019 0.7997523587843292 1.0113652443924328
0 0.9577663232202598 0.27271980671910867 0.8830328229386366 0.2608493354648531 0.7658511688825236 0.9985955452679434 0.8405846691641468 1.010466016522199
0 1.0250729574672484 0.28460773125089894 0.9531732381918179 0.2731566203316406 0.8375100794960973 0.9993873502030881 0.9094097987715278 1.0108384611223467
0 1.0061388671391907 0.4598938936357966 0.9671515833329366 0.45585131327843637 0.9107289609375003 1.0000000000000004 0.9497162447437544 1.0040425803573607