0 0.21771782440258666 0.18598854177501672 0.11872691381231863 0.17412736472838716 0.030562279211523657 0.9099310228881764 0.1295531898017917 0.9217921999348059
0 0.32625844519663805 0.21621461364767947 0.21576014169938654 0.20264712830655945 0.12761769318316835 0.920509781720852 0.23811599668041988 0.9340772670619719
0 0.9070766610813568 0.1281107974144119 0.21518272089645327 -0.03138573053687583 0.1593711372995032 0.2107242199358182 0.8512650774844067 0.3702207478871059
0 0.4346197684401206 0.2455205147025188 0.3285138955924132 0.23071453662250638 0.23286863515839995 0.9161487434850331 0.3389745080061074 0.9309547215650454
0 0.514554261978295 0.27210871393727304 0.4323083702220235 0.2602161065754458 0.33600625605737494 0.926214151958562 0.4182521478136464 0.9381067593203893
0 0.5553378932269968 0.29286755765551586 0.5124506913325177 0.28661464054271935 0.4196898599408366 0.9228380914586591 0.46257706183531566 0.9290910085714558
0 0.6628446336031402 0.31569052564114697 0.5519633304882319 0.2982292148932799 0.45082355668761825 0.9404782463486617 0.5617048598025264 0.9579395570965289
0 0.7645822533802409 0.3499522320023286 0.7190631374417137 0.34318855544774013 0.6259996818069602 0.9694997328804508 0.6715187977454874 0.9762634094350393
0 0.7182360025765101 0.3386296957041014 0.6515238768676702 0.32922329730898436 0.5616638846804175 0.9665289740601761 0.6283760103892575 0.975935372455293
0 0.7996580274523193 0.3580626694126809 0.7618979955632221 0.3523878056524521 0.6666139852920463 0.986399020437206 0.7043740171811435 0.9920738841974348
0 0.9740393355142078 0.23431649051718373 0.8413013699886658 0.19618192020678676 0.6199229777744681 0.9667509119286235 0.7526609433000102 1.0048854822390205
0 0.9436454013019461 0.32243971023128865 0.8692571443380585 0.3070681432533581 0.7293010657870989 0.9843633565425671 0.8036893227509865 0.9997349235204978
0 0.9818518293137852 0.3186841136661135 0.9154651568188752 0.30785877270888695 0.8028544923749095 0.9984464714626373 0.8692411648698195 1.0092718124198639
0 1.0155929477490555 0.4035869121590555 0.9458045435962115 0.39501797425245194 0.8715220968750002 1.0000000000000004 0.9413105010278441 1.0085689379066038