0 0.20913856946780643 0.3767145882868087 0.11930850977596433 0.3751466173764047 0.10935902333894229 0.9451590803694723 0.19918908303078442 0.9467270512798762
0 0.21226834732815208 0.4212332955762809 0.17321179567509998 0.4205515560004581 0.1640380114190755 0.9461135027555223 0.20309456307212762 0.9467952423313448
0 0.11935415115785478 0.37253187956200373 0.060769324303122416 0.3715092776405715 0.05081972015558043 0.9415217370739437 0.10940454701031277 0.9425443389953762
0 0.2456946489240087 0.4087390897682721 0.2066381019850668 0.40805735176482844 0.19723613471305987 0.9466929775076431 0.23629268165200176 0.9473747155110868
0 0.27939404390458245 0.4172042372091491 0.24615708748117057 0.4164414875285599 0.23391413104706066 0.9499305467175319 0.2671510874704725 0.9506932963981212
0 0.3220133253753614 0.39455316793556755 0.2812389223192365 0.39335002504248867 0.2648089155183988 0.9501614589677401 0.30558331857452375 0.9513646018608191
0 0.395373141880765 0.3435507495999858 0.3216067618124684 0.3415990779463811 0.30547927276200715 0.9511619030488013 0.3792456528303038 0.953113574702406
0 0.5131167627848134 0.34275399378358146 0.3997772618340294 0.32772271065048914 0.31806403410325096 0.943860160133745 0.43140353505403495 0.9588914432668373
0 0.5096063852795932 0.40620265870765443 0.4536173734187813 0.4041947799515849 0.43383471057881684 0.9558275620790481 0.4898237224396288 0.9578354408351174
0 0.5492435438178184 0.42195300259468393 0.5060845225193551 0.42082026746881346 0.49204464218750016 0.9557621796875002 0.5352036634859635 0.9568949148133706
0 0.584352081722196 0.37025923040036973 0.5492246084198775 0.36940855583931964 0.5350068468750002 0.9565120875000002 0.5701343201773186 0.9573627620610503
0 0.6178157976325154 0.3760409584495412 0.5839600708444859 0.3751970415728227 0.5693947799070471 0.9595182279004423 0.6032505066950767 0.9603621447771609
0 0.7645174823083856 0.3419447247710355 0.6180554152453274 0.33938822058058526 0.6072158261714542 0.9603880326693066 0.7536778932345125 0.9629445368597567
0 0.7726451029106104 0.4519874026922811 0.7169259436971459 0.4507699388781585 0.7056997414612896 0.9645548600283653 0.761418900674754 0.965772323842488
0 0.7938163779666795 0.454944838376883 0.7723372527218807 0.45447873782702286 0.7612451149918125 0.9656332850770035 0.7827242402366112 0.9660993856268634
0 1.002488597839349 0.36179172249186375 0.9048472212869385 0.3600873859763418 0.8942130113064082 0.9693208862797448 0.9918543878588186 0.9710252227952667
0 0.9028487543700555 0.36266803683467635 0.7973960685483802 0.36082735261033694 0.7868074943654193 0.9674461152696473 0.8922601801870946 0.9692867994939867