0 0.21133450422246353 0.3716571521946264 0.12154548467288258 0.3685216506979284 0.10164930749431426 0.9382736484340904 0.1914383270438952 0.9414091499307885
0 0.2136868361157136 0.4162236777253037 0.1746481156938959 0.4148604168864982 0.15630349201632207 0.940182214892336 0.1953422124381398 0.9415454757311416
0 0.12163675102208993 0.36590810676160684 0.06307869399930693 0.36386321436064956 0.04318251582560173 0.9336152147523938 0.10174057284838471 0.9356601071533509
0 0.24732607036923807 0.4043147448881731 0.20828736485352534 0.4029514832755897 0.18948638939302215 0.9413409880015722 0.22852509490873488 0.9427042496141557
0 0.28087262804325186 0.41336674255193906 0.2476540451030517 0.41202404417886607 0.22610228587539288 0.945218182019893 0.2593208688155931 0.9465608803929662
0 0.323880735110596 0.39146293295218243 0.2831335382441172 0.3895483617147576 0.2569883336935281 0.9459882455449036 0.29773553056000696 0.9479028167823284
0 0.3981194917167171 0.3417485867326234 0.32439840753783433 0.33850981188480866 0.29763504006802755 0.947698334971931 0.37135612424691034 0.9509371098197459
0 0.5158590868182288 0.34300686130482505 0.40279918008182153 0.32599982043565245 0.3103453162002408 0.9406173372794594 0.42340522293664806 0.9576243781486319
0 0.5112419116679445 0.4063845988699735 0.455296468141421 0.4033998829369347 0.42588949955698735 0.9546033934672282 0.48183494308351094 0.9575881094002672
0 0.5505981503803418 0.4228243074490344 0.5074654692714055 0.420938516186572 0.4840917062500001 0.9555539250000002 0.5272243873589364 0.9574397162624626
0 0.5866035232553422 0.3717511372015489 0.551496247021859 0.370287533277707 0.52703428125 0.9570535124999999 0.5621415574834833 0.9585171164238417
0 0.6199612382462087 0.378116007143083 0.5861253963576679 0.37668135479333653 0.5613645110889547 0.9606593471763241 0.5952003529774956 0.9620939995260706
0 0.7672356400077636 0.3465852641526877 0.6208404992089824 0.34147303299280446 0.5991646161516435 0.9621890868790525 0.7455597569504248 0.9673013180389358
0 0.7734415126432164 0.45675302802844653 0.7177520864182083 0.4545633162843611 0.6975608115821752 0.968074061891558 0.7532502378071834 0.9702637736356433
0 0.7945579489631059 0.4600795039436921 0.773090231346258 0.4592386120397344 0.7530789065003785 0.9701217218763704 0.7745466241172264 0.9709626137803282
0 1.0048241343873205 0.37058240822507904 0.9072273733357873 0.36717425418519 0.8859621917611509 0.976129371989914 0.9835589528126842 0.979537526029803
0 0.9051841715292988 0.36971963287264126 0.7997796699555988 0.36603882647460223 0.7786057549700833 0.9723804033098302 0.884010256543783 0.9760612097078691