0 0.6639540271912888 0.13442997456388056 0.09784270945727361 0.06691556731014311 0.0872163160456043 0.1560183502825458 0.6533276337796194 0.22353275753628324
0 0.6131718841266919 0.1833065993513682 0.0914479366838016 0.11924694750790424 0.0866874151464641 0.15801828042766053 0.6084113625893544 0.22207793227112446
0 0.673698943949198 0.07660641513303086 0.10784908919144491 0.007128788238401696 0.10070830719305364 0.06528578981208161 0.6665581619508067 0.13476341670671077
0 0.621639897449987 0.22201408685710491 0.08765474698696074 0.15097160154062542 0.08254869357526204 0.18935084302087396 0.6165338440382884 0.2603933283373535
0 0.6096228490450285 0.25618698914335264 0.08029913885299628 0.18870031745714136 0.07609530733160323 0.2216725717160609 0.6054190175236355 0.28915924340227217
0 0.6288928504863488 0.29356469903043936 0.07672986563389221 0.2199055092919894 0.07140058226524364 0.2598548085227615 0.6235635671177002 0.3335139982612114
0 0.6761853871899521 0.3392352583931597 0.07165876678236213 0.2592733989966417 0.06198452990439929 0.3324124401469533 0.6665111503119893 0.4123742995434713
0 0.677711403515788 0.4143576827342922 0.0630180268423515 0.33013013128035096 0.04788625523903861 0.44056192730588284 0.662579631912475 0.5247894787598242
0 0.6000982390115707 0.4641799776826806 0.053600915239085056 0.38649822194051275 0.0457100809232144 0.4420108683110242 0.5922074046957 0.519692624053192
0 0.5780843404726468 0.5147170260698356 0.04756609531250008 0.4444481015625 0.04191610499257577 0.48710455277067455 0.5724343501527225 0.5573734772780102
0 0.6246689236190356 0.5633000365980241 0.04232952187500007 0.48709656875 0.037770792890943684 0.5219339269996669 0.6201101946349793 0.598137394847691
0 0.6153187243517455 0.5968838164611429 0.035773343058083565 0.5209180077038738 0.031363872045949 0.5545579912811741 0.610909253339611 0.6305238000384432
0 0.6474290617612881 0.636444381084621 0.03167625527194347 0.5569136374462103 0.013114371764836753 0.7006257585750406 0.6288671782541815 0.7801565022134513
0 0.5263166987756207 0.7218126704559554 0.016723386598081334 0.6552143606481218 0.00939689226293312 0.7112748301355772 0.5189902044404724 0.7778731399434109
0 0.5167995805226726 0.7756016135110804 0.009584108380703504 0.7113091856607825 0.006882480209451614 0.7326228559366083 0.5140979523514208 0.7969152837869061
0 0.5968280996226019 0.9172542764107252 1.1102230246251565e-16 0.8439730015624999 -0.011901302893539589 0.9409013369891903 0.5849267967290622 1.0141826118374158
0 0.6073238918384534 0.8103144029262062 0.006209190320302571 0.7365067982828594 -0.006644217082367576 0.8411894009995121 0.5944704844357832 0.9149970056428589