0 0.876497787520979 0.042218933842904094 0.8733332467113991 -0.015869126798684824 0.005375757699357246 0.03141575179119428 0.008540298508937104 0.0895038124327832
0 0.8714303685324685 0.15362113756615034 0.8694874149139558 0.0423099705236331 0.01155063203115693 0.05728538962170713 0.013493585649669796 0.16859655666422438
0 0.8368032496014021 0.24121561763212257 0.8331748592637679 0.1645941663935061 0.008446398113398671 0.20364898369644183 0.012074788451032924 0.2802704349350583
0 0.8187848844203941 0.16910304809716048 0.8159491220624597 0.10921968754612077 0.01285304443692582 0.14725011212114444 0.015688806794860236 0.20713347267218415
0 0.8185845635367748 0.3753706278062429 0.8128857016030056 0.24169392293278463 0.013122240859609955 0.2757891794456121 0.018821102793379216 0.4094658843190705
0 0.9015364025566722 0.6297307238522405 0.8970028540731075 0.3700046696508251 0.014553596389028834 0.3854079240770984 0.019087144872593532 0.6451339782785137
0 0.7505448883752224 0.5639965078946533 0.7492154875980356 0.48783621591163645 0.08465493154927183 0.4994363200695339 0.08598433232645857 0.5755966120525507
0 0.7320794154063687 0.6502606978372925 0.7279424780659982 0.5364066854882932 0.011056292077984987 0.5624550712273801 0.015193229418355358 0.6763090835763794
0 0.7324624692964697 0.7334575896128166 0.7302147532669439 0.6512725141568969 0.022152095526207918 0.670637633393979 0.024399811555733692 0.7528227088498987
0 0.7289400120559705 0.814954157344752 0.726024927951593 0.7283708727924786 0.020868360085719236 0.7521120684829945 0.02378344419009665 0.8386953530352679
0 0.7231431019529351 0.853348333024776 0.7221297810031202 0.8163903142833406 0.03052197483437153 0.8353529292424746 0.031535295784186394 0.87231094798391
0 0.7335655703529241 0.9959992462508552 0.731077226414786 0.853442849063517 0.016129904511631883 0.8659223650280505 0.01861824844976997 1.0084787622153888