0 0.8924528333488876 0.055633323804370985 0.8913071855536092 -0.003056363253212477 0.02202014438832824 0.01391249161898793 0.02316579218360653 0.07260217867657139
0 0.8852244983696428 0.05544615445718687 0.027119585916812915 0.04383514508571117 0.02561451230824106 0.15506673708592372 0.8837194247610711 0.1666777464573994
0 0.845629522621454 0.2531275255308125 0.8446773927620193 0.1764261223022864 0.019088340648889014 0.18667453960695216 0.020040470508323797 0.26337594283547827
0 0.8301388247095073 0.18043005599592798 0.8293946898264688 0.12048420896689041 0.025460594603953817 0.13046380611278274 0.026204729486992335 0.19040965314182032
0 0.822739992564723 0.38656498766783043 0.8217098512791509 0.25277082860961164 0.021243678489755065 0.2589339769719812 0.0222738197753272 0.3927281360302
0 0.9003393542914037 0.6408454652845416 0.9002784502139493 0.38328880576602703 0.01831369364484003 0.38349736278779634 0.01837459772229431 0.6410540223063108
0 0.7494881817070553 0.4965411428180042 0.08492762735482684 0.48494118544043274 0.08359824371332543 0.5611014592230877 0.748158798065554 0.5727014166006592
0 0.726601865192447 0.5473047311306309 0.009448614369227944 0.5450713111199273 0.00909428088429198 0.6588481239807148 0.726247531707511 0.6610815439914184
0 0.7247614566737204 0.6586269841136597 0.016419507294498724 0.6574583112563595 0.016283686241006443 0.7397805361600167 0.724625635620228 0.740949209017317
0 0.7179399144786467 0.7385330577471152 0.012384543811253885 0.7348659054265324 0.011935143575326644 0.8213299304570711 0.7174905142427195 0.8249970827776538
0 0.7109109053046037 0.8232333066456053 0.019076963254744984 0.8204587935987938 0.01892614846966498 0.8580649556607144 0.7107600905195237 0.8608394687075259
0 0.7185722513655075 0.8611085873857851 0.003105502743460521 0.8532012179564463 0.0015445232979627646 0.9944402100784464 0.7170112719200098 1.0023475795077852