0 0.14566262765958254 0.999747802139094 0.0026213326886556643 0.1982011543005698 -0.05422382200506544 0.2083455477206401 0.08881747296586145 1.0098921955591644
0 0.24151641905159255 0.9942256959312097 0.11003027756973646 0.171624286470281 0.0005233761050026764 0.1891280735701201 0.13200951758685878 1.0117294830310488
0 0.3393479711859116 0.9992430241396368 0.20209856515389485 0.19724511325346875 0.12649042948870512 0.21018426380533137 0.26373983552072183 1.0121821746914994
0 0.2653938786641984 0.9991823850644368 0.1327193970951354 0.22391748375467366 0.07362798971912994 0.2340300553744552 0.2063024712881929 1.0092949566842182
0 0.46878167024261475 0.9886255946285871 0.3374739040499223 0.19897861683219953 0.2054881221366808 0.22092609295702098 0.33679588832937324 1.0105730707534086
0 0.7143365249550505 0.9537603209206033 0.576575371203875 0.08263746681704719 0.32212076538858414 0.12287743975460479 0.4598819191397596 0.9940002938581609
0 0.6254888325117394 0.9017167740015164 0.5329857498681709 0.24352343451873418 0.457555170867582 0.2541245157886035 0.5500582535111505 0.9123178552713858
0 0.734077983695977 0.9597064222692921 0.6208573131407971 0.25133829617185566 0.5083561177537824 0.269319710510966 0.6215767883089622 0.9776878366084025
0 0.8088992884158612 0.9412437997762865 0.7033873835626185 0.24081894676617063 0.6220888305441747 0.2530657497656988 0.7276007353974172 0.9534906027758145
0 0.894206968062967 0.9313903295564925 0.7847057676614544 0.2343832155725464 0.6991231215656853 0.24782841906187603 0.808624321967198 0.9448355330458222
0 0.9266272852617412 0.9195995477219918 0.8235202241100625 0.23545784251906882 0.7869611775637374 0.24096765988472835 0.8900682387154161 0.9251093650876514
0 1.0633542706208508 0.9158256445130151 0.9638376778270287 0.20772829897468686 0.8226471128503843 0.22757133898838489 0.9221637056442062 0.935668684526713