0 0.06971196710207084 0.2823599192816346 0.026663993465975012 0.2756390958216738 -0.043047973636095735 0.7221556484150392 8.881784197001253e-17 0.728876471875
0 0.15235288456653112 0.27183056793821525 0.0667494732082361 0.2588151106585638 -0.02668760056851538 0.8733561206875864 0.05891581078977963 0.8863715779672379
0 0.19297637879088927 0.2788954892612814 0.13904540277862615 0.2720461861511279 0.06128942346407638 0.8842918099440935 0.11522039947633951 0.8911411130542468
0 0.22732823906494767 0.2813759949724168 0.18224356326584762 0.27634303076309163 0.11353769991996021 0.8918017238146646 0.15862237571906027 0.8968346880239897
0 0.30052875021637354 0.3102563764554108 0.2204441839256313 0.3013804814302483 0.15456976700378838 0.8957457926338634 0.23465433329453064 0.9046216876590257
0 0.35665747412377885 0.2967598067454447 0.2996999249276491 0.2907822125261713 0.23519152250629238 0.9054509855638935 0.29214907170242216 0.9114285797831668
0 0.4186267473972364 0.3049655637846289 0.349109748426038 0.2977624641312023 0.28536265556627105 0.9129846326376658 0.3548796545374694 0.9201877322910924
0 0.46733149139497376 0.3130935355100397 0.40787454955087554 0.3078128510760923 0.3532774558711725 0.9225392685273055 0.4127343977152707 0.9278199529612531
0 0.5836997964162809 0.34978280913933635 0.5060234706697043 0.3412027915126442 0.4406986024481937 0.9325996818337814 0.5183749281947703 0.9411796994604733
0 0.5243426657782538 0.33978163953419793 0.45629198376323404 0.33278471667467835 0.3950571086197888 0.9283429499552595 0.46310779063480856 0.9353398728147791
0 0.7120390959541849 0.3594989471666058 0.555467729185422 0.33820179190177735 0.4738272562854946 0.938402159821325 0.6303986230542575 0.9596993150861535
0 0.8167300809649218 0.36538419785017356 0.6909724201170836 0.35423315444214154 0.6362658232111482 0.971195478782173 0.7620234840589866 0.9823465221902051
0 0.8833800812727313 0.3792451213453922 0.7782451034100675 0.36777017450000227 0.711506670737622 0.9792365051196823 0.8166416486002859 0.9907114519650723
0 0.9781592282225084 0.4808695046617494 0.8781857122322725 0.4663527294785979 0.8028504954558484 0.9851681278025286 0.9028240114460843 0.99968490298568
0 1.0048260404002618 0.4999451714402071 0.9805188719870024 0.49652902135439037 0.9102527582069498 0.996498348957461 0.9345599266202094 0.9999144990432779