0 0.6400313159741298 0.038439243461039094 0.6387024843155967 -0.004556491156654244 0.03941875149195813 0.01396504833326915 0.04074758315049111 0.0569607829509625
0 0.6643347381915847 0.11801321914561094 0.6622875850361244 0.03145020589948453 0.04081255991307849 0.04614764434358067 0.04285971306853881 0.13271065758970707
0 0.6644313445495431 0.15924636155442345 0.6618115756311561 0.10494534941232674 0.04536515425099385 0.13468599532066794 0.047984923169380835 0.18898700746276464
0 0.6679536609292611 0.19350707568818476 0.6650812913747925 0.14823337340414067 0.047042150204181635 0.18744458704491349 0.04991451975865026 0.2327182893289576
0 0.6522231721202854 0.27061053251243455 0.6470576833741966 0.19020134847599007 0.05028314514482102 0.22853816532242158 0.0554486338909098 0.30894734935886603
0 0.6752613496241546 0.32354287856744446 0.6712575559169547 0.26641264430371436 0.054725217310935506 0.30962038411799225 0.058729011018135366 0.3667506183817224
0 0.677941106978367 0.3859956172356953 0.6729632752636806 0.3162839305497433 0.056018148877691555 0.36033750552893296 0.060995980592377916 0.43004919221488497
0 0.6783941078265625 0.43537183225416654 0.6732699771834793 0.37590119441164266 0.0584019500883717 0.4288796761194229 0.06352608073145494 0.4883503139619467
0 0.6624693717351291 0.5563432675215237 0.657430687072974 0.47835711531220093 0.06367489942532803 0.5167196719396364 0.06871358408748303 0.5947058241489592
0 0.6620113427546575 0.49615122034600334 0.6570850898204232 0.42791937770384936 0.059941400348201834 0.4710323985239052 0.06486765328243602 0.5392642411660592
0 0.6751867281970878 0.6844199929623171 0.668971999000924 0.526529085798731 0.06371330461287825 0.5503526165315564 0.06992803380904207 0.7082435236951425
0 0.6856770250244825 0.790021502408937 0.6770876214755297 0.6632047309538917 0.060779100554700816 0.7049478106436606 0.06936850410365354 0.8317645820987061
0 0.6854935942705325 0.8565868119087116 0.6785377139117165 0.7510564670227285 0.06477192152160334 0.7915119533078551 0.0717278018804194 0.8970422981938382
0 0.6018713387640824 0.9675729396167208 0.5988073525427247 0.8665974337289629 0.07479210141144717 0.8824980771090744 0.07785608763280498 0.9834735829968322
0 0.587719415600902 0.9972415435582448 0.5868594730365994 0.9726159815416802 0.08228421959500722 0.9902361169536708 0.08314416215930989 1.0148616789702354