0 0.6907476202791311 0.012117424086509666 0.09356858966700733 -0.029641401752532583 0.09052690714031977 0.013856684848811616 0.6877059377524436 0.055615510687853864
0 0.7096182431466946 0.05024606554625473 0.09003744711010722 0.006920749640577523 0.08395408129797491 0.09391692159390912 0.7035348773345624 0.1372422374995863
0 0.7019893915709908 0.12225777091871612 0.08552209317902788 0.0962845244711797 0.08316206138781815 0.15229917883427374 0.6996293597797811 0.1782724252818102
0 0.7009229497515974 0.16730676457913662 0.0821362583950109 0.142732025557713 0.0803319975233228 0.18816292979489452 0.6991186888799094 0.21273766881631814
0 0.6784620148967218 0.20641090986993987 0.08038122238128574 0.1902439823414887 0.07820145614461001 0.2708824534446198 0.676282248660046 0.287049380973071
0 0.6947300146770704 0.28620790770464144 0.07715452777949246 0.26380867354676285 0.07507137869959579 0.3212437536137713 0.6926468655971738 0.3436429877716499
0 0.6911001074283936 0.33501509733373924 0.07220033156875812 0.3211660283060502 0.0706457653685499 0.39063789467802296 0.6895455412281855 0.4044869637057119
0 0.6852757001959121 0.39459754144463083 0.06804221750883013 0.3854304158562505 0.06715847540811419 0.4449338239161896 0.6843919580951962 0.45410094950456986
0 0.6586866273744755 0.49445317320859183 0.06160982879042585 0.49313763934891125 0.06144401380792164 0.5683955114153386 0.6585208123919712 0.5697110452750193
0 0.6634461150721312 0.4445830959298133 0.06413285109925278 0.4357924574430211 0.06314944004655017 0.5028377908062037 0.6624627040194286 0.511628429292996
0 0.6649397984590328 0.5437607787689851 0.053419224096930173 0.5394277996184583 0.052333271987673936 0.6926900320253184 0.6638538463497765 0.6970230111758452
0 0.6586511774474306 0.680222845064901 0.038955108678595855 0.6714801239613248 0.03717717448516979 0.7975025393103822 0.6568732432540044 0.8062452604139583
0 0.6511449983883619 0.7682008179877496 0.03456862227642963 0.7572814857550594 0.032722536541995716 0.8615234694105716 0.6492989126539281 0.8724428016432618
0 0.5599190597027557 0.8748525522199712 0.036471980817623595 0.8406725847064062 0.029895323681780384 0.9413904091227092 0.5533424025669126 0.9755703766362742
0 0.5369818254409179 0.9791062281537174 0.033328880802751634 0.9438873843437253 0.03162043491305252 0.9683192994782537 0.5352733795512188 1.0035381432882458