0 0.10541960445908846 0.932579527710273 0.055353441513991464 0.2734751945652171 -0.01279036170734743 0.2786514596634885 0.03727580123774956 0.9377557928085443
0 0.15654028880580406 0.9361432365272024 0.10976099590618778 0.2671681733929579 0.053258343843055125 0.2711192236728933 0.10003763674267141 0.9400942868071379
0 0.20997233512314334 0.9434719025660199 0.15842858022326956 0.26354182674070176 0.1072158360558648 0.26742413350571803 0.15875959095573858 0.9473542093310362
0 0.280149218268224 0.9465004856143938 0.2530898044978661 0.2430594770652721 0.1580364590705125 0.24671591416933084 0.18509587284087034 0.9501569227184528
0 0.32325005898560544 0.9467725192730191 0.32173157976671346 0.1632389036179944 0.23239012095480013 0.16341204634713943 0.23390860017369214 0.946945662002164
0 0.3734369598664426 0.1613454402515381 0.27644958045824297 0.15897938323941624 0.2573368807946835 0.9424307727400578 0.3543242602028831 0.9447968297521797
0 0.4663893893722875 0.9374729149795685 0.4565059580861984 0.17899007513337675 0.3054987881988749 0.1809577781701268 0.3153822194849639 0.9394406180163186
0 0.5645110820039965 0.9332264906546046 0.5609964792192469 0.1592630928642638 0.42175759023158693 0.1598953829549562 0.4252721930163365 0.9338587807452969
0 0.6580656766912162 0.14481867318078007 0.5202163420623256 0.144799932712765 0.5201104499303177 0.9237111065421034 0.6579597845592083 0.9237298470101185
0 0.7262267314079722 0.9121855397052648 0.6958487993821569 0.15838303536601855 0.6121892550938594 0.16175448071817783 0.6425671871196746 0.915556985057424
0 0.7600591846723758 0.9067377951794786 0.71656408840711 0.23619605870693267 0.6840569742834299 0.2383046523726356 0.7275520705486958 0.9088463888451814
0 0.792626799539567 0.9059333957914448 0.7482815177311647 0.2423889921079912 0.7161616345581969 0.2445355933950359 0.7605069163665993 0.9080799970784895
0 0.8596954293071756 0.90712140815304 0.816870917033547 0.2432770854797325 0.7508622340353683 0.2475352971698439 0.7936867463089968 0.9113796198431514
0 0.9437043355811852 0.9048548584760908 0.9027696947782603 0.18053066978934354 0.817266090639438 0.18536284214730941 0.8582007314423628 0.9096870308340567
0 0.983982951547192 0.9013003961795668 0.9501141809447106 0.12628746922320802 0.8977140777652466 0.12857740144550184 0.931582848367728 0.9035903284018607
0 1.0288421326292578 0.8950013211038798 0.9769309330051321 0.15263659077139763 0.9282217504746516 0.15604266866620184 0.9801329500987773 0.8984073989986839