0 0.08627531961006747 0.22095072395018417 0.01797364934528215 0.21778214304710444 -0.012659106203029924 0.8780993111298268 0.055642564061755384 0.8812678920329062
0 0.1410448397623194 0.22134549511275364 0.08448183853306736 0.2183811538115465 0.04938489431892361 0.8880707397978875 0.10594789554817566 0.8910350810990947
0 0.18979160401664544 0.22367726468596083 0.13848745737479873 0.2212893699086918 0.10678438237004925 0.9024329548455885 0.15808852901189593 0.9048208496228576
0 0.28624340875405874 0.21488388793618857 0.19145296930998662 0.20692898179264563 0.132582792799869 0.9084243609774454 0.22737323224394115 0.9163792671209883
0 0.36410121833936965 0.14402361514286446 0.27540459682294793 0.133307482505745 0.18142303104495172 0.911185813393254 0.27011965256137344 0.9219019460303732
0 0.4156519506576502 0.14844556478948148 0.319675849789994 0.13427735581169184 0.20522690762448378 0.9095597669261011 0.3012030084921399 0.9237279759038908
0 0.4959514236818013 0.17608224354162064 0.34583003769783155 0.15963213544067684 0.2632039949797328 0.9136658460458994 0.4133253809637024 0.9301159541468433
0 0.6020672029043259 0.16923649548317815 0.46378912375325554 0.15289512090930849 0.3729551193304297 0.9215178335465017 0.5112331984815001 0.9378592081203715
0 0.7001731938819727 0.1667295015962006 0.5633536508026672 0.14991129293749145 0.4683231551238246 0.9230036752017705 0.6051426982031302 0.9398218838604796
0 0.736021607836846 0.18479736013313175 0.652574773173997 0.17794814133172368 0.590860854812873 0.929834055798141 0.6743076894757221 0.9366832745995491
0 0.7470994655173875 0.26455493726906204 0.714577681113935 0.26268619310236485 0.6760300901234158 0.9335305311381115 0.7085518745268681 0.9353992753048086
0 0.7778257486351452 0.2745670917951276 0.7456836784815948 0.27278326361112065 0.7088326960772395 0.9367860371335155 0.74097476623079 0.9385698653175225
0 0.845795662554297 0.28380750933189836 0.7797600521669015 0.2799895461869986 0.7413630865526502 0.9441046686045835 0.8073986969400456 0.9479226317494833
0 0.9387010279948991 0.2319972241584046 0.8532458606161517 0.22637310999778926 0.8056024665055371 0.9502869748203235 0.8910576338842844 0.9559110889809388
0 0.9923031983684705 0.18392818454791424 0.9400146061617333 0.17981508186379375 0.8791806072219466 0.9531787460261855 0.9314691994286838 0.9572918487103059
0 1.0157089128867234 0.21334904422023798 0.9669477045629662 0.21079357758661582 0.9280004631367935 0.9539512176945728 0.9767616714605507 0.9565066843281949