0 0.8231536072712512 0.04440305407858776 0.16798886505205937 -0.043523355507187486 0.15889404636257726 0.024244731126806203 0.8140587885817689 0.11217114071258145
0 0.8167619939960776 0.11060770967735185 0.15267967743020278 0.017277043114794964 0.1447968274245431 0.07336644529849208 0.8088791439904179 0.16669711186104896
0 0.809158395504139 0.1640588784570589 0.13329594929392918 0.07373220862484132 0.12648039867969224 0.12472904841716452 0.802342844889902 0.2150557182493821
0 0.816093757421978 0.21701904673723127 0.12118905948568828 0.11935655088510862 0.10786975748569327 0.21412829977675424 0.8027744554219829 0.3117907956288769
0 0.8816912758591021 0.2992140065692223 0.10832959869848198 0.1905250563669047 0.09501029241213044 0.285296797459765 0.8683719695727508 0.3939857476620826
0 0.8783341802403106 0.3491908179605902 0.11242065720112215 0.18710880483602585 0.0918470634960434 0.2843286834176401 0.8577605865352318 0.44641069654220444
0 0.8450639434264173 0.36813798098453193 0.09995577722092565 0.2702521625427707 0.07950184653237288 0.42594775797888895 0.8246100127378646 0.5238335764206502
0 0.8410424956734539 0.48678849336391766 0.08169099110417918 0.3800685988733587 0.06157612889428821 0.5231932801354415 0.820927633463563 0.6299131746260005
0 0.8372231053062491 0.5861497077587358 0.07225530626537166 0.46917787278052014 0.05057617413320133 0.6109542071891512 0.8155439731740788 0.7279260421673668
0 0.8060848470591729 0.6776468693125559 0.06096639985387494 0.5686248599112635 0.048585381784184575 0.6532437823616055 0.7937038289894826 0.7622657917628979
0 0.7177217149924835 0.7342649082900785 0.05264348771482079 0.6382624418408758 0.047966258110356555 0.6706649799105998 0.7130444853880192 0.7666674463598024
0 0.7048724181454536 0.7655867505603278 0.04683468508318835 0.6689664129887987 0.04202138087212439 0.701747666617133 0.7000591139343897 0.7983680041886622
0 0.6946762500435469 0.7977396865666027 0.0363356655088947 0.7030393809239145 0.02690289181454062 0.7686144358889418 0.6852434763491929 0.86331474153163
0 0.7415033747720925 0.8729015385434108 0.024270329101816212 0.7684133475190936 0.01154669062935203 0.855751580520842 0.7287797362996283 0.9602397715451592
0 0.778636849509 0.9635222726992849 0.012378779451714084 0.8534546723285729 0.006125540655007544 0.8969878707978174 0.7723836107122934 1.0070554711685293
0 0.7129674285796715 0.9843907770306863 0.009935469842092393 0.8902067096613123 0.0035099034963916196 0.9381700077030066 0.7065418622339708 1.0323540750723805