0 0.1704983595092881 0.9514414616681893 0.1449126246143539 0.09225945338206712 0.05107851782720465 0.09505375605275274 0.07666425272213886 0.9542357643388749
0 0.23640735176823985 0.8860394652771137 0.19918917417104406 0.07237435884425066 0.14188063517788502 0.07499573140308387 0.17909881277508083 0.8886608378359471
0 0.28643971156112663 0.8729146916058237 0.25849285384955717 0.07262125538194723 0.19116580200198813 0.07497236742780078 0.21911265971355753 0.8752658036516772
0 0.369956554298983 0.8843239581321092 0.33486953033342615 0.18445287090732662 0.23736410162131497 0.18934116444658372 0.2724511255868718 0.8892122516713663
0 0.43179583804199095 0.8772749922714675 0.4007605727029155 0.11421141134379575 0.3289887176956176 0.11713051090470153 0.3600239830346931 0.8801940918323734
0 0.47066774630625086 0.8254406799204841 0.45253635600158615 0.30622591386645104 0.4076516575024772 0.30779332303969065 0.42578304780714193 0.8270080890937237
0 0.5250324550623225 0.8647409633141075 0.5114650231631881 0.33772500353675816 0.45393173344707566 0.33920613323629567 0.46749916534621005 0.8662220930136451
0 0.7329832222623399 0.9667627161787433 0.707013084332376 0.22307540168643247 0.5254340662789075 0.22941628185494145 0.5514042042088715 0.9731035963472522
0 0.8704147555828552 0.8642001287383309 0.8080310351114098 0.20958087299809539 0.6348146968163149 0.22608799455697676 0.6971984172877602 0.8807072502972122
0 0.7759438027266077 0.8731171061227185 0.7756290718443803 0.7899912800918767 0.7106383975329521 0.7902373476889071 0.7109531284151794 0.8733631737197489
0 0.9042519581287707 0.16839446543200703 0.6669605456802509 0.156079719449258 0.6306014594927486 0.8566787353652918 0.8678928719412683 0.8689934813480408
0 0.9345212194423587 0.7568620256332191 0.9278273928923069 0.4013709476595844 0.8851269173028277 0.402174989152918 0.8918207438528795 0.7576660671265527