0 0.22111060152430193 0.0367936721683882 0.1282168211979335 0.02325140191780014 0.0042184639516587245 0.8738234216547294 0.09711224427802716 0.8873656919053176
0 0.2780155796825754 0.026635701588741588 0.22112249031929526 0.019265726320353244 0.11648377690669125 0.8270323003245819 0.1733768662699714 0.8344022755929702
0 0.3363754316707832 0.03717682372573276 0.2696629626293888 0.027800996431826673 0.15821573864639912 0.8207890972842125 0.2249282076877935 0.8301649245781185
0 0.39243133665475616 0.16082621203408046 0.2955131429814616 0.14829669720942773 0.20565161855430003 0.8433927763547373 0.30256981222759466 0.8559222911793901
0 0.4692597281571853 0.10283966105807388 0.39807135264392784 0.09325136117361912 0.2961305227935029 0.850111509789822 0.36731889830676034 0.8596998096742767
0 0.48690595393629843 0.30092780435037875 0.4424309750305788 0.29467725370154646 0.37012620012462216 0.8091524606700708 0.41460117903034177 0.8154030113189032
0 0.5394696006020052 0.3421812051990606 0.48255317635639905 0.33364928264128124 0.4043991291899426 0.8550146460647051 0.4613155534355487 0.8635465686224844
0 0.7519555435778756 0.2632299545476299 0.5720340364463727 0.23794363566029678 0.4684696776326729 0.9748423359374202 0.6483911847641758 1.0001286548247534
0 0.863587436154978 0.2851691001762303 0.6866388570711287 0.25010413274904053 0.5599416475438964 0.8894571065193414 0.7368902266277458 0.924522073946531
0 0.7148769035334714 0.8274179532376473 0.6490939654161834 0.8235060496966305 0.6439982655690765 0.9091958179109494 0.7097812036863645 0.9131077214519662
0 0.9556931576769374 0.24362990885763214 0.7241451672205882 0.19029703788466026 0.5666807361599026 0.873938700433291 0.7982287266162518 0.9272715714062629
0 0.9384544896722712 0.4771607925011586 0.8962631098817582 0.47053775865810027 0.8411248614241137 0.8217904982312871 0.8833162412146267 0.8284135320743455