0 0.8885979146696202 0.12405976831304555 0.8808965437890175 0.03050050061846622 0.02423106909776262 0.10101728322884591 0.031932439978365375 0.19457655092342524
0 0.9112963716513992 0.17722122790943273 0.9056792943871275 0.12012842056604858 0.09507713723181839 0.1998795338707688 0.10069421449609024 0.25697234121415297
0 0.9141535297585192 0.23645655788352302 0.9082820158860848 0.16934482179269345 0.11054797672015601 0.23913748027997625 0.11641949059259046 0.3062492163708058
0 0.8062831017208142 0.3188908131922199 0.7966896361331668 0.2216381001731833 0.09919437846414375 0.29044231698392886 0.10878784405179114 0.38769503000296546
0 0.8800660890573587 0.3807059626099233 0.8733947413939477 0.3091852422809846 0.11300117205525548 0.38011363672037596 0.1196725197186664 0.4516343570493147
0 0.6910244683599582 0.44246005267471017 0.6871101244554205 0.397718897277347 0.1695558482329373 0.44299902937063385 0.17347019213747497 0.4877401847679971
0 0.662652637517475 0.5029564926407538 0.658162477692418 0.44557956693455825 0.13257883962343997 0.486710291652175 0.1370689994484971 0.5440872173583705
0 0.7873793113232807 0.6922362666614343 0.7715440091455388 0.5112379522082445 0.030235062724843286 0.5760940875214334 0.04607036490258518 0.7570924019746232
0 0.7909909460020323 0.8060295306285135 0.7855072128283369 0.6256848770457138 0.13407758044786275 0.645492873648025 0.13956131362155824 0.8258375272308245
0 0.22931053388959782 0.7830226359472316 0.21832423477614982 0.7180457241367193 0.13368440496430756 0.7323566302926777 0.14467070407775554 0.7973335421031901
0 0.8522472899135206 0.6487496427950795 0.15080964985012615 0.6484805846214886 0.15071849343477622 0.8861263695696799 0.8521561334981707 0.8863954277432707
0 0.6208846393709523 0.9220792247274259 0.6178469294381068 0.8794793483372649 0.26319336846225516 0.9047689673734404 0.2662310783951006 0.9473688437636014