0 0.15414407016221365 0.9316033327269968 0.13176588502902858 0.29077557847449975 0.07467177306212561 0.2927693476256198 0.09704995819531068 0.933597101878117
0 0.18606616801126025 0.8739972188800446 0.1684111821624989 0.20741380795314387 0.12905256378573954 0.20845625191301118 0.1467075496345009 0.875039662839912
0 0.20516235543127803 0.9285391971299772 0.1885875531389218 0.1546315394305684 0.1663066261248359 0.15510873067745012 0.18288142841719213 0.9290163883768591
0 0.2230292738702199 0.9246912127226359 0.2087637817693618 0.1579517423794529 0.18633887369299348 0.15836896669279457 0.20060436579385157 0.9251084370359776
0 0.23970970770387673 0.925338548059097 0.2302672440046843 0.15881628914254117 0.2077756729744446 0.15909335329889202 0.21721813667363707 0.9256156122154477
0 0.255775856061604 0.9275803726539238 0.2509283051388632 0.15960092198637194 0.22849664871831793 0.1597425124894583 0.23334419964105874 0.9277219631570102
0 0.2769263542601875 0.9256750531978991 0.27345236904648096 0.16030347155189084 0.24838990176787118 0.16041722889908377 0.2518638869815778 0.925788810545092
0 0.28817607058505035 0.16392543600686846 0.2729500678546859 0.16388632722993618 0.2709954359635399 0.9248722962612419 0.2862214386939044 0.9249114050381742
0 0.30532884099825813 0.16188614292545658 0.2857259095732303 0.16181414400816102 0.2829122497584374 0.9278809471562915 0.3025151811834652 0.9279529460735871
0 0.3236215722808313 0.16503214083621903 0.3030946450774864 0.16490182380742413 0.2982470636220465 0.9284701200484573 0.31877399082539143 0.9286004370772523
0 0.34547180369675906 0.16320581712413437 0.3206343227583899 0.1629493319472926 0.3127243767570207 0.928931738617705 0.3375618576953899 0.9291882237945467
0 0.36291697794072497 0.16910834839056685 0.3412750488555687 0.16890288905036516 0.33410241760712356 0.9244274452979818 0.35574434669227983 0.9246329046381835
0 0.3779196726410229 0.169769222951693 0.3607692063214548 0.1695180698977244 0.3497446558540991 0.9223505698059199 0.36689512217366715 0.9226017228598886
0 0.3953712690141047 0.16791260178466821 0.37525786446097115 0.1675738641767039 0.3625573810002583 0.9216972796452971 0.38267078555339185 0.9220360172532616
0 0.4135889876456134 0.16851346279351626 0.39344201428475245 0.16802904485906803 0.37522073774872194 0.9258531196229839 0.39536771110958285 0.9263375375574322
0 0.43143249157180436 0.16652111303073905 0.41007193721391644 0.16604919705408944 0.3930420319938389 0.9368817904868024 0.4144025863517268 0.9373537064634518
0 0.4503425122626707 0.16722945482826773 0.42968359602692063 0.16668832412513213 0.4095628858299973 0.9348429754014298 0.4302218020657474 0.9353841061045655
0 0.5660573766750872 0.177813879641194 0.4508938461994349 0.17254776733098806 0.4163944468782418 0.9270080581641265 0.5315579773538941 0.9322741704743324
0 0.6825733833443337 0.1781417242996448 0.5704415741122808 0.17117291837918922 0.5230943049023972 0.9330157676853252 0.63522611413445 0.9399845736057808
0 0.8015148819523029 0.18761814035042326 0.6835201747620099 0.1788774853496234 0.62835105799016 0.9236344605243462 0.746345765180453 0.932375115525146
0 0.8627021879327712 0.14838998132303166 0.7629300957352341 0.13954543149011425 0.6930366265640681 0.9279877809467051 0.7928087187616052 0.9368323307796225
0 0.9066850850738837 0.15524273057206464 0.8611871123659383 0.15104338941493267 0.788671926485845 0.9367128134103382 0.8341698991937905 0.9409121545674701
0 0.9540821749838981 0.15815247596870266 0.9064325130296991 0.15339758436361822 0.8279173818689328 0.9402124623515024 0.8755670438231318 0.9449673539565868