0 0.15641870311240255 0.7979087794223356 0.09895162262053761 0.32879339682585035 0.04020934390052093 0.3359893818323417 0.09767642439238589 0.805104764428827
0 0.17152999695403237 0.7961384053090599 0.1049447665046519 0.3697247232437938 0.08601582089340325 0.37268051068378466 0.15260105134278373 0.7990941927490508
0 0.21995476096840116 0.7877937061632914 0.1702311570930488 0.3147051666052049 0.09836141079717824 0.3222589805250603 0.14808501467253063 0.7953475200831469
0 0.232899395850317 0.7826318110472041 0.17777657788304488 0.42171907345135573 0.1552760348772692 0.42515561976040017 0.21039885284454135 0.7860683573562486
0 0.2895191486597186 0.776990846489473 0.24233615311427298 0.32807471297826696 0.16463913124561375 0.33624100053859546 0.21182212679105938 0.7851571340498016
0 0.3991155465859446 0.31499019278033513 0.15219824096677992 0.20833605571699793 0.11196085378997785 0.30149050335882693 0.3588781594091425 0.4081446404221641
0 0.909888455076101 0.20709359788990697 0.899717539396083 0.14282710924846811 0.6215875762861921 0.18684439512602838 0.6317584919662099 0.2511108837674672
0 0.7763093326876584 0.26550423930735245 0.7677401515440684 0.21764027740014907 0.6269581112895445 0.24284476855873943 0.6355272924331345 0.29070873046594287
0 0.2851740754537565 0.7737620514921244 0.2334586923563148 0.4193017123008702 0.21745810500924234 0.42163618082371235 0.269173488106684 0.7760965200149665
0 0.33003714574491816 0.7655849159700312 0.2825361756374524 0.41660107256253964 0.2320321276446621 0.42347529129595635 0.27953309775212787 0.7724591347034478
0 0.36992653548573606 0.7649224716499872 0.3215866811740514 0.4100703523147707 0.2808248467206839 0.41562314749785756 0.3291647010323686 0.7704752668330741
0 0.39193416155709293 0.7625462190166215 0.34405952224183584 0.40426811037942123 0.3199668670124497 0.4074874730796461 0.36784150632770685 0.7657655817168463
0 0.42479198527056594 0.7556577349062161 0.3782467207194909 0.40374145281921897 0.34312998081281065 0.408386074373625 0.3896752453638858 0.7603023564606222
0 0.43689185062148966 0.7544308400401192 0.38905942877984206 0.3893661976028008 0.37515585884538866 0.3911879062672432 0.42298828068703626 0.7562525487045615
0 0.4626200609909413 0.7726924923448386 0.4090084850732748 0.341805354601608 0.38181320096475246 0.3451890296080673 0.43542477688241893 0.7760761673512979
0 0.4852181948289093 0.7668191441207208 0.4335442894688599 0.33560990720444783 0.40748418931777425 0.3387328160700157 0.45915809467782376 0.7699420529862888
0 0.5211317558246343 0.752569684262055 0.4711422542191226 0.334977094113197 0.4324601404583134 0.33960768295401256 0.4824496420638251 0.7572002731028705
0 0.5500570750121654 0.7600660919299449 0.5007870890558863 0.32172479612383453 0.4707536432151714 0.3251005845082473 0.5200236291714504 0.7634418803143576
0 0.5823944131577896 0.7706113742833232 0.5308682471495716 0.3081923342266115 0.4986248547757981 0.3117851326285013 0.5501510207840161 0.7742041726852129
0 0.5905951059377312 0.7453464889267158 0.5481304170042949 0.3413219679176892 0.5345334378315652 0.3427510680365691 0.5769981267650016 0.7467755890455957
0 0.6359967862456402 0.7475572773826392 0.5920803139035552 0.32971995216186106 0.5454620998246524 0.3346197238807992 0.5893785721667373 0.7524570491015774
0 0.6711341132893567 0.7233748176586117 0.6365761788770286 0.34970576862259495 0.5948737324562159 0.3535625247868047 0.629431666868544 0.7272315738228214
0 0.7249854366987977 0.7347128424633317 0.6781653746170191 0.28924991215019463 0.621835033240542 0.2951704723155051 0.6686550953223206 0.7406334026286421
0 0.7700241411145511 0.7334704348900122 0.7221152739719309 0.2776478970282721 0.669669780892972 0.28316013907741616 0.7175786480355921 0.7389826769391562
0 0.814683386865547 0.7302801491616066 0.7828781977672072 0.2894765194863661 0.724128004904854 0.2937155067989881 0.7559331940031936 0.7345191364742286
0 0.846754238862168 0.7123183162977282 0.8134432973547405 0.26495664701284477 0.7746118668132707 0.26784806932330857 0.8079228083206983 0.715209738608192
0 0.8718062430432383 0.6846900813982608 0.8488496517408022 0.3212283839988349 0.8161019416763393 0.3232967609458957 0.8390585329787754 0.6867584583453217
0 0.9504344934141786 0.6935604503614159 0.906880952119851 0.27917632890397537 0.8155869495045971 0.2887717185604207 0.8591404907989247 0.7031558400178612
0 0.6420183311981529 0.28739263830777084 0.6252660806018513 0.19382137586976775 0.3528562139072146 0.2425914601122161 0.36960846450351614 0.3361627225502192