0 0.12379745628642266 0.22200512645785242 0.05678097529215107 0.21281196494739954 -0.02309233476334497 0.7950739168556082 0.04392414623092662 0.8042670783660611
0 0.11610757337503026 0.27137489032973994 0.0853768261047817 0.268974096296675 0.04290704122600643 0.8125976673971478 0.07363778849625499 0.8149984614302127
0 0.1417858137536156 0.25576639150974234 0.11602530461685112 0.2536207574136848 0.06874166823489904 0.8213086727366303 0.0945021773716635 0.8234543068326878
0 0.12832020078203676 0.5026918334550364 0.1268983515625 0.5017558000000001 0.12523429296796332 0.5042835306074638 0.12665614218750007 0.5052195640625001
0 0.17798153997634808 0.3452156364185681 0.16044623376268144 0.3439894483989769 0.12920114759485252 0.79081501256322 0.14673645380851913 0.7920412005828112
0 0.2162412740529121 0.2436845073099132 0.18782459719434583 0.24111881178919786 0.1347241745789855 0.829239084959138 0.16314085143755175 0.8318047804798534
0 0.24884939268012074 0.3397290965649219 0.20014020964089668 0.33632301877576914 0.16405092386541864 0.8524238642088593 0.2127601069046427 0.8558299419980122
0 0.3028765080713346 0.23908600877516623 0.2561156930434094 0.23581617392454707 0.21421336500548982 0.8350473584137484 0.260974180033415 0.8383171932643677
0 0.3191900758453716 0.22978466256583374 0.3016547691711092 0.22855847447438463 0.25975244298991645 0.8277896569301163 0.27728774966417885 0.8290158450215653
0 0.3420967511511982 0.2661934644580467 0.3167679762312873 0.2644223023752197 0.2777721346347555 0.8220883139660472 0.30310090955466634 0.8238594760488741
0 0.3671833148449143 0.27142838670210284 0.3379578055758829 0.2693847400305086 0.298235369466787 0.8374420470156121 0.32746087873581836 0.8394856936872064
0 0.4010321985746188 0.2633532285414241 0.3659615865352357 0.26090085177602157 0.32551250906853824 0.8393494503756891 0.3605831211079213 0.8418018271410916
0 0.41417565542383394 0.24338810268430952 0.3985887174520676 0.2422981577223398 0.3569285980481121 0.8380655769068405 0.37251553601987847 0.8391555218688103
0 0.423982175014299 0.24407740153510474 0.4082220530334856 0.2429213431630682 0.36478348591786497 0.8351034794404478 0.38054360789867847 0.8362595378124844
0 0.3790711910605188 0.19108275325593166 0.10771878530866583 0.18996318090394296 0.10759806439168158 0.2192224879867406 0.3789504701435345 0.2203420603387293
0 0.40762740469379627 0.2167088277853902 0.11340077654903416 0.20160270252603807 0.11006688876723747 0.26653785590322737 0.40429351691199955 0.2816439811625795
0 0.3867903159520433 0.1552038891280087 0.07107462033824088 0.14635917738491105 0.06944249192563992 0.20461868567442537 0.3851581875394423 0.21346339741752302
0 0.4480352133742403 0.26315929801524673 0.4207580712172425 0.26125189445404295 0.3803090054397749 0.8397004932567933 0.4075861475967727 0.8416078968179972
0 0.4731111009348295 0.24054786896455393 0.44778232815850705 0.23877670814811144 0.4061222005385896 0.8345441260593448 0.431450973314912 0.8363152868757874
0 0.4792197796162153 0.29318554395461344 0.4675295735676914 0.29236808489048377 0.429260386474369 0.8396428073339453 0.4409505925228928 0.8404602663980748
0 0.49630272543876763 0.38487832771473107 0.4709739511207734 0.3831071672548325 0.4404554934766141 0.8195414394192314 0.46578426779460835 0.82131259987913
0 0.520178239917432 0.4074320715608664 0.49290109845372243 0.40552466810981835 0.46407811238791724 0.8177125919030358 0.4913552538516267 0.8196199953540837
0 0.5829454945427364 0.34890386873260026 0.5387391251756137 0.3461209980971443 0.5081834089222717 0.8315037039126931 0.5523897782893943 0.8342865745481489
0 0.6243403412384285 0.2023032146480761 0.5928503968433818 0.20020973201740694 0.5472403225882552 0.8862716467937488 0.578730266983302 0.8883651294244179
0 0.6418710399485642 0.20709959930584695 0.6223873664741815 0.2057371681625285 0.5756408415830905 0.8742436328794962 0.5951245150574731 0.8756060640228147
0 0.6723396605303352 0.27536349295810714 0.635320681103803 0.27277487383769905 0.5941449862476176 0.8616147648580474 0.6311639656741498 0.8642033839784554
0 0.6930236964848859 0.23156074764894372 0.6676949223215225 0.22978958591938267 0.6543733637159616 0.42029660952579484 0.6797021378793251 0.42206777125535594
0 0.7125073700680354 0.23292317866674397 0.6930236958794266 0.23156074744079422 0.6486992696312874 0.8654295719121098 0.6681829438198963 0.8667920031380596
0 0.7174050056565425 0.3028796752093871 0.707663168365279 0.30219845961888353 0.6686673637962487 0.8598644737989283 0.6784092010875123 0.8605456893894317
0 0.7365233861487572 0.24830198111162013 0.7150272627737098 0.24709490027538358 0.6807534614595301 0.8574549022438696 0.7022495848345776 0.8586619830801062
0 0.7850149090406059 0.24100630596344538 0.7353665233492261 0.23813541276041592 0.6986592713570379 0.8729398710578208 0.7483076570484176 0.8758107642608502
0 0.8392707884661099 0.1824270278072836 0.7821438007815915 0.17917397236132473 0.7420627717908882 0.8830379204471617 0.7991897594754067 0.8862909758931206
0 0.5274374535732289 0.9196027372908061 0.19816338237129855 0.8965776519166238 0.193803602827659 0.9589254059660736 0.5230776740295894 0.9819504913402559
0 0.8486900559174198 0.9274269095445378 0.5456199875023229 0.918789183418537 0.5440983673307875 0.972177948327493 0.8471684357458843 0.9808156744534939