0 0.07059145784265312 0.7678896587608774 0.04317692641627182 0.3240320045343446 0.008378510718353372 0.3261813022915305 0.03579304214473468 0.7700389565180633
0 0.09666947609223109 0.7467929739598189 0.07132406912737647 0.2989796044885763 0.04050621350467519 0.3007238380148414 0.0658516204695298 0.7485372074860841
0 0.15530341508890586 0.7587151185615508 0.1382172112370304 0.2694300242379746 0.06989947866930141 0.2718157308922185 0.08698568252117685 0.7611008252157948
0 0.18412831554018472 0.7333030406303567 0.16015163750915554 0.33727582337933254 0.11700967334477605 0.33988776755724964 0.14098635137580523 0.7359149848082738
0 0.21788707768071677 0.7355949175398094 0.19314645985379367 0.31199824423205985 0.15830331443843543 0.3140332954940961 0.18304393226535853 0.7376299688018456
0 0.23709580369644864 0.7349404799534744 0.2113456366841464 0.27342405855332347 0.1898270672499855 0.2746246805271081 0.2155772342622877 0.736141101927259
0 0.26803007795757616 0.7338829742897723 0.24485529034139705 0.275641969454159 0.21083175099185364 0.27736265418131306 0.23400653860803272 0.7356036590169264
0 0.2926470730103099 0.7365293604932008 0.27321588091991866 0.2819446503623685 0.24557269706219712 0.28312625635033667 0.2650038891525883 0.737710966481169
0 0.3156803521641896 0.7530688761533159 0.29429243560906954 0.26390313864718196 0.27032944000795317 0.264950878730002 0.29171735656307324 0.7541166162361359
0 0.36806437309766393 0.7512853416887626 0.35146286283966355 0.2758806754937812 0.31632802848252645 0.2771076119428103 0.3329295387405268 0.7525122781377919
0 0.3894074050545154 0.7713545689492605 0.3724963208130953 0.3757267406553127 0.33845726276938015 0.37718173784435816 0.35536834701080017 0.7728095661383059
0 0.4073040455829511 0.739431798195766 0.38667165521428426 0.34395959499045187 0.3705129942325194 0.34480261707521176 0.3911453846011862 0.7402748202805258
0 0.42427013076655146 0.7386603956551345 0.40474859705413985 0.34323714374688835 0.3844929237189964 0.34423714010009054 0.40401445743140807 0.7396603920083369
0 0.4391395618971097 0.7348465670846923 0.4197552395623071 0.3393073649006606 0.40244374503358415 0.34015575511884644 0.4218280673683867 0.735694957302878
0 0.4654187699955473 0.740936972287357 0.4509984829855339 0.32799423482877965 0.41781558561543275 0.32915300785102874 0.43223587262544605 0.7420957453096061
0 0.48493811501052103 0.7402553420413457 0.47100255440515415 0.34119303287343516 0.45148319966781897 0.3418746636480552 0.46541876027318585 0.7409369728159658
0 0.49860166194994565 0.7397782006988644 0.48454491988362436 0.3372457852700076 0.4689294380500545 0.3377910899261356 0.4829861801163758 0.7403235053549924
0 0.5169074217733618 0.7599314414460865 0.49540356815130926 0.2568576711903444 0.4778691158913653 0.2576071801431746 0.49937296951341786 0.7606809503989167
0 0.5417865941626079 0.7452188276422016 0.5257909917912532 0.28716469800502853 0.49846389760110366 0.2881189811439589 0.5144594999724583 0.7461731107811319
0 0.5652098157622444 0.7444008704385261 0.5495777493941287 0.2967570617027923 0.5261545270826713 0.2975750186555802 0.541786593450787 0.745218827391314
0 0.5846079894345401 0.740249132626599 0.5692182817549033 0.299545538171101 0.5477469932664535 0.30029533204049447 0.5631367009460904 0.7409989264959924
0 0.6160812945211626 0.7460987386551776 0.5999645333175553 0.28457450068455775 0.5687335697063975 0.2856651085904238 0.5848503309100048 0.7471893465610436
0 0.6434209943684439 0.7419661468864589 0.6333808511250922 0.3320839418101414 0.601708042455302 0.3328597733344808 0.6117481856986536 0.7427419784107983
0 0.6730051446619563 0.7409872931460526 0.6639047000146105 0.3240979250219995 0.6320291198637898 0.32479374980177245 0.6411295645111355 0.7416831179258254
0 0.7073152229562608 0.7398649352950509 0.6973712223866408 0.2777369645269229 0.660506202544404 0.2785302205111927 0.6704502031140238 0.7406581912793208
0 0.7608045510249999 0.7456332576705662 0.7556191804750942 0.261840649084082 0.6970459355700728 0.26246844697464977 0.7022313061199783 0.7462610555611341
0 0.7763443055553154 0.7268554743657393 0.7704405839680636 0.36212786797693564 0.7535205215315811 0.36240174726688834 0.7594242431188329 0.727129353655692
0 0.8031035567113347 0.729144760746492 0.787713845833438 0.2884411662742966 0.7564828818807701 0.2895317757263144 0.7718725927586669 0.7302353701985098
0 0.8206925443825034 0.7427747252388958 0.8155333225528876 0.2493205003877761 0.7826814906029775 0.249663976803628 0.7878407124325932 0.7431182016547477
0 0.8320671570530829 0.724898670128622 0.8272416701507341 0.32884190104374766 0.8132982310595003 0.32901178548446536 0.818123717961849 0.7250685545693397
0 0.8735205509458266 0.6189812449643357 0.8609179535989899 0.2580901131551059 0.8179753778191253 0.2595897011025197 0.8305779751659621 0.6204808329117495
0 0.9121000900373435 0.23573768078057475 0.8624481496770675 0.2357260038066508 0.8623301982515743 0.7372700838177747 0.9119821386118503 0.7372817607916986