0 0.8839200517028074 0.02446918066787778 0.20702468141303448 0.012424930758457475 0.20618707232833122 0.05949915421050095 0.8830824426181041 0.07154340411992126
0 0.8763134561701265 0.06982292032943874 0.21675407857847523 0.053338042128768935 0.21490554225838782 0.12729791310208693 0.874464919850039 0.14378279130275673
0 0.8656296191565176 0.14219770378904434 0.24257054389555735 0.11811092839499016 0.24192398157603684 0.13483572921654277 0.8649830568369969 0.15892250461059695
0 0.9023818472481013 0.15808423807992478 0.23036073698021015 0.13173509999279523 0.22873052276699363 0.17331286856790437 0.9007516330348848 0.19966200665503392
0 0.882476704527215 0.18277315009323333 0.22982170948598032 0.11417635008889904 0.22185958093612093 0.1899309475176107 0.8745145759773557 0.258527747521945
0 0.8408945869135523 0.20192739806506124 0.21284163712297383 0.168409792544001 0.20921233876986084 0.23641559131475423 0.8372652885604394 0.26993319683581446
0 0.8137950640092294 0.26421071738137714 0.22715389012255965 0.23021850755543216 0.22570554545656077 0.2552141939025306 0.8123467193432307 0.2892064037284755
0 0.8572310998462662 0.29009719815910195 0.21148251246638475 0.22222626161429476 0.2063785816017341 0.2707869020550949 0.8521271689816154 0.3386578385999021
0 0.8134968154534248 0.30451618570280287 0.24905800267458952 0.25890761310444843 0.24622057200817443 0.2940228536272658 0.8106593847870096 0.33963142622562026
0 0.7729511535718034 0.32608837504419175 0.2424705730165127 0.2903664372627952 0.2415526505012188 0.3039978385545659 0.7720332310565097 0.33971977633596245
0 0.8482397171700826 0.34164068259994956 0.22444871374921987 0.2910001038038309 0.2208148481006023 0.33576208625221254 0.8446058515214651 0.38640266504833115
0 0.8097524812492767 0.37573502562550487 0.21687602185790317 0.3298215673508623 0.21340520134096524 0.374639968242297 0.8062816607323388 0.4205534265169395
0 0.7913494249153508 0.41794046177316824 0.2305375186051577 0.3704451250398001 0.22794241958929082 0.4010873422815099 0.7887543258994838 0.448582679014878
0 0.7573217938531901 0.443114625067767 0.2557752681868804 0.39752035158689497 0.25447131795184985 0.41186407635960565 0.7560178436181595 0.45745834984047773
0 0.757297074709395 0.4430998034864338 0.259226023200483 0.39764925719467914 0.2579101139267932 0.412069684870725 0.7559811654357051 0.4575202311624797
0 0.7572868655798854 0.4432269713376996 0.2557494385869374 0.39729493668709115 0.2544305720924271 0.41169579903154097 0.7559679990853752 0.45762783368214943
0 0.7943332003452194 0.45614660377855276 0.25458525537002036 0.4095612585723264 0.25341537831301403 0.423115708680993 0.793163323288213 0.46970105388721944
0 0.7554024302868627 0.4605144424317028 0.26393109727426245 0.4184772727891173 0.26165862814844826 0.4450455084717224 0.7531299611610486 0.48708267811430794
0 0.7928798511302794 0.46843719125715627 0.24768771446006754 0.43841269736870203 0.24593351478843103 0.4702658859912572 0.7911256514586429 0.5002903798797115
0 0.8785556868368056 0.49925932235863046 0.22283692823942283 0.47103242024933306 0.22052820367507012 0.5246647317023856 0.8762469622724529 0.5528916338116829
0 0.667795221707328 0.4979971551981479 0.2465046962485257 0.4537177340931978 0.24466728157232182 0.4711995659488788 0.6659578070311241 0.5154789870538289
0 0.2944237248066325 0.496068013846006 0.2357193077934204 0.48989792937526716 0.2351068360381518 0.49572520734862613 0.29381125305136385 0.501895291819365
0 0.8300781976137138 0.5484397996075151 0.32936404996138624 0.49581262355044153 0.32834326422560084 0.5055247513506322 0.8290574118779285 0.5581519274077058
0 0.8677791067208689 0.5539750483463439 0.2244969587299483 0.4949594944018189 0.2222572964968083 0.5193722912970705 0.8655394444877288 0.5783878452415955
0 0.8991422210665958 0.555698721597651 0.21886162123036876 0.48419832459283496 0.21314521789821134 0.5385862504031479 0.8934258177344383 0.6100866474079639
0 0.8382978779591989 0.6035947984201129 0.23092953262879287 0.5355931731371404 0.22952355524265614 0.5481509047360005 0.8368919005730623 0.616152530018973
0 0.6992299317003949 0.5975313668234886 0.17779658206191712 0.5427264750502401 0.1737134365353256 0.5815749825484565 0.6951467861738034 0.6363798743217051
0 0.7338103750117753 0.6283431941557734 0.2615259482348654 0.5972233186923146 0.2571808347598047 0.663166044885397 0.7294652615367145 0.6942859203488558
0 0.7170926207624666 0.6267966879072681 0.2573121897458923 0.5825221118055361 0.25507445890981534 0.605760388462245 0.7148548899263896 0.6500349645639769
0 0.6518585198529526 0.6843126377740464 0.25209555810142 0.6338569824502746 0.24896210240118447 0.6586835261390886 0.6487250641527171 0.7091391814628605
0 0.7241665578276218 0.6924548233044951 0.6412897313586738 0.6837441177486496 0.6386356882827688 0.7089956505932287 0.7215125147517168 0.7177063561490742
0 0.8135589406432487 0.6723920919938108 0.23342116934568713 0.6114171474833752 0.2207634241574064 0.7318475331465368 0.8009011954549681 0.7928224776569724
0 0.7744940995404426 0.7888992737506806 0.23036108532933053 0.7095108509158485 0.22571227303109415 0.7413740893832989 0.7698452872422062 0.8207625122181309
0 0.810852483717366 0.7977961657303443 0.22726150802173767 0.7364583002770638 0.22093263801533286 0.7966734935315765 0.8045236137109611 0.8580113589848569
0 0.7463384891072204 0.849499603913894 0.2325845207991434 0.7687966265649825 0.2230358942521337 0.8295830428976666 0.7367898625602106 0.9102860202465781
0 0.7803512083236835 0.8554707374802145 0.24510504972362704 0.7992140797945217 0.23734707511823547 0.8730262520222482 0.772593233718292 0.929282909707941
0 0.821585467324293 0.861768516658047 0.23108809293729454 0.7997047064287566 0.21883865681290068 0.9162502398475564 0.8093360311998993 0.978314050076847
0 0.18045611258220995 0.11880722988969514 0.09067288410339698 0.109370631874839 0.063111666854643 0.37159808519047144 0.15289489533345596 0.38103468320532763
0 0.1763904452633579 0.12427156175304274 0.1384052314714199 0.12027915372353289 0.11513130891615322 0.34171566960674266 0.15311652270809123 0.34570807763625255
0 0.16889480159856807 0.7884169383288909 0.16040654034368904 0.5933793830703886 0.12350413911097949 0.5949854184935688 0.1319924003658585 0.7900229737520711