0 0.15228309991958527 0.23685658167607557 0.09354485146208057 0.22962777159191555 0.035815630388999466 0.6987109666365781 0.09455387884650415 0.705939776720738
0 0.14819603719370528 0.2780219448417311 0.1291142927705682 0.27631060638629434 0.09056285100376049 0.7061664052790588 0.10964459542689756 0.7078777437344955
0 0.22512271965522923 0.2408812963134607 0.15373721624980613 0.2292690124494617 0.07726924919588703 0.6993491781140897 0.14865475260131014 0.7109614619780886
0 0.20628586021991185 0.3460914516931953 0.1836223038287024 0.34398254389627986 0.14979504523472273 0.7075100455850734 0.1724586016259322 0.7096189533819889
0 0.2915823628983002 0.2708471025896309 0.21421766925335234 0.25997420496714596 0.15139648340253295 0.7069702097589423 0.22876117704748075 0.7178431073814272
0 0.446870168228108 0.2960796157659392 0.23308933136419885 0.13285886085509654 0.17151106672816555 0.2135119184500652 0.38529190359207466 0.3767326733609079
0 0.9741214242200684 0.25327748232741865 0.6940057343343079 0.22465733011306774 0.6873649119821524 0.28965343917114705 0.9674806018679132 0.31827359138549793
0 0.8278126286559895 0.3006268586276878 0.688556180770834 0.28105564056583543 0.6817908213204535 0.3291936727899315 0.8210472692056088 0.34876489085178386
0 0.2608987909842186 0.3572166176917655 0.2448087286325768 0.35561085000271425 0.2092362285079971 0.7120532849270627 0.2253262908596389 0.713659052616114
0 0.30917180800894767 0.3664691170375677 0.25850492026821 0.36092110675007516 0.2201680747806729 0.7110301631499965 0.2708349625214106 0.7165781734374889
0 0.34864227030993616 0.36957955866120107 0.30774789316966666 0.365106231945461 0.26880535134719763 0.7211121964740999 0.3096997284874671 0.7255855231898398
0 0.37185126066240237 0.36938634144735605 0.34769542723757385 0.36668153459361263 0.307472665281861 0.7258991757142791 0.3316284987066895 0.7286039825680226
0 0.4051503642610575 0.3771459586950378 0.36995310601585235 0.373157106779567 0.3299795223379241 0.7258802906715089 0.3651767805831293 0.7298691425869798
0 0.4191195780487199 0.36581354104626507 0.40518829067649353 0.36421755899286207 0.3632827547324682 0.730009932709457 0.37721404210469456 0.7316059147628601
0 0.4499820714980439 0.32449157204080753 0.4227760183865219 0.3211956025971383 0.37055406594792245 0.7522533644829003 0.3977601190594445 0.7555493339265695
0 0.47528787060978583 0.32441590465516723 0.44924636668447526 0.32114154089662994 0.39506637947841494 0.7520430697268254 0.4211078834037255 0.7553174334853627
0 0.5119221061245065 0.3328976589676847 0.4732687761778542 0.32803264943288024 0.4207485863286589 0.7453145093302765 0.4594019162753112 0.750179518865081
0 0.5438923845138193 0.3272107443066238 0.5139343825635951 0.3232205092131741 0.4556964834835995 0.760460685131506 0.4856544854338237 0.7644509202249558
0 0.5763538025262168 0.3213575470062259 0.5441990003827503 0.31704324140189316 0.4823253288874323 0.7781917661665161 0.5144801310308988 0.7825060717708489
0 0.5850884290050608 0.35767918538818344 0.5715496072788513 0.35577642807948284 0.5150105347565511 0.7580728323263176 0.5285493564827606 0.7599755896350182
0 0.6305396072349214 0.3570542412250789 0.5841207916312122 0.35053050201108704 0.5256487583501583 0.7665806293714683 0.5720675739538675 0.7731043685854601
0 0.6688787474109901 0.3872109185000675 0.6274820075917484 0.3808643776405298 0.5706146997990802 0.7517941797194077 0.6120114396183217 0.7581407205789453
0 0.7238581619805714 0.33861219466434517 0.6677687588020376 0.33072934643605023 0.6054308329023927 0.7742869233215646 0.6615202360809266 0.7821697715498594
0 0.7693093414423574 0.3379872516989432 0.7170881731720822 0.33064804517147117 0.6533005021890161 0.7845209110605584 0.7055216704592914 0.7918601175880304
0 0.825405745678486 0.36416439743942525 0.7673751812126366 0.3540645105390546 0.6915955690497719 0.7894687593383946 0.7496261335156215 0.7995686462387652
0 0.8609948263509789 0.3477672358564354 0.822617355917512 0.3411785968738199 0.7467122344238333 0.7833103578579346 0.7850897048573002 0.78989899684055
0 0.8817360937646047 0.41093303472945353 0.849460746941206 0.40501758427094553 0.7838060863076481 0.7632366171888704 0.8160814331310468 0.7691520676473784
0 0.9482169306477243 0.3841691493293694 0.8573134159564344 0.37139349317770026 0.7993246226004566 0.7840051873392243 0.8902281372917464 0.7967808434908935
0 0.6956210347697305 0.23339381275936014 0.41954396226254786 0.21461374304188938 0.41309323270462633 0.30944291879461805 0.689170305211809 0.32822298851208875