0 0.7405429206742962 0.037239555586076986 0.2970623969585183 0.0041447777650354175 0.2944707610742797 0.038873520935263584 0.7379512847900576 0.07196829875630514
0 0.7612857239304119 0.072483622486659 0.314037682374649 0.03727403439106488 0.3116215899898965 0.0679643277385635 0.7588696315456593 0.10317391583415761
0 0.785822018544468 0.10584229886048169 0.29892067117656695 0.05466690995497536 0.29177517136265024 0.12265180584775053 0.7786765187305513 0.17382719475325686
0 0.7118631772641716 0.14268200957094987 0.31622470224887855 0.11213247224479991 0.3128957719879728 0.15524451279048918 0.7085342470032658 0.18579405011663913
0 0.7317206773013086 0.18724044490502237 0.30867820548159297 0.15368349514331572 0.3059061684314004 0.18862974067566457 0.728948640251116 0.22218669043737121
0 0.7663497110369659 0.22421183078054682 0.3057410038064019 0.18548073171922347 0.30393513561150926 0.2069569778066711 0.7645438428420733 0.24568807686799446
0 0.7607303940364004 0.24439084267797817 0.30359123129192767 0.20445301481830067 0.3006169235007864 0.23849774499651538 0.7577560862452591 0.27843557285619286
0 0.750172581107122 0.2782317580189382 0.29730755807033493 0.23420788233933187 0.2946304770376241 0.2617464928054608 0.7474955000744111 0.3057703684850671
0 0.7647172753265165 0.30546393409507544 0.27736773411415394 0.25825483914553626 0.2750452482461753 0.2822303553769197 0.7623947894585378 0.3294394503264589
0 0.7462854123489959 0.3491361380492434 0.273196870997326 0.29941252241063127 0.26952204168790683 0.3343761833468128 0.7426105830395768 0.384099798985425
0 0.6441015846190594 0.35660662865370074 0.2497280712545075 0.3200258173957581 0.24653617021503216 0.3544373349089608 0.6409096835795841 0.39101814616690345
0 0.671711291666413 0.3933121331278656 0.27720151338296317 0.3588459059606858 0.2757887171839787 0.3750171541950095 0.6702984954674285 0.40948338136218937
0 0.6703121567925117 0.40742039509654465 0.276047043971967 0.37144246682765675 0.2741987108841769 0.3916974756191908 0.6684638237047216 0.4276754038880788
0 0.6718646201642692 0.4256343121499582 0.27745199377088137 0.3899971235828306 0.27589315680978455 0.4072494659999992 0.6703057832031722 0.44288665456712684
0 0.6805817704131751 0.44220312094415776 0.2688977114595782 0.4038563157805572 0.2658947775556424 0.4360952471091869 0.6775788365092393 0.4744420522727874
0 0.663338703617182 0.4739621555914719 0.2662205873768118 0.43222335931617223 0.2641790157879618 0.45164761530540776 0.6612971320283318 0.4933864115807075
0 0.6649544908512136 0.49180693159542876 0.2643831724463703 0.44970519030953116 0.2627499151407998 0.4652445958591505 0.6633212335456431 0.5073463371450482
0 0.7431138934282914 0.5118190541754629 0.24194324423789487 0.463099296425722 0.24024513512225512 0.4805674138218071 0.7414157843126516 0.529287171571548
0 0.7100327919829355 0.5279669846142089 0.25421025476068304 0.4800581064879036 0.25135205456461474 0.5072520654411117 0.707174591786867 0.5551609435674171
0 0.696814988257392 0.5540721058615524 0.2513520548056746 0.507252064500645 0.24890216883370125 0.5305611723095216 0.6943651022854187 0.577381213670429
0 0.6911160592049282 0.5750758409576582 0.2525595266587562 0.5289816924521018 0.25031379798001396 0.5503483737841145 0.688870330526186 0.5964425222896709
0 0.7026831335643915 0.5978943061472624 0.2434073970746214 0.549622480842092 0.24014088243747622 0.5807012914369911 0.6994166189272464 0.6289731167421614
0 0.6512128297174016 0.6239342171011986 0.24381585504929254 0.5790076439167459 0.24036714966434874 0.6102807199775289 0.6477641243324578 0.6552072931619815
0 0.6551097478671613 0.6550110794804465 0.24098114420967756 0.6064670179696012 0.2372754691608439 0.6380800718802019 0.6514040728183277 0.686624133391047
0 0.6968514667353423 0.6897035062571415 0.2377446734373251 0.6370195676057231 0.23359723729437265 0.6731618181044515 0.6927040305923897 0.72584575675587
0 0.7072336995885948 0.7270352264513578 0.22725930317512769 0.6708940315662347 0.220452638756197 0.7290870332070142 0.7004270351696641 0.7852282280921372
0 0.6009860895632645 0.7700718796728817 0.23896442891812236 0.7253676720483886 0.23689543459706006 0.7421227114457529 0.5989170952422022 0.7868269190702462
0 0.6727244441681024 0.7832783233721856 0.23416791350760474 0.7371841794982268 0.23090139931131698 0.7682629893616761 0.6694579299718145 0.814357133235635
0 0.708121901132153 0.8145768898469908 0.21807239143677673 0.7584595273744428 0.214447447320186 0.7901146517199144 0.7044969570155624 0.8462320141924625
0 0.6257508628730916 0.8336617932257632 0.23279546940200424 0.7840653474464376 0.23101139198069473 0.7982006919062579 0.6239667854517821 0.8477971376855835
0 0.6938170237033805 0.8483395104516515 0.33468411765535133 0.8105931197884182 0.33019266002774134 0.85332648321345 0.6893255660757707 0.891072873876683
0 0.7109334039356401 0.8955740858583052 0.21403382040451416 0.829744733777615 0.2075372716608105 0.8787826213323809 0.7044368551919364 0.9446119734130711