0 0.6319444437499999 0.11914062500000008 0.20138888906250002 0.11914062500000007 0.20138888906250002 0.17187500000000006 0.6319444437499999 0.17187500000000008
0 0.6548854851632631 0.11665151729219966 0.6518770745383808 0.06584280478382445 0.19883841191567309 0.09266746258029869 0.20184682254055536 0.1434761750886739
0 0.6986987447120858 0.11378235977257556 0.6238841763041789 0.10454599297919076 0.5876326581528396 0.3981832797277328 0.6624472265607465 0.4074196465211177
0 0.7704990127286967 0.10584705716174377 0.6982861726001812 0.09381158501053857 0.6534874719955545 0.3626038155175236 0.7257003121240699 0.3746392876687287
0 0.7568228822800909 0.5773386391734217 0.7243718920543428 0.367421306646481 0.6671641569230464 0.3762650149350503 0.6996151471487945 0.5861823474619909
0 0.8216992992359315 0.57912188069529 0.7871712917224881 0.3096415602654462 0.716324855520892 0.3187189811233684 0.7508528630343355 0.5881993015532121
0 0.75329082280677 0.8554066360723718 0.7319098693523334 0.6178776092586037 0.6842126528073222 0.62217102964825 0.7055936062617588 0.859700056462018
0 0.5911834063101381 0.165675119658724 0.5899046829321328 0.14271493105022948 0.20416162455800357 0.16419814597746835 0.2054403479360088 0.18715833458596287
0 0.5808978235089517 0.1841939370487383 0.5796160697931926 0.16292631957326206 0.21471020416384676 0.18491841387870098 0.21599195787960576 0.20618603135417718
0 0.6012365517316225 0.19616091274089115 0.6004480310348889 0.18214276700365978 0.20768170807134384 0.20423587264274282 0.20847022876807744 0.2182540183799742
0 0.6218088398902397 0.22452015535157885 0.6215151316360007 0.19501879293885066 0.2080699933379575 0.19913495029098421 0.20836370159219647 0.2286363127037124
0 0.6043627484783198 0.2558294614736255 0.6036239075183238 0.2081058082006452 0.2111452032745548 0.21418202665279829 0.21188404423455073 0.26190567992577857
0 0.5976742959090475 0.27006495869906083 0.5962846773497504 0.24140793594040666 0.21082728433109246 0.26009929657713776 0.2122169028903896 0.28875631933579193
0 0.5980220496793878 0.3029114224267153 0.5963814580045825 0.2684954548777439 0.21381667536694832 0.28673212355706895 0.2154572670417536 0.32114809110604037
0 0.5945306457545187 0.33082424591640214 0.5932184591830414 0.3016645443571776 0.2141076866226055 0.31872452913945726 0.21541987319408276 0.34788423069868174
0 0.5945250785983259 0.35815803254499556 0.5933666578775896 0.3293262280429695 0.21432921623181606 0.3445554110206271 0.21548763695255252 0.3733872155226531
0 0.5944379410074851 0.37991966223789264 0.5936106973025995 0.35638917466902265 0.21804491404505347 0.3695926592573011 0.21887215774993912 0.3931231468261711
0 0.600921644977111 0.3959090935006073 0.6002411830106366 0.3771585860858293 0.21816201692681644 0.39102436235262955 0.21884247889329084 0.4097748697674076
0 0.604747429263158 0.42879653996240047 0.6037348964307249 0.394595430730761 0.21784693017539683 0.4060197454460548 0.21885946300783005 0.4402208546776943
0 0.6528769684627178 0.46283031221917376 0.652473034024774 0.4272840816801162 0.21505171381818916 0.43225477850064564 0.215455648256133 0.4678010090397032
0 0.6703876614038714 0.4783877240983558 0.6700502460447636 0.463991335398099 0.2116482863784806 0.47473513129420314 0.21198570173758843 0.4891315199944599
0 0.6254556233064024 0.49797838330487804 0.6247544037942073 0.4755393589146342 0.2147002035990854 0.48835355267073177 0.2154014231112805 0.5107925770609756
0 0.6600572454434113 0.5112331853116504 0.6596170780259965 0.49519152834098384 0.22185715720687355 0.5072032335000595 0.22229732462428836 0.523244890470726
0 0.6913831845678231 0.5412178705121727 0.6905529569069319 0.5072707836752158 0.2006894222564526 0.5192511417684477 0.2015196499173438 0.5531982286054046
0 0.6533946468528314 0.5823282556747309 0.6527311543257495 0.5410442760939016 0.21818782457470104 0.5480280081592329 0.21885131710178296 0.5893119877400622
0 0.6253809976147118 0.6128102926518589 0.6249775883756052 0.5812547254322435 0.22888439419653972 0.5863184168235925 0.2292878034356464 0.6178739840432079
0 0.677548131101066 0.6463708168264313 0.6770562646926102 0.5917189936209538 0.20788723613422833 0.5959415148746012 0.20837910254268413 0.6505933380800787
0 0.6494331254631223 0.6558521568803887 0.649214091531064 0.6414445915229942 0.22217007093866242 0.6479368147870941 0.22238910487072067 0.6623443801444886
0 0.6285566362248322 0.6659306199124269 0.6284426686886923 0.654179300620308 0.23260868276702218 0.6580182078080491 0.23272265030316217 0.6697695271001679
0 0.6951162738137782 0.6987435853706454 0.6896055954750018 0.6305489341088217 0.2063345610933564 0.6696011350021178 0.21184523943213285 0.7377957862639416
0 0.6145833328125 0.697265625 0.22916666718750006 0.697265625 0.22916666718750006 0.708984375 0.6145833328125 0.708984375
0 0.6423611109375 0.69921875 0.22916666718750006 0.69921875 0.22916666718750006 0.728515625 0.6423611109375 0.728515625
0 0.6215277781250002 0.728515625 0.22916666718750006 0.728515625 0.22916666718750006 0.755859375 0.6215277781250002 0.755859375
0 0.6479252524632846 0.7645414643784207 0.6455707108669217 0.7184970943364165 0.23502439940813247 0.739490939331608 0.2373789410044954 0.7855353093736123
0 0.6741146658370456 0.7848317859568963 0.6732922271600361 0.7263472577408895 0.22849629041934003 0.7326022005934869 0.2293187290963496 0.7910867288094937
0 0.6736111109375001 0.763671875 0.22569444375000008 0.763671875 0.22569444375000008 0.806640625 0.6736111109375001 0.806640625
0 0.6979166671875002 0.791015625 0.21180555625000008 0.791015625 0.21180555625000008 0.84375 0.6979166671875002 0.84375
0 0.7056863275310861 0.8436867048291072 0.2119011076448633 0.8339976053053577 0.21099993994263247 0.8799237815108667 0.7047851598288553 0.8896128810346161
0 0.6918161436474348 0.8893920246624312 0.2054784932371745 0.8763651233121562 0.20453250422956676 0.9116820462628453 0.6908701546398271 0.9247089476131203