0 0.8545693766512652 0.23303052732508078 0.8510939443488972 0.16671528357077317 0.07091461894679532 0.20760272174694708 0.07439005124916334 0.2739179655012547
0 0.8171069218166833 0.17523064769973762 0.8155237937462589 0.152542827542472 0.09815258254912919 0.20260010468449213 0.09973571061955362 0.22528792484175772
0 0.8009576254953936 0.25498569576022356 0.797192134699461 0.2012317020830859 0.0726643917021872 0.2519851877504113 0.07642988249811988 0.30573918142754897
0 0.7741642753452334 0.28403378166241566 0.7722028823380332 0.25561263078441626 0.12407541265988206 0.3003410336650006 0.1260368056670822 0.328762184543
0 0.7758164144061016 0.31518264789340683 0.7737015573378179 0.2828370376250492 0.11506200303617305 0.32590094970800515 0.11717686010445683 0.3582465599763628
0 0.7383055718565281 0.3325923920987403 0.7370818865858612 0.31443524917214083 0.14791475227173673 0.35414166923700185 0.14913843754240375 0.3722988121636014
0 0.7394434884170714 0.35836814978982473 0.7377057714842723 0.3252105290034152 0.14476948448871002 0.3562849970003925 0.14650720142150905 0.38944261778680206
0 0.7402612382033813 0.37397173730102373 0.7386257398310182 0.3427645632187327 0.15262437908818943 0.373475587202199 0.15425987746055253 0.40468276128449004
0 0.7205332751584106 0.38939358234666155 0.7188939198527327 0.3652154414195919 0.14004060828644033 0.40446354781403304 0.1416799635921182 0.42864168874110276
0 0.6732405116660056 0.414901625326794 0.6714056883113293 0.38953633197587123 0.15156800317143262 0.4271393004154575 0.153402826526109 0.4525045937663802
0 0.8483749570897576 0.44004042183561803 0.845732771613086 0.40123527670561077 0.1284566106396357 0.4500735595914883 0.13109879611630734 0.48887870472149564
0 0.7496342207339433 0.4780854709232297 0.7474403816965112 0.44510498422496647 0.16495764958220532 0.48385133045186424 0.1671514886196375 0.5168318171501274
0 0.7648281336444939 0.505581891962606 0.762992818495494 0.47657007292787323 0.15989805785896355 0.5147224186719803 0.16173337300796328 0.543734237706713
0 0.7784317468198025 0.5616268082621586 0.7749278812685937 0.5055517854205505 0.1681499308270268 0.5434664977121663 0.17165379637823572 0.5995415205537744
0 0.7900300596162625 0.5920589745261748 0.7884831900798144 0.5649183454252724 0.15053803778341518 0.6012777797752744 0.1520849073198632 0.6284184088761767
0 0.9029572567099496 0.6255673075840801 0.8988685100621099 0.5475493747041664 0.11868918610842302 0.588436840928623 0.12277793275626261 0.6664547738085367
0 0.9216740950421917 0.6499897121289042 0.9202095751636123 0.6233372962791722 0.1296983858258677 0.6667749852883701 0.131162905704447 0.6934274011381021
0 0.9188201268880134 0.7325584366555128 0.9151786874144904 0.6510657631993078 0.11737232042403878 0.6867151470491116 0.12101375989756173 0.7682078205053167
0 0.7442796496407789 0.7160270731422271 0.7415197453943148 0.6633649688925258 0.10350643097722545 0.6968018336142843 0.10626633522368963 0.7494639378639857
0 0.9976874007760255 0.6235856347159148 0.9182690264013342 0.22157708803290238 0.7678335202454116 0.25129621576218886 0.847251894620103 0.6533047624452012
0 0.7149021642673933 0.9532569683753442 0.7134382001042606 0.9144300449034473 0.22027032945534505 0.9330248761308304 0.22173429361847768 0.9718517996027274
0 0.7131670661678418 0.9859220399576957 0.7117772678017018 0.9524868235310014 0.22579735937022125 0.9726875027817469 0.2271871577363612 1.0061227192084412
0 0.8576839021889455 0.8228571591159394 0.7803468482728428 0.8080068193210271 0.7460031079064063 0.9868608884588725 0.8233401618225091 1.0017112282537848
0 0.9362465022853034 0.8223612532226916 0.8595686631691809 0.8066453414155349 0.8237649087779119 0.9813316435947501 0.9004427478940341 0.9970475554019069
0 0.713352402314902 0.857711833413824 0.7123403597197119 0.8351158419229255 0.20590342158507954 0.8577984382310522 0.20691546418026965 0.8803944297219506
0 0.7297677987898299 0.904292700003464 0.728756288771712 0.8812333285042019 0.21181120197482453 0.903909364324549 0.2128227119929426 0.926968735823811
0 0.7580711983403121 0.9128406309821692 0.7546979825227258 0.8484758364052805 0.2137736494510746 0.8768244783675403 0.21714686526866087 0.941189272944429
0 0.7644146191504929 0.8356412598628061 0.7638846916390258 0.8232272338458125 0.2053161324752455 0.8470712991100712 0.20584605998671254 0.8594853251270648