0 0.8244720970666057 0.1264390671947055 0.8227557606462392 0.08067009644262327 0.10052378530911601 0.10775379578860222 0.10224012172948245 0.15352276654068447
0 0.8353027288186341 0.19790512552184392 0.8332064157198641 0.12549913640020835 0.10318144988223596 0.14663496945600346 0.10527776298100604 0.21904095857763903
0 0.8311979427709014 0.2501037009469848 0.829773980371226 0.19694243802577077 0.10392021215645661 0.2163849496743806 0.10534417455613199 0.26954621259559464
0 0.8301803126390253 0.26573077453835225 0.8298115656354434 0.2486864685294655 0.10394980496201851 0.26439020848363587 0.1043185519656002 0.2814345144925226
0 0.8410769465537147 0.3002258340016522 0.840149048622758 0.26118538791385226 0.0930220575403928 0.2789428076838042 0.09394995547134952 0.31798325377160414
0 0.8408150534267085 0.34142971312552245 0.840172601883163 0.3009980960193205 0.09702536700938266 0.3128065796343137 0.0976678185529282 0.35323819674051565
0 0.8407768320921537 0.3866040048722857 0.8402191935288432 0.34199291980745206 0.1004828882640408 0.35123962362326194 0.10104052682735121 0.3958507086880956
0 0.8266246974901643 0.4569990996465331 0.8263773096881897 0.38839021603085605 0.1145317109235529 0.39095696699287624 0.1147790987255275 0.45956585060855326
0 0.7748358424664501 0.46151718422681814 0.11818248231945332 0.45348745562060816 0.11756628091053412 0.5038790373960106 0.7742196410575308 0.5119087660022206
0 0.8094043762885278 0.5104145216810771 0.14587009317336302 0.5033722946130698 0.14544500261906126 0.5434252712472721 0.8089792857342261 0.5504674983152795
0 0.746527778125 0.5976562500000001 0.1840277781250001 0.59765625 0.1840277781250001 0.626953125 0.746527778125 0.6269531250000001
0 0.8092746770995483 0.5489476891328987 0.14940923513871435 0.5401102055036465 0.14908481050858288 0.5643339111336177 0.8089502524694169 0.57317139476287
0 0.659722221875 0.5625 0.1840277781250001 0.5625 0.1840277781250001 0.599609375 0.659722221875 0.599609375
0 0.753472221875 0.6250000000000001 0.18750000000000008 0.625 0.18750000000000008 0.65234375 0.753472221875 0.6523437500000001
0 0.7569444437499999 0.6523437500000001 0.18750000000000008 0.65234375 0.18750000000000008 0.697265625 0.7569444437499999 0.6972656250000001
0 0.7017499001842221 0.8811723522768077 0.00011999074463167614 0.8568851631973111 -0.0005033378097160201 0.8748924326143923 0.7011265716298745 0.8991796216938889
0 0.67780272988328 0.8977387997981842 0.012871752401265169 0.8665701606183227 0.009415601407241991 0.9403013827457908 0.674346578889257 0.9714700219256522
0 0.8196491140703012 0.8922358801423347 0.7494978809017837 0.8428701978020863 0.6406380405117899 0.9975657612757383 0.7107892736803073 1.0469314436159867
0 0.5843520489271948 0.9637610260920599 0.059170528151606984 0.9410368257612861 0.057061720915483984 0.9897737042946895 0.5822432416910719 1.0124979046254634