0 0.80459504345898 0.16546323396379803 0.1241150337016577 0.11334751182345397 0.11217715079596377 0.26922160015081875 0.792657160553286 0.3213373222911628
0 0.8715391256727714 0.05700412138786546 0.12538122802167695 0.04285472328370026 0.12250300650699882 0.19463557633173337 0.8686609041580932 0.20878497443589855
0 0.6014547199921516 0.0041586699888717564 0.299761678125 0.0034190093750000364 0.29964309187412275 0.05178801277984034 0.6013361337412744 0.052527673393712074
0 0.7072631492993855 0.2937169771697022 0.16229952288034394 0.1895086081573366 0.15072611331197136 0.25003241548863403 0.6956897397310129 0.35424078450099955
0 0.7359247077864695 0.3660358111197858 0.16675542575489016 0.213548041758911 0.15329405889337436 0.26379336008080473 0.7224633409249537 0.41628112944167944
0 0.7125976616158333 0.41321765191370974 0.18627697358200626 0.267130832356872 0.1763770109398694 0.3027983564026769 0.7026976989736964 0.4488851759595146
0 0.7223687716201617 0.4535853072316461 0.17357163757636818 0.29214754602302717 0.1573325032792227 0.3473514233247518 0.7061296373230161 0.5087891845333706
0 0.7679556880307238 0.5278452525191936 0.17504750589935897 0.3416800005035302 0.1496989677859205 0.42241126205636775 0.7426071499172853 0.6085765140720311
0 0.7461659976948102 0.6112354589638598 0.1802467293160371 0.41025064759299906 0.16310945976409058 0.4585045976337905 0.7290287281428636 0.659489409004651
0 0.6398370441367187 0.6106012403947798 0.17168798747537545 0.4521012124936531 0.16307184446895165 0.47755003590353134 0.6312209011302949 0.636050063804658
0 0.7131645628805208 0.6631772724640388 0.18536227097276317 0.4797175248266172 0.17548551161822717 0.5081323476478504 0.7032878035259847 0.6915920952852719
0 0.820533294705473 0.7317718189463681 0.16326441001092182 0.49834442484907876 0.15408372939643414 0.5241947571614304 0.8113526140909852 0.7576221512587198
0 0.7122808381705007 0.7204963360598394 0.1948376281277343 0.5367276778495779 0.18412683432481342 0.566886397957053 0.7015700443675799 0.7506550561673146
0 0.6626445968403363 0.7211664200844317 0.16659093708604517 0.5626134640101925 0.15860636477647982 0.5875942427594586 0.6546600245307709 0.7461471988336977
0 0.7507533693123817 0.7655977036631565 0.16666390613540444 0.5866013501413414 0.15757820626256058 0.6162492254019385 0.7416676694395379 0.7952455789237536
0 0.7494275597328107 0.7879422341042325 0.17342894186043747 0.6178047069808328 0.16105119558660658 0.6597094229282469 0.7370498134589798 0.8298469500516464
0 0.7745209659324364 0.821384190611211 0.17868644428851016 0.6674591724525377 0.15964843693070563 0.7411541581201541 0.7554829585746318 0.8950791762788274
0 0.6930889998841202 0.871637065935216 0.17676737279159985 0.7449076355975124 0.15268154882015966 0.8430382102371915 0.66900317591268 0.9697676405748951
0 0.7920055897045707 0.8770934641644631 0.1624787501987483 0.8471724983592738 0.15861182589147305 0.9285312570844033 0.7881386653972954 0.9584522228895926
0 0.6513861877956841 0.9212020723311483 0.17373447985113497 0.8784524515658572 0.16834310692085733 0.9386915470762427 0.6459948148654066 0.9814411678415338