0 0.8216859080786942 0.1818629776743764 0.14486599801027472 0.09420510738385385 0.124786656378329 0.24924079502405339 0.8016065664467484 0.3368986653145759
0 0.8942145572536809 0.07705608763332764 0.14981976503906097 0.023875193102025998 0.13900189182325773 0.1752974013152071 0.8833966840378776 0.22847829584650872
0 0.627266010984689 0.010147933126282616 0.32615201306113895 -0.0063731466927556355 0.3235021512344249 0.04192336281671214 0.6246161491579751 0.058444442635750396
0 0.7177751212189415 0.30484699735250176 0.17901219385221373 0.17226024798336353 0.16428707401824705 0.23209540274295648 0.7030500013849748 0.36468215211209476
0 0.7426125242958891 0.3785667488600447 0.18220386367448585 0.19649993842057756 0.1661313080940104 0.24597188404249523 0.7265399687154137 0.4280386944819624
0 0.7168481410459554 0.42446308689438633 0.19889435354652849 0.2510309685710276 0.18714126429216452 0.2861314860124774 0.7050950517915915 0.4595636043358361
0 0.7244931802224391 0.4652868012668909 0.18489715378935384 0.2753484569696211 0.1657911271295815 0.32962678662802036 0.7053871535626668 0.5195651309252902
0 0.7661311550026413 0.5418308084525997 0.18377867005455578 0.3248902739681384 0.15423972372052108 0.4041842558016966 0.7365922086686065 0.6211247902861577
0 0.7400070219986299 0.6239663463008778 0.18538205268656333 0.39363906357452094 0.16574285352947674 0.44092998847443204 0.7203678228415432 0.6712572712007888
0 0.6338569800180853 0.6177681716560224 0.1746447565508312 0.4349843308649731 0.16470853358904436 0.45994734192438375 0.6239207570562983 0.6427311827154331
0 0.7043323903111853 0.674109814473206 0.186854974341743 0.4632784553041236 0.17550463340644742 0.49113742809032324 0.6929820493758897 0.7019687872594055
0 0.807964016341084 0.7482295995086503 0.16381253994441225 0.4807233158493622 0.15329153978982343 0.5060577404843354 0.7974430161864953 0.7735640241436235
0 0.7004500295537335 0.7313040705736471 0.1933336639913027 0.5207063798466047 0.18105916399848634 0.5502632083377628 0.6881755295609171 0.7608608990648051
0 0.6508467417355949 0.7293754781664038 0.16377092597925919 0.5450783729634038 0.1544899027068461 0.5696070381124566 0.6415657184631817 0.7539041433154565
0 0.7365094111139969 0.7783571277706061 0.16258836723034625 0.5690372042058179 0.15196346918212184 0.5981689393753414 0.7258845130657725 0.8074888629401296
0 0.7340159973869215 0.8006016452376052 0.16771107332324978 0.6005518516731738 0.1531571673510096 0.6417513374091326 0.7194620914146813 0.841801130973564
0 0.7573247953581517 0.8353110621476023 0.17036265757127156 0.6504134214849673 0.14749384288164363 0.7230110398795032 0.7344559806685238 0.9079086805421384
0 0.6733743978926434 0.8812332462601024 0.1643928758718339 0.7276553094754096 0.1352043038747425 0.824390843965116 0.644185825895552 0.9779687807498088
0 0.7718698594094142 0.8918590624053191 0.14477170571297493 0.8290322120038833 0.13665209234071474 0.9100770920502171 0.763750246037154 0.9729039424516527
0 0.6291347054428483 0.9285477529714562 0.15437494275981836 0.860858377941973 0.14583829009111463 0.9207327554692579 0.6205980527741446 0.9884221304987412