0 0.1441058088536845 0.19643974604257547 0.07789385868848298 0.18259414521649558 -0.04232251429942955 0.7574886981725352 0.02388943586577199 0.771334298998615
0 0.13299079941412836 0.24515282812309494 0.1025023817769504 0.24061421352354917 0.02221478372397554 0.7799510016196258 0.052703201361153515 0.7844896162191716
0 0.1596952814462937 0.2313735737313219 0.13414719487222768 0.22743620391048655 0.04737883154491791 0.7904429213505673 0.07292691811898391 0.7943802911714026
0 0.1290378213399745 0.476758201913089 0.12768473026280264 0.475725266433884 0.1258483995478282 0.4781307629582951 0.12720149062500002 0.47916369843750006
0 0.18956317238793996 0.32312981168190896 0.17215611622585386 0.3206834094938692 0.1098181651902463 0.7642409815117683 0.12722522135233238 0.766687383699808
0 0.23481216085023573 0.22451487108018614 0.20664367984557525 0.21997317833661728 0.11264741049472245 0.802956721524932 0.14081589149938292 0.8074984142685009
0 0.2606411164053327 0.3226001275526945 0.21228818195754323 0.31580456582848904 0.14028543216256828 0.8281307549198036 0.18863836661035774 0.8349263166440091
0 0.3215571298634601 0.2259709427422568 0.27513831294922475 0.21944720352601593 0.19153780501254486 0.8142957318345948 0.2379566219267802 0.8208194710508356
0 0.33847978801267387 0.21783023043086538 0.3210727317158915 0.2153838282252884 0.2374722236455173 0.8102323560361084 0.2548792799422997 0.8126787582416855
0 0.3587909157578425 0.2557482310860282 0.33364739158399986 0.252214533020123 0.2558456279083905 0.8058018767209638 0.2809891520822331 0.809335574786869
0 0.3834511999416844 0.2627203532326864 0.35443943907661224 0.2586430161393538 0.27518808985921994 0.8225456661039777 0.3041998507242922 0.8266230031973103
0 0.41778091514626103 0.25702604202132495 0.38296680244769593 0.25213323748717614 0.3022657323402199 0.8263511793664436 0.33707984503878496 0.8312439839005925
0 0.43228509193936987 0.23802639743874665 0.4168121524039551 0.2358518166290388 0.33369484727983856 0.8272619085376809 0.3491677868152534 0.8294364893473887
0 0.4420196073077222 0.23939808056644699 0.42637851990419673 0.23714546794202612 0.3417372298987861 0.8248549571677446 0.3573783173023116 0.8271075697921655
0 0.4007285115168622 0.1832465878272493 0.13005790027277855 0.16544134283377318 0.1281543106802971 0.1943792068588749 0.39882492192438074 0.21218445185235102
0 0.42761381257216263 0.21095532461362804 0.13515765538498395 0.1753617840259813 0.12730224123778933 0.23990619845267286 0.4197583984249681 0.27549973904031955
0 0.41111785042659194 0.14814668748079113 0.09678819738108897 0.11730030487556789 0.09109606649385374 0.1753040439127435 0.4054257195393567 0.20615042651796678
0 0.46468296912305795 0.2601113501493636 0.4376053254486504 0.2563058355489963 0.35690425729158387 0.8305237790277037 0.3839819009659915 0.834329293628071
0 0.49127508493126804 0.23930420960943843 0.46613156205263034 0.23577051660762433 0.38301426309726294 0.827180609907178 0.40815778597590063 0.8307143029089922
0 0.4936970452684055 0.29223977967930476 0.4820923403183851 0.2906088446911247 0.40574042778620856 0.8338809087078525 0.41734513273622886 0.8355118436960327
0 0.5043422143591626 0.38490085001762286 0.47919868872602 0.38136715790515846 0.4183104566097796 0.8146094371550399 0.44345398224292226 0.8181431292675043
0 0.5265862989326786 0.4090651258056094 0.4995086560321605 0.40525961134154126 0.44200310507798307 0.8144328750978911 0.4690807479785012 0.8182383895619593
0 0.5932833758349888 0.35505791641731876 0.5493788129505196 0.34919814433847424 0.48503894527504815 0.831267024890088 0.5289435081595173 0.8371267969689324
0 0.644803733637265 0.2117019335329276 0.6135365309720193 0.2074169229406723 0.5201802990689842 0.8886260261927452 0.5514475017342297 0.8929110367850004
0 0.6619571473689188 0.21770951415467973 0.6426159742853743 0.21499128956416938 0.5493506676112627 0.878608433405536 0.5686918406948072 0.8813266579960464
0 0.687589701458173 0.2879325024569309 0.6508414713716717 0.2827678755287043 0.5686906824420641 0.867301111970906 0.6054389125285653 0.8724657388991325
0 0.7112788771164512 0.24567930591054657 0.686135351393229 0.24214561224087605 0.6595571433576475 0.43125930456670647 0.6847006690808697 0.43479299823637696
0 0.7306200505095884 0.24839752888310382 0.7112788757569934 0.2456793040337793 0.6228459674842739 0.8749121407536377 0.6421871422368689 0.8776303656029623
0 0.7306258364025342 0.3185252570449466 0.7209552489595066 0.31716614466039916 0.6431536221529395 0.8707535034373798 0.6528242095959671 0.8721126158219275
0 0.753504793011994 0.2654141427962262 0.7321452336745334 0.26271050845198474 0.6553783606495015 0.8691928839336743 0.6767379199869621 0.8718965182779159
0 0.8023871134001743 0.2615188369105449 0.7530599329784418 0.2551916410287245 0.6721603795605077 0.8858891794042707 0.7214875599822401 0.8922163752860912
0 0.8605971133106518 0.20686695250816783 0.8038362058534443 0.19963684379356303 0.7147537408870694 0.8989903043857115 0.771514648344277 0.9062204131003163
0 0.4981006099282704 0.9204945442385369 0.1712347827911662 0.8745565515595018 0.16253646460141144 0.9364483061614275 0.48940229173851557 0.9823862988404626
0 0.8180248710146968 0.9507091081571133 0.5162956039718007 0.920951324359069 0.5110534784924531 0.9741038940989715 0.812782745535349 1.0038616778970157