0 0.19350434414959725 0.8207725543341173 0.1634703170636203 0.3912658105463208 0.11086440082675197 0.394944373306959 0.14089842791272894 0.8244511170947556
0 0.16514276387520685 0.8222967362660846 0.10678106922384119 0.3722328460265307 0.056305979882840716 0.37877816507012674 0.11466767453420638 0.8288420553096808
0 0.39631342248155293 0.3444065660585679 0.10086264341764498 0.32872645567162095 0.09686757626299028 0.4040030751677409 0.39231835532689824 0.4196831855546878
0 0.3592006017951659 0.2835942059598701 0.08793813732448527 0.25765462681092494 0.08096929505950465 0.3305311109069654 0.35223175953018526 0.3564706900559106
0 0.5720618886384382 0.29452785122849734 0.559151513412322 0.23808029924947355 0.3520158585234565 0.28545523285715774 0.36492623374957267 0.3419027848361816
0 0.570452720391539 0.24380814009545632 0.5565007344908354 0.17358301830487916 0.29007627211385284 0.2265149356573523 0.3040282580145564 0.29674005744792953
0 0.8443700394090232 0.27062435727767786 0.8371786524919628 0.22318511420272022 0.6015140582480852 0.25890986801428423 0.6087054451651459 0.3063491110892419
0 0.20846784311398064 0.8156648516271059 0.16012888578078094 0.4323600372718023 0.13731382575875933 0.43523726753778214 0.18565278309195904 0.8185420818930857
0 0.22671314662637793 0.8038116391786005 0.17932007791801635 0.4413287575642727 0.1581936774345823 0.44409094303690155 0.20558674614294384 0.8065738246512293
0 0.2392764271016122 0.8104732253864764 0.18983914430020238 0.42020479873994115 0.1759101499182664 0.4219692551688562 0.22534743271967628 0.8122376818153914
0 0.24964086019612744 0.8098552608833227 0.2166942558873676 0.3977043823484901 0.1872852448176347 0.4000552861104107 0.2202318491263945 0.8122061646452433
0 0.2825836187706702 0.8040227402812915 0.24914427174791295 0.4129239496858534 0.20158840877126943 0.4169900246604694 0.23502775579402657 0.8080888152559075
0 0.30934563281547683 0.801817686488126 0.2638116538887761 0.4186030910935445 0.23532137294303718 0.42198833755281184 0.280855351869738 0.8052029329473933
0 0.34143246286150586 0.7963256801007241 0.29655384787276945 0.4159649320287455 0.26233615737850935 0.42000226386511325 0.30721477236724576 0.8003630119370918
0 0.36810608455990557 0.7944979627589103 0.32464222471635307 0.41750073008008853 0.29564508862755556 0.42084379827682944 0.33910894847110806 0.7978410309556512
0 0.393542221666273 0.7926513655743465 0.35190981526625836 0.41559957453492674 0.32322905126674295 0.4187663788070908 0.3648614576667576 0.7958181698465105
0 0.4129939814033 0.7878983811995903 0.3736245141338469 0.4141684862873264 0.35020905079709574 0.4166351188205673 0.3895785180665489 0.7903650137328312
0 0.4296072102388602 0.7867664230585796 0.3891227152751236 0.40658520914401297 0.37046534956624094 0.4085719828204408 0.4109498445299775 0.7887531967350074
0 0.45997784715137763 0.7846256754130901 0.42166317679690063 0.4004746329391343 0.38761601004418134 0.4038704481951161 0.42593068039865845 0.7880214906690719
0 0.48772825539241077 0.7860973042844858 0.45225669679174263 0.35008825826192347 0.41682523240754055 0.3529707885137079 0.4522967910082086 0.7889798345362702
0 0.5092488562756606 0.7880708572512289 0.4665547281137091 0.3315349904077703 0.4522169459856767 0.33287582505448654 0.49491107414762814 0.7894116918979452
0 0.5306188796326089 0.7831524565263701 0.4892319653763731 0.3749910019384681 0.46689651616034833 0.37725578052348036 0.5082834304165842 0.7854172351113824
0 0.5425598252697241 0.7754047248608978 0.5000407957183399 0.33954905845421945 0.48406891763080323 0.3411071631405571 0.5265879471821875 0.7769628295472355
0 0.5738895771578252 0.7940423461814888 0.5277672496600239 0.306207801495342 0.4939607707700088 0.30940403576759085 0.5400830982678101 0.7972385804537377
0 0.6087063703342 0.7742337287068694 0.5714274378728492 0.34123608598489086 0.5302903073523184 0.34477778727612235 0.5675692398136694 0.7777754299981009
0 0.6364707772570964 0.7618302812331301 0.6037893564833994 0.3670551754459544 0.5723387978685462 0.36965880704428 0.6050202186422433 0.7644339128314558
0 0.6705689461973277 0.7804056637423117 0.6336291327057161 0.3126740550047477 0.5791447497786704 0.3169770418158441 0.6160845632702819 0.784708650553408
0 0.6813140747634189 0.7656100775696244 0.645048580395288 0.3400591888124967 0.6306913901634384 0.34128271017093165 0.6669568845315694 0.7668335989280595
0 0.6880003012697155 0.7547837526798593 0.656558763648891 0.3601817862940327 0.6448440199035627 0.36111520677229486 0.676285557524387 0.7557171731581216
0 0.7211686972585932 0.7768827568081133 0.6851442157014558 0.29209587972189105 0.6169583522977007 0.29716276683197507 0.6529828338548381 0.7819496439181972
0 0.727367680309639 0.7555955835528481 0.7004823703202845 0.3711177727675686 0.6887921652830656 0.37193523161031117 0.7156774752724202 0.7564130423955906
0 0.7468513511194974 0.7542331524991465 0.7180283629217713 0.34204522951126676 0.6888028538791058 0.34408887624429846 0.717625842076832 0.7562767992321782
0 0.7741284915197847 0.7523257492463162 0.7467587648387081 0.36092040955212656 0.7194816231235969 0.3628278130483765 0.7468513498046734 0.7542331527425661
0 0.7833859125704936 0.7447170059690159 0.7548051308666098 0.33599284619721165 0.7080443162917268 0.33926268137017207 0.7366250979956106 0.7479868411419763
0 0.8033540239289323 0.7502820998382246 0.772351122867159 0.30692030058255554 0.7139001051152346 0.3110075970599814 0.7449030061770078 0.7543693963156504
0 0.8250282466473461 0.7522471937032961 0.7937831652092109 0.3054216285463864 0.7509190845920927 0.3084189764917358 0.7821641660302279 0.7552445416486455
0 0.8555654773979423 0.7644292877159716 0.8293575403648845 0.27861982876157876 0.7767615957962363 0.2814572193846764 0.8029695328292942 0.7672666783390694
0 0.8974950298540707 0.7620680400824489 0.8750916610079612 0.2685220300395586 0.8287029068576294 0.2706277392305843 0.8511062757037389 0.7641737492734746
0 0.9302197623558198 0.7661079313905383 0.910658319738235 0.27996733881934366 0.8751352081231737 0.2813967263670505 0.8946966507407585 0.7675373189382453