0 0.7439513543676967 0.04884966419412448 0.2680906439639797 0.047072487998266424 0.26789620957238597 0.0991346796517069 0.7437569199761029 0.10091185584756497
0 0.802115805229603 0.10286841200157844 0.2744184091879433 0.09365741997862881 0.27377076129278854 0.13076114420002707 0.8014681573344484 0.13997213622297672
0 0.7564724894253028 0.13137304320313253 0.2669637221522999 0.12282864041378383 0.2659752074614755 0.17946063912291316 0.7554839747344785 0.18800504191226183
0 0.6934677655116418 0.15637542838966853 0.2764873616386587 0.1549672634026054 0.2763867844027652 0.18474980794006468 0.6933671882757484 0.18615797292712782
0 0.7344766926363662 0.18474749801236695 0.2725421280278651 0.1815875930936696 0.27228880238249803 0.21862031233923127 0.7342233669909992 0.22178021725792862
0 0.7305685590076572 0.22273174618816002 0.2757767246609718 0.21479332527901498 0.2751631634804885 0.24994422215756615 0.729954997827174 0.2578826430667112
0 0.7577285449254367 0.25836743213916236 0.2786348586396255 0.25000481700961474 0.27802129718704316 0.2851557134130539 0.7571149834728544 0.29351832854260146
0 0.7748052891154975 0.29640917648402787 0.2748344728814308 0.2771616834762644 0.2733180792427084 0.31655136217251945 0.773288895476775 0.33579885518028296
0 0.7222703552108077 0.3193131587668456 0.2847410423691027 0.30232376272886713 0.283376294555438 0.3374702253682749 0.7209056073971432 0.35445962140625337
0 0.724836222488171 0.3674895544151059 0.7248278065663613 0.34693726458240914 0.32870879273360765 0.3470994706759841 0.3287172086554174 0.3676517605086809
0 0.7280400384157607 0.36622288924482016 0.3285821017477851 0.36403153043219555 0.32848203229492745 0.38227296900068053 0.7279399689629031 0.3844643278133052
0 0.7520519434561337 0.40466963290278324 0.7520170371404554 0.3814777255245583 0.32456662683387605 0.3821210843788195 0.32460153314955437 0.4053129917570445
0 0.7204067402567438 0.40314671114233896 0.33121244858763976 0.40287821309670296 0.33119579991758397 0.427010855605368 0.7203900915866879 0.427279353651004
0 0.6887959851528677 0.42566847944247854 0.334418714831504 0.4238813676743371 0.33430777201763673 0.4458808935243133 0.6886850423390005 0.44766800529245476
0 0.7578221373068749 0.4470120486839665 0.3305103962878957 0.44436107275654885 0.3303005491515406 0.4781864063841755 0.7576122901705198 0.4808373823115931
0 0.708692374401927 0.4797603428248317 0.3299634440304101 0.4760683882414204 0.3295649472020852 0.5169470811229866 0.708293877573602 0.5206390357063979
0 0.7773802136903523 0.5209503355452116 0.3257815951762307 0.5171003837856895 0.32546208449726854 0.554578926435713 0.7770607030113902 0.5584288781952351
0 0.7732999788543167 0.5585692517375458 0.3286998954258375 0.5537172774892374 0.32832493596392587 0.5880758704076444 0.7729250193924051 0.5929278446559528
0 0.7379106801316684 0.5979170264395277 0.33172255362123887 0.5908269864197837 0.3311430791737761 0.6240250557565019 0.7373312056842056 0.6311150957762458
0 0.6818181991326433 0.6281926902121973 0.341592247350627 0.6222540206815147 0.34121729309025883 0.6437351233846346 0.681443244872275 0.6496737929153171
0 0.6816014755376452 0.6477370878629569 0.34130740757432965 0.639243915537113 0.3407824209256933 0.6602784401454592 0.6810764888890087 0.6687716124713032
0 0.7154102712681241 0.6932419841729749 0.3335239988394316 0.6865761251800924 0.3327059159891256 0.733443994808715 0.714592188417818 0.7401098538015976
0 0.7090222560710312 0.6559269250722365 0.3339081825345941 0.6521331730702407 0.3335309352620666 0.6894341777362943 0.7086450087985037 0.6932279297382903
0 0.7178998339780495 0.755840986417736 0.34294028326097986 0.7460497212940103 0.3425536014561072 0.7608578215745535 0.7175131521731768 0.7706490866982791
0 0.6863414278107388 0.7669646411985923 0.3461154746079442 0.7610259756487991 0.3457746073230116 0.7805542511442727 0.6860005605258063 0.7864929166940657
0 0.7180297957264278 0.7421232703672855 0.343086908994065 0.7355786192392395 0.34284830191721244 0.749248412241117 0.7177911886495751 0.755793063369163
0 0.755707123411848 0.772082270071305 0.3425756085812067 0.7648710297056327 0.34066675080247477 0.8742293738648181 0.753798265633116 0.8814406142304904
0 0.7000577668083767 0.7769711730715387 0.3459450409710637 0.7707901147599541 0.34533148001624997 0.8059410114549796 0.699444205853563 0.8121220697665645
0 0.7482040067267568 0.04864502660835467 0.7481867822484327 0.006581604592974991 0.2616997407004776 0.006780815334769036 0.2617169651788016 0.04884423735014872