0 0.0783701506470812 0.10968383336038359 0.03207523534901628 0.10779537264193936 0.00448450511347675 0.7841719087227956 0.05077942041154167 0.7860603694412399
0 0.1507575809996607 0.12022104394149294 0.07681839526272854 0.1161669487143883 0.04071240962152482 0.7746732316185035 0.11465159535845697 0.7787273268456081
0 0.1653442783011315 0.1291199084221505 0.14863331436529276 0.12818155723766328 0.11367634109403886 0.7507253652483427 0.1303873050298776 0.7516637164328299
0 0.2069356822725434 0.09526720722912044 0.1657289511891606 0.09169499056299679 0.10770785794471247 0.7609879842274255 0.14891458902809526 0.764560200893549
0 0.2651007057812847 0.121328193300835 0.18949660491085574 0.11204517655076322 0.10951984473994072 0.7634035879427528 0.18512394561036966 0.7726866046928246
0 0.27595493344102084 0.16077096850851516 0.20970570017207568 0.15317643850641807 0.1381081669979809 0.7777419712545781 0.20435740026692603 0.7853365012566751
0 0.2947173061944477 0.18402968660454402 0.26974673110923314 0.18212893692073828 0.22514616728427533 0.7680565513366112 0.2501167423694899 0.7699573010204169
0 0.34482787684921534 0.14511065052511601 0.2963637090169906 0.1391599992742794 0.21723327145743906 0.783625729976334 0.2656974392896638 0.7895763812271704
0 0.3451777397067093 0.18670585097080322 0.31014745601749116 0.1830880429275314 0.2519771712957169 0.7463356093306079 0.287007454984935 0.7499534173738798
0 0.3441753866084337 0.22517711084760558 0.3304731417067145 0.22402562132827336 0.28594926424085376 0.7538411887032813 0.299651509142573 0.7549926782226135
0 0.3925633881760403 0.15376005676535312 0.347896420842895 0.14904223954510828 0.28218076752667864 0.7712195734519576 0.3268477348598239 0.7759373906722022
0 0.4261477929291607 0.19248088310808528 0.3812733331279721 0.18813200346322412 0.3239176665211365 0.7799636395859074 0.36879212632232516 0.7843125192307685
0 0.454078335334309 0.21065234736418378 0.4233204875973403 0.20726543010362194 0.3617280529230084 0.766609099204068 0.3924859006599771 0.7699960164646298
0 0.4621163831212513 0.24331061334142565 0.44771428757172327 0.24173319153055126 0.3928833953075075 0.7423473861684288 0.4072854908570355 0.7439248079793032
0 0.46227321516808634 0.2433623972757189 0.4477565124558572 0.24175989046553395 0.392880259560846 0.7388699458955205 0.4073969622730752 0.7404724527057055
0 0.46176293247973954 0.24328428797433066 0.4474747789342978 0.24173873950401892 0.39331147003777556 0.7424630382939477 0.4075996235832172 0.7440085867642594
0 0.47489701553141767 0.20643213752755735 0.4613501768245503 0.2049319718242896 0.4017223420131123 0.7433849299680123 0.41526918071997965 0.74488509567128
0 0.49220503410330824 0.24694511432823166 0.4665788172459525 0.24406922847704943 0.41157598639444953 0.7341841162392415 0.43720220325180525 0.7370600020904238
0 0.5059147297854882 0.2100720255976122 0.47471759554158427 0.2065709470939499 0.41388837329192885 0.7486031838717531 0.4450855075358328 0.7521042623754154
0 0.559655612649727 0.12574096405455903 0.5085484919507779 0.12014334188592517 0.43707404002654765 0.7727156898110035 0.4881811607254967 0.7783133119796374
0 0.5183729907034392 0.3343376142049149 0.5009258901475766 0.3321953796023231 0.4493006815856336 0.7526489582663325 0.46674778214149626 0.7547911928689243
0 0.498296510735341 0.7061904203118757 0.49248081074119493 0.7054763421391991 0.48528713418551533 0.7640641358900366 0.4911028341796614 0.7647782140627133
0 0.5638859134941658 0.17200759525927717 0.5541930795338013 0.17081746495555436 0.4928352532833686 0.6705368823621825 0.5025280872437331 0.6717270126659052
0 0.5852406580614271 0.13602016308598996 0.5605427226977561 0.13318889695282626 0.4869769361719175 0.7749240624713523 0.5116748715355885 0.777755328604516
0 0.6169360972626841 0.10855537799635646 0.5626562298091738 0.1018906484417724 0.47929421524231397 0.7808197879196804 0.5335740826958242 0.7874845174742644
0 0.6220744731131063 0.16520411844902544 0.609830708482216 0.16359310575584476 0.530100903291149 0.7695429986141167 0.5423446679220392 0.7711540113072973
0 0.6404242648745597 0.3078868149130112 0.6024556615123683 0.30250852251044613 0.5289542567687698 0.8213991804342496 0.5669228601309613 0.8267774728368147
0 0.6986994813281109 0.2760180674437276 0.6327882133164723 0.267925184968724 0.5752388264018592 0.7366275387407517 0.6411500944134978 0.7447204212157553
0 0.6539352260490158 0.2880131988232997 0.6306724257771167 0.2851568869752392 0.5743925025715918 0.7435202179038861 0.5976553028434909 0.7463765297519466
0 0.7118726916842035 0.3550372356648688 0.6871819310551565 0.3513907916130455 0.6283118771589181 0.7500110332274323 0.6530026377879652 0.7536574772792555
0 0.7215391252072622 0.2823207230515684 0.6963377571492788 0.27922638365159425 0.6861819769020367 0.36193856316521966 0.7113833449600201 0.36503290256519383
0 0.7980293284038062 0.20425508928858402 0.6778381924530249 0.18949747438386852 0.6067477466317941 0.7684827300413397 0.7269388825825754 0.7832403449460552
0 0.8254231097964391 0.23579388995403666 0.7936458554197137 0.23058969451087638 0.7047730816907659 0.7732543136234461 0.7365503360674914 0.7784585090666063
0 0.8632715021290315 0.20177092659034152 0.8031759334030204 0.19439211910329987 0.7316623306515878 0.7768237161521089 0.7917578993775989 0.7842025236391506
0 0.914385183314946 0.2704565776901352 0.8537693435424553 0.2597985790868537 0.7637144090582023 0.7719731141575316 0.8243302488306931 0.7826311127608131
0 0.9339749349520231 0.2349403036563142 0.8603094002878884 0.22589531363738374 0.7947199990939133 0.7600781371830492 0.8683855337580481 0.7691231272019795
0 0.9841133032503689 0.199321659258559 0.869452061308064 0.1783010535732325 0.7619689491326544 0.7645899224263056 0.8766301910749595 0.7856105281116321
0 0.37499498380698093 0.8449760082919084 0.1132884810829681 0.812842477441896 0.10228638297852448 0.9024473400690394 0.3639928857025373 0.9345808709190516
0 0.33967762406188184 0.8441378794643348 0.11868102073795914 0.8170029070509168 0.11402628844434615 0.8549126572654394 0.3350228917682688 0.8820476296788577
0 0.7841515135578505 0.8379640669000507 0.5887504697402605 0.825603187781988 0.5864887544123791 0.8613564324877352 0.7818897982299692 0.8737173116057976