0 0.8648195805794767 0.11670439415549808 0.14371305111828475 0.06814592119594434 0.14063582466458857 0.11384357091897648 0.8617423541257805 0.16240204387853022
0 0.870522822611151 0.16212138335203732 0.14187121233235467 0.11056214962434266 0.1367567267882463 0.18284169798117628 0.8654083370670428 0.23440093170887094
0 0.8596398875802649 0.233171567270502 0.13576929323860384 0.17618487764991703 0.1315892393905695 0.22928180402873588 0.8554598337322303 0.2862684936493209
0 0.8542796341874442 0.2844135099963422 0.13061653788511476 0.22563915055381584 0.1293004498561774 0.24184356940347715 0.852963546158507 0.30061792884600347
0 0.8632456929578917 0.29803048664525555 0.11828679955637741 0.238194252508995 0.11516025638281555 0.27711959893779464 0.8601191497843297 0.3369558330740552
0 0.859113901340503 0.3375195288444657 0.11872155180226965 0.2724380712122167 0.11517204874452344 0.31281861897849206 0.8555643982827569 0.37790007661074104
0 0.8548776846714258 0.3783178570058345 0.11816854128486494 0.31073118709941583 0.11408383403248376 0.35525536893961057 0.8507929774190448 0.4228420388460292
0 0.8362676354129853 0.4229109639847318 0.1278390358119573 0.3529257708660137 0.12107603470267976 0.42138458610166474 0.8295046343037079 0.4913697792203829
0 0.7770901825879099 0.48788180517532903 0.12443518917040086 0.41928498864687924 0.11912710231681845 0.4697880522846445 0.7717820957343274 0.5383848688130943
0 0.8066208127796262 0.5426990333994393 0.14745755353307208 0.4663371662410906 0.14284811556101648 0.5061262948994358 0.8020113748075707 0.5824881620577844
0 0.7349694145056858 0.6228904461098336 0.17555084153465222 0.5640932439769747 0.1724884872250963 0.5932296282884673 0.7319070601961298 0.6520268304213261
0 0.8024640119437845 0.5810075559169424 0.14713715049852918 0.5032437592458157 0.14428243621027725 0.5273008530983033 0.7996092976555325 0.6050646497694301
0 0.6523142180730467 0.5788531411380259 0.17922567803236653 0.5291295260389697 0.17534669144992715 0.5660356137292524 0.6484352314906073 0.6157592288283087
0 0.7390176166301963 0.6508103046015109 0.17614584945339992 0.5916500899549564 0.17328764867067306 0.6188440502056272 0.7361594158474694 0.6780042648521818
0 0.7396126175004087 0.6783672031366725 0.17328764969541596 0.618844049494483 0.1685920350375479 0.6635198379435836 0.7349170028425407 0.7230429915857732
0 0.6608013326787445 0.9001728590936027 0.00017790397968053817 0.8075337601210775 -0.002324281922791416 0.8253772263083266 0.6582991467762727 0.918016325280852
0 0.6352536828700968 0.9141453911546714 0.0024708504256166774 0.8174993886927316 -0.008673378779536955 0.8904654373880694 0.6241094536649431 0.9871114398500092
0 0.7769071991788838 0.9235371134943016 0.7128216916068786 0.8670042262321751 0.5979362369525942 0.9972380251892791 0.6620217445245995 1.0537709124514056
0 0.5354137315404675 0.9700376915886839 0.015484536613031086 0.8925415511167571 0.008292889927809277 0.940791012941304 0.5282220848552457 1.0182871534132307