0 0.7461427048457705 0.03297429138750282 0.15871458980808825 0.028840490740515912 0.15824384293274504 0.09573533479747391 0.7456719579704273 0.09986913544446083
0 0.6942966926667558 0.0976424100416018 0.6940099899953863 0.06681936009554164 0.14875358559017754 0.07189109919981032 0.14904028826154694 0.10271414914587049
0 0.7120838020623913 0.12186256454661834 0.7119760950013639 0.0960130782567815 0.14232736271781293 0.0983866337729064 0.14243506977884032 0.12423612006274325
0 0.4657329296875 0.1284711453125 0.4648725934261521 0.12700225657360426 0.46226123681859266 0.12853174258660408 0.4631215730799405 0.13000063132549983
0 0.626129604408642 0.1657165723540826 0.6258228238032901 0.14814112393260376 0.17797437762534266 0.15595834794473296 0.1782811582306944 0.17353379636621177
0 0.7306856061460985 0.16644521233656379 0.14017588932406524 0.16489022565621694 0.1401007779304821 0.1934139476375521 0.7306104947525153 0.19496893431789897
0 0.6377718066332856 0.23583657086858306 0.6369196387439081 0.18701588205646252 0.11963732382390699 0.1960450741724134 0.12048949171328452 0.24486576298453397
0 0.7427406910753448 0.28088646881930834 0.7419226094665594 0.23401860696420776 0.14131965252543788 0.2445021710485848 0.14213773413422331 0.2913700329036854
0 0.7534284637662227 0.29632729266281677 0.7531216831644825 0.2787518452351602 0.15251872684860518 0.2892354097136166 0.15282550745034543 0.30681085714127315
0 0.7191546572189635 0.3223200382507 0.7187115309929337 0.2969332804323269 0.15976889456914395 0.306689632260223 0.1602120207951738 0.3320763900785961
0 0.7161260919720781 0.34776739337081636 0.7156147908724032 0.3184749799074931 0.14625707670720323 0.32841315812300864 0.14676837780687818 0.35770557158633187
0 0.7271206465584925 0.38078366954566784 0.7265070855800946 0.34563277267138176 0.14673429019684617 0.3557527410140403 0.14734785117524407 0.3909036378883264
0 0.7481553277674138 0.39213704032790964 0.7478826339070365 0.3765144190424784 0.15075137068017447 0.3869373836875454 0.15102406454055178 0.4025600049729766
0 0.7483233460139745 0.4019663203388985 0.748101420054738 0.3861654136221335 0.1543867941827563 0.39450421912369493 0.15460872014199287 0.41030512584045997
0 0.7973241710990406 0.35239955644747145 0.7725679842970853 0.08227599624754868 0.7436886053841409 0.08492272316971777 0.7684447921860964 0.3550462833696405
0 0.7741623610597499 0.3832884568152384 0.7635674635088179 0.08886486414238118 0.6985888405926904 0.09120313413816225 0.7091837381436223 0.3856267268110195
0 0.8336171818693676 0.35717015331059854 0.814911803822117 0.04188498217781191 0.7567317431043947 0.04533671454640673 0.7754371211516455 0.3606218856791933
0 0.7314104216053282 0.4275909286156548 0.7309332074006318 0.40025134268063683 0.15116041198081293 0.4103713135583413 0.15163762618550933 0.43771089949335923
0 0.7561213146781471 0.4506007040205322 0.7556781888515787 0.42521394799679263 0.15854692634069734 0.43563687418801667 0.15899005216726586 0.4610236302117562
0 0.7042163480841134 0.4612737848882002 0.7040118277081535 0.4495568201410154 0.1554842730118938 0.45913140401417624 0.1556887933878536 0.47084836876136105
0 0.6143613606361968 0.4862832808808818 0.6139182331937539 0.46089652219797655 0.17648486598392893 0.46853194866860265 0.1769279934263718 0.4939187073515079
0 0.5939743285254504 0.512033630196645 0.5934971143297737 0.4846940439019858 0.1803656019184625 0.4919052803954414 0.1808428161141391 0.5192448666901006
0 0.6577503416491173 0.5694609656592643 0.6566697833419344 0.5251802692079581 0.17047099825085196 0.537044719821335 0.17155155655803497 0.5813254162726411
0 0.8074009341348451 0.5979212051737811 0.8067419209611921 0.5663686299148061 0.11931549990665821 0.5807263507560922 0.11997451308031118 0.6122789260150672
0 0.804150702278118 0.6158032132259404 0.8038098336873706 0.5962749473494762 0.13377300986370202 0.6079705330881492 0.13411387845444964 0.6274987989646135
0 0.7388020880727257 0.6521054949078178 0.7381544402009792 0.6150017718281618 0.1479665643517613 0.6253035391441721 0.14861421222350776 0.6624072622238281
0 0.7842408830808992 0.6688931617413385 0.7837977570265043 0.6435064023301962 0.5928546209555068 0.6468393160404735 0.5932977470099017 0.6722260754516157
0 0.7845817512428553 0.6884214370214888 0.784240883939454 0.6688931609314658 0.14892099327214667 0.6799827101026585 0.1492618605755479 0.6995109861926816
0 0.7153183176187751 0.6993975474117986 0.7151478839502186 0.68963340847461 0.15620524878224198 0.699389787858098 0.15637568245079844 0.7091539267952867
0 0.7713546034017889 0.7136864218788026 0.7706835807798061 0.6921668963238123 0.15965902404778715 0.7112198860891488 0.16033004666976983 0.732739411644139
0 0.7828488302063096 0.7613575535374417 0.781381656762054 0.7116478805290283 0.14579357353215974 0.730407166212568 0.14726074697641528 0.7801168392209814
0 0.8459339085289894 0.8103014527982564 0.8441956402328572 0.7531083273754239 0.13951681476939135 0.7745256017803984 0.14125508306552373 0.8317187272032311
0 0.0843853090533958 0.5639038350007077 0.07862465108628211 0.2338759811089867 0.01613416906129661 0.23496675659627062 0.02189482702841029 0.5649946104879915
0 0.10458991958208216 0.8846158945987492 0.08678047994598867 0.5819462729084327 0.03346225717446918 0.5850835803945628 0.051271696810562685 0.8877532020848792