0 0.7544125689403097 0.08248727709535818 0.2818172165126842 0.06275956559333859 0.2792871189839242 0.12337036341234445 0.7518824714115497 0.14309807491436405
0 0.7106130594878748 0.12114516828661928 0.27956787809983796 0.09905656912542339 0.2785887679672196 0.11816329027299041 0.7096339493552564 0.14025188943418632
0 0.757362308809958 0.1440926141078333 0.2842737689841651 0.09436900861538007 0.2767199548461862 0.16623875468989252 0.7498084946719793 0.21596236018234577
0 0.6448885946264026 0.1790512424134795 0.28049146562440147 0.15662075050507238 0.27909894994133466 0.1792430237513234 0.6434960789433358 0.20167351565973052
0 0.7299059177627231 0.20601498253707531 0.28098978499471483 0.15883199062796033 0.2728234979095254 0.2365290138353497 0.7217396306775337 0.28371200574446465
0 0.8583723976625081 0.2211538964044674 0.7760511172419002 0.16214470996903887 0.6191764864562501 0.38099403245404323 0.701497766876858 0.4400032188894718
0 0.7819456414728225 0.6842782316226188 0.7167573655700351 0.6799097858418135 0.697930543010097 0.960853664967587 0.7631188189128844 0.9652221107483923
0 0.7253915008036442 0.6808002697639014 0.677046684471076 0.6757190244777715 0.6623473683468569 0.8155736660514679 0.7106921846794252 0.8206549113375978
0 0.6353832246376052 0.2401533295972797 0.27793789691145215 0.21679092448752407 0.2768883611727465 0.2328488450791549 0.6343336888988995 0.25621125018891056
0 0.6305646555027259 0.25361273194067113 0.278780214331481 0.23038023388855805 0.2754185917899873 0.2812816266073001 0.6272030329612323 0.3045141246594132
0 0.6281437322851622 0.3035010589164935 0.2710923360358119 0.27609652589910005 0.26793235166505663 0.3172677011564266 0.6249837479144069 0.3446722341738201
0 0.6279218987212998 0.34313545938447854 0.2675193296914997 0.3154737155716632 0.26565919696160495 0.3397092308423927 0.6260617659914051 0.367370974655208
0 0.6222274885113261 0.3655590686639193 0.2682895227018023 0.33814944887423387 0.2655540451691988 0.3734724252904076 0.6194920109787226 0.400882045080093
0 0.6323908451417808 0.40050731001022005 0.26535882112164105 0.3713932704643532 0.26425000627317824 0.3853717689634615 0.631282030293318 0.41448580850932837
0 0.6759530155628921 0.4161772567098881 0.2431578462215324 0.3809191423849848 0.24093161765398433 0.40824621271568573 0.673726786995344 0.443504327040589
0 0.6769777870028616 0.4428743281228476 0.24431518688908355 0.40484272459338777 0.24200412383663106 0.43113429414360277 0.6746667239504089 0.4691658976730625
0 0.6709185675807268 0.46745533298040226 0.25210387260149875 0.4292371783328279 0.24856303765461174 0.4680395151260933 0.6673777326338397 0.5062576697736677
0 0.6771657529696121 0.5070691821870708 0.23788772084553744 0.46620791609768963 0.23503206070927546 0.4969076198789762 0.6743100928333502 0.5377688859683574
0 0.6843764031012549 0.5375197418456096 0.22128975561262498 0.49240350223409096 0.21811890088889005 0.5249501084302556 0.6812055483775199 0.5700663480417741
0 0.6466327600595851 0.5664726906765671 0.24260823846260465 0.5240080041513449 0.24117913837372745 0.5376049838295035 0.6452036599707079 0.5800696703547258
0 0.6523142160364266 0.5788531362278672 0.23447688748423742 0.5349366901306697 0.22957711886252424 0.5815549029726037 0.6474144474147134 0.6254713490698013
0 0.6234453354634544 0.6231669890602605 0.25068156233249994 0.5804511867823801 0.2459381414742725 0.6218451291262082 0.6187019146052269 0.6645609314040885
0 0.6750225842923214 0.6617590996621854 0.2295596511099524 0.6149390660734821 0.22363909453872416 0.6712694078980949 0.6691020277210931 0.7180894414867982
0 0.676825058047416 0.7110456317738819 0.22100252110826224 0.6631367523558345 0.2154902778716417 0.7155822431889085 0.6713128148107954 0.7634911226069561
0 0.6549754756689831 0.7620336749894733 0.21698208516720227 0.7041036600463644 0.20926543133558292 0.7624472212962405 0.6472588218373637 0.8203772362393495
0 0.6697625254765303 0.816694975871593 0.2248695218307076 0.7604553133173878 0.21998079144815766 0.7991284106499148 0.6648737950939803 0.8553680732041199
0 0.6071331153165487 0.8457647905076854 0.24673769408811969 0.7931834836036475 0.24198825793030299 0.8257364029865325 0.6023836791587319 0.8783177098905703
0 0.6409982213209263 0.8526074479993021 0.22661410002459786 0.8090539159311094 0.21701871242805454 0.90034791825142 0.631402833724383 0.9439014503196127
0 0.7824045319224459 0.4096331368900755 0.6874079975561861 0.40649582768699677 0.6782743196215987 0.6830601360286516 0.7732708539878584 0.6861974452317303