0 0.3041577586094303 0.940343865188936 0.20894734011024574 0.164917183597619 0.14303607174126345 0.17301006922330386 0.23824649024044797 0.9484367508146209
0 0.2538781353593095 0.9184522100182063 0.15390150911991243 0.20632029889793485 0.1313793876517073 0.2094821930428031 0.23135601389110438 0.9216141041630745
0 0.3357591476453686 0.9360892730214692 0.23458879655098336 0.21686682570620025 0.18122841312476123 0.22437283270850322 0.2823987642191465 0.9435952800237721
0 0.3552656655598576 0.884997185373899 0.2654351316807967 0.24156861727731357 0.23722003159686816 0.2455077919264721 0.32705056547592903 0.8889363600230575
0 0.3852962555497343 0.8917788218102229 0.2963928740121384 0.2377476659916833 0.26427358077000135 0.2421136870235864 0.35317696230759726 0.896144842842126
0 0.3970847511796073 0.8589148661668693 0.31637683302448716 0.27395269254992366 0.2983492803993169 0.27643997515969143 0.37905719855443704 0.861402148776637
0 0.41437034206653456 0.8603437999974233 0.3420104059167052 0.27101952339695823 0.30905477247829 0.27506596713950504 0.3814147086281194 0.8643902437399703
0 0.42903256139706764 0.8515469108071441 0.35751894343715945 0.26911531503023267 0.3265018758685207 0.2729237325962156 0.3980154938284288 0.855355328373127
0 0.45381065701484397 0.8624248901203657 0.37427939043806147 0.287719446433497 0.3502745013553499 0.29104139031580245 0.4298057679321324 0.8657468340026713
0 0.47679768828541347 0.8490659911153557 0.40302427332734164 0.33311765503186175 0.3778487569265515 0.336717402697137 0.4516221718846233 0.8526657387806311
0 0.5146390422848487 0.8687783622072323 0.4158850705983127 0.1566562351119146 0.377358763009856 0.16199889438904724 0.476112734696392 0.8741210214843649
0 0.54000915267681 0.8308635803088859 0.46072525091716854 0.252502557060066 0.42797813745589525 0.256991654392371 0.5072620392155368 0.8353526776411908
0 0.5672239908490578 0.8343918802157008 0.48709481840162266 0.2354276022968398 0.4582816948130521 0.2392822090470116 0.5384108672604873 0.8382464869658726
0 0.6222033141100598 0.8206027032097121 0.5420542723069277 0.21794763082555385 0.48636026205689653 0.2253545568770588 0.5665093038600287 0.8280096292612169
0 0.6523749190099994 0.8381095733212438 0.5716032482834643 0.20425472970570882 0.5446366368323683 0.20769106577330776 0.6254083075589034 0.8415459093888428
0 0.6923629785314149 0.8646918752057697 0.5971525544551458 0.08926519339934341 0.5196098868073074 0.0987862357415502 0.6148203108835765 0.8742129175479766
0 0.718684996824425 0.8544458111795936 0.6202098475207277 0.06889032848458349 0.593724515082566 0.07221045942843261 0.6921996643862632 0.8577659421234427
0 0.793991223285124 0.8593538173987829 0.702776521505445 0.06597764186583874 0.6217363733733938 0.07529485250564713 0.7129510751530728 0.8686710280385913
0 0.7763217245893625 0.8753728253630373 0.6984607560324242 0.24124611692827772 0.6461194547613338 0.2476728205480589 0.7239804233182723 0.8817995289828184
0 0.6294840530070092 0.12085550460758823 0.5801689915938452 -0.026479934872473687 0.18794257361795397 0.10480327817257214 0.23725763503111802 0.25213871765263407
0 0.9901132264744035 0.7446731485218564 0.9371620399307409 0.25400371961192747 0.8985318192344567 0.25817254673216633 0.9514830057781193 0.7488419756420951
0 1.0239202927531639 0.7368429469812214 0.9698685739651136 0.2534559895795414 0.9366117524866846 0.2571747253352575 0.9906634712747348 0.7405616827369375
0 0.9779340146942236 0.1424498717881378 0.7971199265305812 0.12066602133492572 0.7877005221310668 0.19885059302948813 0.9685146102947092 0.22063444348270025
0 0.9674020702904406 0.06419828367564988 0.7910773415274119 0.04254838915728117 0.7815186787712564 0.12039766534596721 0.957843407534285 0.1420475598643359
0 0.8999123498499886 0.7658356230290017 0.8419577567026272 0.26221459699266497 0.8194874013094436 0.2648003911461335 0.877441994456805 0.7684214171824701
0 0.9459611358368164 0.7566939053913533 0.887280072622541 0.24258987036501897 0.8643474297484905 0.2452074570293478 0.9230284929627659 0.759311492055682
0 0.9598453945433014 0.7513883109836514 0.8938328357461762 0.2137591435719818 0.8298601341114862 0.22161400336019216 0.8958726929086114 0.7592431707718618
0 0.8791287796355164 0.7683609674023147 0.8163790212892452 0.2128163307568922 0.8040322000890884 0.2142109262503034 0.8667819584353594 0.7697555628957259