0 0.8481892644451554 0.2111103584732626 0.18158474501835858 0.06479731123137808 0.14806956087808837 0.21749301157032797 0.8146740803048852 0.36380605881221245
0 0.9295764430628555 0.11302357975287207 0.19264931692336307 -0.004833225984422529 0.16867529412709253 0.14506993498057688 0.9056024202665849 0.2629267407178715
0 0.6694751452236535 0.023103931449199876 0.37121050189311056 -0.019560387153243597 0.36436140533350525 0.028321388752351444 0.6626260486640483 0.07098570735479492
0 0.7339551270067317 0.3245699657098382 0.2087980518709533 0.14553146631819439 0.18891398792932074 0.20385555246102052 0.7140710630650992 0.38289405185266434
0 0.7522729162537036 0.4001739146207786 0.20986494589171448 0.1699570912709492 0.1895417872569996 0.2178399656239221 0.7319497576189888 0.44805678897375156
0 0.7226064435811915 0.44365008719250165 0.22173923074745505 0.2257352878800752 0.20697165321225838 0.259677890326986 0.7078388660459949 0.47759268963941254
0 0.7266643704257221 0.48498476380136435 0.2056758869307879 0.24874030278343576 0.1819118960703594 0.30114688834661024 0.7029003795652936 0.5373913493645388
0 0.7614726513025823 0.5648664899720199 0.20024380753204954 0.297996111638149 0.1639063393915599 0.3744138667946314 0.7251351831620928 0.6412842451285024
0 0.7282893441923908 0.6444126083761063 0.1958492392754974 0.36662303018849024 0.17216309700278512 0.4120223290356261 0.7046032019196785 0.6898119072232421
0 0.6230834419656939 0.6289864322079662 0.18154932047871458 0.4068751593355864 0.16947523793547686 0.4308771803025856 0.6110093594224562 0.6529884531749653
0 0.6883801730082111 0.691256014659556 0.19124707683042813 0.43612580688104624 0.17751185823694351 0.46288952022378593 0.6746449544147264 0.7180197280022957
0 0.7851574822225291 0.7741258489044563 0.1667719110635001 0.45149599847903704 0.15408290520550622 0.4758170528532345 0.7724684763645352 0.7984469032786538
0 0.6795277761071535 0.7478942626080978 0.19269594198314194 0.4938998532369891 0.17789210258074994 0.5222744159141296 0.6647239367047615 0.7762688252852383
0 0.6302813347037667 0.7416497949144853 0.1611215410053269 0.5156025414970585 0.1497380211432568 0.5392289724724821 0.6188978148416966 0.7652762258899088
0 0.7113489991955894 0.7979110485054843 0.15785533187221956 0.5393671345447031 0.14473186661635462 0.5674619939485929 0.6982255339397245 0.8260059079093741
0 0.7069263306953059 0.8198536151522571 0.16021186313726765 0.5712083322253948 0.1421225666567861 0.6109825840326771 0.6888370342148243 0.8596278669595394
0 0.7271213121744571 0.8564624359579227 0.15850763415071994 0.6211112672219258 0.1293985433118871 0.6914394805666519 0.6980122213356242 0.9267906493026488
0 0.6394879883963167 0.8948931136468014 0.1458284956671624 0.6975389236786278 0.10831993697688139 0.791362399425618 0.6019794297060356 0.9887165893937915
0 0.7366825445038429 0.9140629415470226 0.117446410421515 0.796819959887081 0.10229416804427607 0.8768487672367126 0.721530302126604 0.9940917488966543
0 0.5912929140999251 0.9381718138945845 0.12423926933527348 0.8293619953251046 0.1105167077992397 0.8882645140975189 0.5775703525638913 0.9970743326669987