0 0.6931574134947984 0.0744558632588829 0.6871790079401776 0.022551202185506568 0.21447781206467006 0.07699716901501666 0.22045621761929085 0.12890183008839298
0 0.7553446991752344 0.10591600271097748 0.7514657125196116 0.06900991494997179 0.22657915705556855 0.1241777224278519 0.2304581437111915 0.1610838101888576
0 0.7155570150746955 0.15919494164825304 0.7096364578170468 0.10286459969100976 0.22273511297278797 0.15403999097772908 0.2286556702304367 0.21037033293497237
0 0.6535760643194581 0.16523176131341305 0.65022331749181 0.13582134221549141 0.236032251064712 0.18303854709040784 0.23938499789236034 0.21244896618832948
0 0.6985692971725171 0.19534673689185186 0.6943295985037313 0.15862527880430136 0.2354367948412876 0.21160703143962625 0.23967649351007342 0.24832848952717676
0 0.6987342650341901 0.2316628839615531 0.6950594361052611 0.19669922271413376 0.24269010086083137 0.24424515641806907 0.24636492978976046 0.27920881766548844
0 0.730034702554763 0.2637229762235989 0.7263598735315674 0.2287593145640608 0.24981813248342116 0.27884587122452886 0.2534929615066168 0.313809532884067
0 0.7506207142139792 0.30525960657350065 0.7485769407994283 0.2653766421545976 0.2487993469845795 0.29098738033089405 0.25084312039913054 0.3308703447497971
0 0.7014232490054275 0.32368277794478295 0.6973401058249189 0.28483426593136885 0.26223677671622936 0.33056546898113615 0.2663199198967381 0.36941398099455025
0 0.7070083898966277 0.34115314067967223 0.7045285951768203 0.3208882343059932 0.311352682654933 0.3690007463427408 0.3138324773747403 0.38926565271641983
0 0.7121606827735721 0.3575466196776055 0.7100369342487319 0.33942895404384393 0.31328943617027577 0.3859356029030693 0.3154131846951161 0.40405326853683077
0 0.7385553375639529 0.3746628053641683 0.7356943087900286 0.3516480212854166 0.3115084556674524 0.4043796883357181 0.31436948444137663 0.4273944724144697
0 0.7098445069663009 0.40102146756422563 0.7069875886430423 0.3771558978345953 0.32058804470903 0.4234113172387781 0.3234449630322886 0.4472768869684084
0 0.6808793209945436 0.42521601465190423 0.678361431178986 0.403443910267268 0.32635663749866106 0.4441523906868535 0.3288745273142187 0.4659244950714897
0 0.7533575763333548 0.4495404709266969 0.7494297855132488 0.4158904211818079 0.32498721425904986 0.46543333858232705 0.3289150050791558 0.49908338832721605
0 0.7092250599515401 0.49518610907224714 0.70468078403731 0.4545395032522904 0.3283160953600304 0.4966169401063933 0.3328603712742605 0.53726354592635
0 0.7821008316287532 0.5237172295084689 0.7777880106985924 0.48642441911481304 0.32912908965207716 0.5383107093881243 0.333441910582238 0.5756035197817801
0 0.7822172426382278 0.5586703644419233 0.7783392698511413 0.5243219743713304 0.3364894181986698 0.574207331360841 0.34036739098575625 0.6085557214314339
0 0.7515410857831631 0.6012143858596029 0.7480704140563721 0.5681931498143361 0.3440458932098742 0.6106578376749001 0.34751656493666533 0.6436790737201669
0 0.6983314418235561 0.6264457823158397 0.6960857176379546 0.605079097034118 0.3576720037706178 0.6406477335329785 0.3599177279562193 0.6620144188147001
0 0.7001688560684047 0.643927607334092 0.6979231273687582 0.6225609260680153 0.3595094257358806 0.6581296394609174 0.36175515443552714 0.6794963207269943
0 0.7422546810822677 0.7121678934414545 0.7373549094043504 0.6655496794518149 0.3575027957348241 0.705473744941937 0.3624025674127412 0.7520919589315767
0 0.7306365062780683 0.6662406770908007 0.7264603076331986 0.6292862828401158 0.35369195724911895 0.6714126581004947 0.35786815589398874 0.7083670523511796
0 0.7488515985486145 0.7418592801143349 0.7474292793230546 0.7272114245023984 0.374104042261605 0.7634616222191533 0.3755263614871648 0.7781094778310897
0 0.7195288442859653 0.7616896761731101 0.7174872726103224 0.7422654192274172 0.3790735704378559 0.7778341326632192 0.38111514211349873 0.797258389608912
0 0.7473411379667761 0.7273443519761926 0.7459120378085778 0.7137473723896653 0.37296632682618913 0.752945546599799 0.3743954269843875 0.7665425261863261
0 0.7983924082127389 0.847667182437591 0.7869596074599868 0.7388913495007858 0.3760286843761352 0.7820819299810258 0.3874614851288874 0.8908577629178307
0 0.7359956913804357 0.7854894246074869 0.7323208626053702 0.7505257631182196 0.38009435712267137 0.7875462593292899 0.38376918589773684 0.8225099208185572
0 0.6910216971807799 0.021825716483586687 0.6859758537061493 -0.019408965070042992 0.2034012682215634 0.039643166083752235 0.2084471116961939 0.08087784763738191