0 0.8840083541554409 0.20524035951089026 0.10382902538769848 0.16435293596446385 0.1003535944180421 0.23066817830313452 0.8805329231857846 0.27155560184956096
0 0.8501105213453286 0.18739247742488593 0.13137644389627287 0.16330057669594175 0.13063416223918464 0.18544507778853198 0.8493682396882404 0.20953697851747616
0 0.8267938754577188 0.23393342474035278 0.10092998710266268 0.20867510346133006 0.0990560276144527 0.26252822797050485 0.8249199159695086 0.28778654924952757
0 0.7962458432585474 0.2858498079623978 0.14702618364406972 0.262060259187151 0.1459920088372413 0.2902830145834037 0.795211668451719 0.31407256335865047
0 0.7949019933797832 0.3126310172571919 0.1353668076808693 0.28664519354340945 0.1340904769557379 0.31903920310356415 0.7936256626546518 0.3450250268173466
0 0.7551891504451748 0.3395926429384428 0.16499984321426067 0.3193904230354114 0.1643727337812721 0.33771084938409907 0.7545620410121863 0.3579130692871305
0 0.7546740684805976 0.3510151037047281 0.16173778307723 0.3199405808861605 0.16000006301316744 0.3530982028349192 0.7529363484165351 0.38417272565348687
0 0.753754101856108 0.36856911066827536 0.1677527420412513 0.33785806171108546 0.16611724235631914 0.3690652354120877 0.752118602171176 0.3997762843692777
0 0.7317813910438983 0.3889056654616768 0.15200180915764572 0.36735209237240896 0.15110179926391928 0.3915618768808543 0.7308813811501719 0.4131154499701221
0 0.6819537337480313 0.4105474197835438 0.16120261568732408 0.39091256567801846 0.16026396382617364 0.41580727605054413 0.6810150818868808 0.4354421301560695
0 0.8541072023747702 0.4378126621492468 0.13555116229570613 0.4138799315516919 0.13425768729271972 0.4527152108065439 0.8528137273717837 0.47664794140409883
0 0.7518235496359398 0.4711840449117206 0.16841287273841093 0.44965841224905 0.16719472894455822 0.4826738458238589 0.750605405842087 0.5041994784865296
0 0.764008301617006 0.5038817570181703 0.16016905305717116 0.479884577375699 0.15900316295822553 0.5092217833198792 0.7628424115180603 0.5332189629623505
0 0.7728477673831708 0.5335239969478474 0.16518393788785446 0.5106904238624428 0.1630476951767269 0.5675416850172285 0.7707115246720433 0.5903752581026331
0 0.780115540360019 0.5947082448293821 0.14185103092099263 0.5643609630993431 0.14056040847464213 0.5915053548085852 0.7788249179136684 0.6218526365386243
0 0.8917132013762122 0.5889820013787272 0.11153387330223104 0.5480945794040407 0.10744513084669545 0.6261125171356545 0.8876244589206767 0.6669999391103412
0 0.9049617759154758 0.6679085232879387 0.11438005980180446 0.6264759311766557 0.11294900052246966 0.6537821952375227 0.9035307166361409 0.6952147873488057
0 0.8966980064707502 0.6929009328827184 0.0991813626684733 0.6511048605667689 0.09488817909294371 0.7330236908937238 0.8924048228952204 0.7748197632096734
0 0.7231203873359802 0.6877157273484328 0.08510707462068734 0.6542788407047089 0.08234716813553042 0.7069409530042671 0.7203604808508233 0.740377839647991
0 0.9820427988331033 0.674931119526171 0.945080824890036 0.26682333698233 0.7923629252131834 0.2806548669602946 0.8293248991562507 0.6887626495041357
0 0.6687931041327626 0.9339999041717795 0.17636954011575884 0.9037111270488116 0.1739791881591211 0.9425725715027709 0.6664027521761249 0.9728613486257386
0 0.6632993550513466 0.9721402910372026 0.177869939117267 0.9417190900756738 0.17578444313454897 0.9749972337657911 0.6612138590686286 1.0054184347273198
0 0.8212053620873453 0.8581750384281047 0.7457362364976964 0.8364558389879496 0.6987564464135998 0.9996995942562477 0.7742255720032487 1.0214187936964028
0 0.9001607710236088 0.866195500925965 0.8255457411334503 0.8425506664358882 0.7760273903286647 0.9988136856150263 0.8506424202188235 1.022458520105103
0 0.6761363551876824 0.8554625291981491 0.17005794482572453 0.8258022439791664 0.16874697177679782 0.8481707125130968 0.6748253821387558 0.8778309977320797
0 0.6875720482601866 0.9029952691580252 0.17098843967156027 0.8738842518743383 0.16973816206263842 0.8960707976985663 0.6863217706512648 0.9251818149822533
0 0.7168770784531912 0.8731900396361896 0.17595274855980583 0.8448413692192137 0.17257952909372548 0.9092061684296977 0.7135038589871108 0.9375548388466737
0 0.7286329908974899 0.8494701491200576 0.17066194708063284 0.8142866911487051 0.16988741156480658 0.8265699746903825 0.7278584553816636 0.8617534326617351