0 0.06500515692222214 0.12463627194596401 0.018672538220904956 0.12436463089890168 0.014703816503943918 0.8012920394485036 0.0610364352052611 0.8015636804955658
0 0.13771623570102925 0.1326407803667741 0.06368060569622919 0.1311695952537397 0.05057815362324267 0.790534813972196 0.12461378362804276 0.7920059990852304
0 0.15260461356158114 0.14102515425890913 0.13587108108307747 0.14067057888387907 0.12266186708403985 0.7640551313212174 0.13939539956254354 0.7644097066962474
0 0.19298923936819995 0.10574155733419104 0.151682940762369 0.10360961084606637 0.11705518038750684 0.7745197945971609 0.15836147899333777 0.7766517410852857
0 0.25202834541641017 0.12975673714077732 0.17614632645721462 0.1231179202664574 0.1189503663859395 0.7768706910811362 0.19483238534513503 0.7835095079554562
0 0.2642524930513733 0.16879667819360578 0.19777857160325724 0.16351883942347112 0.1480216761687445 0.7902026209235913 0.2144955976168606 0.7954804596937259
0 0.2838151540759883 0.19138642993236285 0.25879345448112273 0.19035829867406684 0.23466864050474698 0.7774855192775342 0.25969034009961256 0.7785136505358302
0 0.3325369439539603 0.15074226753493966 0.2838946250924631 0.1464866172468579 0.2273039326954625 0.7933213705340221 0.2759462515569597 0.7975770208221038
0 0.33433824407091967 0.19229992003660276 0.29920304184677937 0.18990685532983415 0.2607252507770748 0.7548414208467907 0.2958604530012151 0.7572344855535593
0 0.33467912673413425 0.23078272460419075 0.32094504027398535 0.23011013805795316 0.2949385888672172 0.7611568176863809 0.3086726753273661 0.7618294042326185
0 0.38054523595361367 0.15772045979875488 0.3357408303148925 0.15456437132073048 0.29177888509299793 0.7786561355737913 0.3365832907317191 0.7818122240518158
0 0.41546051921383986 0.19524562002687712 0.37046162217193507 0.19246548567114213 0.3337955212466486 0.7859382784739426 0.37879441828855337 0.7887184128296776
0 0.44400822164139664 0.21243125354425135 0.41315090788336306 0.21011983288247235 0.3711168073822482 0.7712723089970156 0.40197412114028175 0.7735837296587946
0 0.45318112993225934 0.2447890997078785 0.4387327577432706 0.24371526478656821 0.40140645002139913 0.7459380698973206 0.4158548222103879 0.7470119048186309
0 0.45333967364777517 0.2448353803958973 0.43877588812175794 0.24374047544184146 0.40128195459866056 0.7424628570827382 0.41584574012467773 0.743557762036794
0 0.4528269752135623 0.2447751271885436 0.43849358694790297 0.24372916966332941 0.4018383009781144 0.7460387119998151 0.41617168924377373 0.7470846695250293
0 0.4646669375080876 0.2074870528954506 0.4510759961380798 0.20646057887836208 0.4102762212237604 0.7466665066843295 0.4238671625937681 0.747692980701418
0 0.48337829417472705 0.247371309495184 0.45766731987362086 0.24539151758552152 0.4198027592626438 0.7371274116661761 0.44551373356375007 0.7391072035758385
0 0.49579278471532573 0.21004222055711433 0.4644924697720897 0.20763203946631426 0.4226169606917759 0.7514569942073982 0.453917275635012 0.7538671752981984
0 0.5465578196515584 0.12388700166992217 0.4952864777597871 0.12007640234638765 0.44663001436670163 0.7747456441278608 0.4979013562584728 0.7785562434513953
0 0.5125802632838279 0.3337973234080362 0.4950690286639891 0.3322652889652222 0.45814888935111203 0.7542644318287637 0.4756601239709508 0.7557964662715777
0 0.505493492553432 0.7061242659072426 0.4996564121221992 0.7056135873534204 0.49451180042125265 0.7644167465249263 0.5003488808524855 0.7649274250787486
0 0.5524002264108747 0.16997781348893962 0.5426717617525159 0.16912668317069765 0.4987912689818795 0.67068304176954 0.5085197336402383 0.671534172087782
0 0.5724860176648234 0.13326703391686917 0.5477043186864299 0.1312994382377827 0.49657958441162775 0.7752110856432736 0.5213612833900212 0.77717868132236
0 0.6032036441166537 0.10471282505808496 0.5487242459564843 0.09994649520238565 0.4891072953451213 0.7813713415268495 0.5435866935052909 0.7861376713825488
0 0.6103159020585192 0.16114772970184021 0.598023371722959 0.15996499950343748 0.5394894799804031 0.7683282939179013 0.5517820103159632 0.7695110241163039
0 0.6336340678707778 0.30310310843336297 0.5955008954559307 0.29905317772558576 0.5401532900567624 0.8201929037417317 0.5782864624716094 0.8242428344495091
0 0.6907615817805823 0.26922000085575387 0.6246080288923671 0.2634323157836832 0.5834511564278578 0.7338575903780308 0.6496047093160731 0.7396452754501015
0 0.6464432177890044 0.282770070913765 0.6230949059980949 0.28072736191829756 0.5828459698674429 0.7407756175024571 0.6061942816583523 0.7428183264979247
0 0.7066844972559178 0.34773129312350415 0.6818815187582176 0.34494876551099796 0.6369589725636212 0.745380711745286 0.6617619510613215 0.7481632393577923
0 0.7138072714273738 0.2747217239647381 0.688513264498278 0.2725087852725243 0.6812502864275076 0.35552501084366916 0.7065442933566035 0.357737949535883
0 0.7875264295851594 0.19403417676153745 0.6668934776888259 0.18348015888337715 0.616052617513283 0.7645937320009519 0.7366855694096165 0.7751477498791122
0 0.8160042109016692 0.22459773406872183 0.784064691077571 0.22050571920845793 0.7141847796594529 0.7659413767664746 0.746124299483551 0.7700333916267385
0 0.8526421621341121 0.1892746067856105 0.7923256861988422 0.18399759924527775 0.7411822151518568 0.7685701845740385 0.8014986910871267 0.7738471921143713
0 0.9061218019067907 0.25613457592488154 0.8451709294094213 0.247598532028449 0.7730454855433464 0.7626039357301113 0.8339963580407158 0.7711399796265438
0 0.9244601188472193 0.21995626464136547 0.8505237929038575 0.21348767449231348 0.8036170578253132 0.7496341258507216 0.8775533837686751 0.7561027159997737
0 0.9733248719690938 0.18260951356671834 0.857999870625731 0.16560333248780804 0.7710434190711897 0.7552861569743579 0.8863684204145524 0.7722923380532681
0 0.3871106231493603 0.8491284706820647 0.12444209964530031 0.8261479434443009 0.11657386967840425 0.9160821876246837 0.3792423931824643 0.9390627148624475
0 0.35178552613518205 0.8495234098686149 0.1299765487955895 0.830117648438328 0.12664768515775932 0.8681667526624823 0.34845666249735185 0.8875725140927692
0 0.7957745739699987 0.8631733288975205 0.794824544011515 0.8266986635264677 0.5992604414490136 0.8317923841774544 0.6002104714074973 0.8682670495485072