0 0.6489846687602617 0.10373862834714376 0.6381652541305771 0.047552803808335285 0.00858499734045709 0.16878782877750134 0.01940441197014172 0.2249736533163098
0 0.7371120506435268 0.12672302649853678 0.7299253965321645 0.08801205220810107 0.07431058181887477 0.209726294486767 0.08149723593023708 0.24843726877720274
0 0.7924007609113739 0.13839402727139533 0.7884439398712054 0.11646206508005633 0.02665724149895407 0.2538986341358841 0.030614062539122504 0.2758305963272231
0 0.7922776950703403 0.15884124690171328 0.7883575789372282 0.13675769513549144 0.03328955733111931 0.2707920372752599 0.03720967346423132 0.29287558904148175
0 0.7947876737865165 0.180215209979604 0.7909955640254951 0.15804389111189937 0.03538759174265652 0.2872806038350687 0.03917970150367791 0.30945192270277333
0 0.7972448037718864 0.20074464244051962 0.793595872511043 0.17861130773955297 0.03582984645374643 0.30353763168679276 0.03947877771458995 0.3256709663877594
0 0.8000744428615066 0.2231013007119514 0.7960414524942367 0.1983651904127404 0.04063631567087278 0.3215269002912755 0.04466930603814273 0.3462630105904865
0 0.798831148174833 0.23853418218521413 0.7964795493386674 0.22327693646167127 0.04437435868569396 0.3391988874521164 0.04672595752185966 0.35445613317565927
0 0.8034978358801765 0.2548329062220416 0.8005023740863692 0.23546005506570938 0.04342697188042218 0.35252028662579615 0.04642243367422966 0.37189313778212835
0 0.8032521833523749 0.273392565240944 0.8001697770028461 0.25309797195460415 0.04524394514924794 0.3677584701817417 0.048326351498776766 0.3880530634680816
0 0.8084741520773212 0.29468808427903187 0.8048420414217861 0.27011627122429266 0.04705276082750984 0.3821297606060217 0.05068487148304509 0.40670157366076093
0 0.8053733163151705 0.31284183912463526 0.8021907027972149 0.2914342189594571 0.05484586166831503 0.4025399736205994 0.058028475186270634 0.4239475937857776
0 0.807067517274144 0.3277632060146092 0.8046326538750739 0.31078459991158447 0.059344151807182555 0.41766473391208275 0.061779015206252744 0.4346433400151074
0 0.8116313125095044 0.3447095078960961 0.808819450097484 0.3247907429405167 0.06199375052181831 0.4302175160186046 0.0648056129338387 0.450136280974184
0 0.8138877275058757 0.36279692981021994 0.8112145006035238 0.34282222110163063 0.05987006202216888 0.4433750849981835 0.06254328892452066 0.46334979370677276
0 0.8186468882137836 0.38010907987271253 0.8157714671567111 0.35893768510751367 0.05176503615041853 0.4627022317431126 0.05464045720749083 0.48387362650831145
0 0.8209054452484956 0.39889709505917226 0.8182081472693461 0.3784078732989111 0.05636318176729399 0.47870074483488245 0.05906047974644348 0.49918996659514364
0 0.8285531243248048 0.5148430875972893 0.8157388569066175 0.40027360981661647 0.06517032907019028 0.484222546459092 0.07798459648837769 0.5987920242397649
0 0.8464564364958942 0.6299758743660159 0.8357981651431448 0.518134433088524 0.07592812003530061 0.5905485672509325 0.08658639138805015 0.7023900085284244
0 0.8557032411848162 0.7489354436452978 0.8458778452972734 0.6310261081267263 0.10165971097639839 0.6930418744291276 0.11148510686394124 0.8109512099476991
0 0.904020238105735 0.803232798390327 0.897148106902564 0.7033054732379611 0.1074790412943422 0.7576120347082175 0.11435117249751334 0.8575393598605835
0 0.9041322984699072 0.8477461976565965 0.9011624877852344 0.802151459290911 0.1138220846445946 0.8534348315732126 0.1167918953292673 0.8990295699388982
0 0.9086729171523084 0.8950149349261134 0.905915218996691 0.8472080918632564 0.11650486374307119 0.8927445745346985 0.11926256189868853 0.9405514175975555