0 0.6918036964340845 0.04959640392903568 0.6908701546384066 0.014744177388285398 0.24632613310087068 0.026651606706718272 0.24725967489654854 0.06150383324746855
0 0.7158585140520061 0.07860071720915496 0.7151908707901777 0.0477407624111759 0.26676575508703204 0.057442267448812256 0.26743339834886043 0.08830222224679132
0 0.7430555562500001 0.07812500000000008 0.25347222187499996 0.07812500000000006 0.25347222187499996 0.14648437500000006 0.7430555562500001 0.14648437500000008
0 0.6744855866942777 0.16603765536546158 0.6733808663457029 0.12283081585122409 0.276758123513955 0.13297173843755267 0.2778628438625299 0.17617857795179015
0 0.6985962636651865 0.1998945537000592 0.6977784603297125 0.1650016116045871 0.273576395934138 0.17494384755099743 0.27439419926961195 0.20983678964646954
0 0.7365118099010303 0.21942886274945783 0.7360629065509761 0.19788150194685467 0.27392895947939266 0.20750929251084588 0.2743778628294469 0.22905665331344904
0 0.7331257798770443 0.25284069963082756 0.7325935476202099 0.21877783519343427 0.2738229029533805 0.22594612651635337 0.2743551352102148 0.26000899095374663
0 0.725837168294839 0.2809640542393958 0.725621015309353 0.2532964720971925 0.2706350866184773 0.25685104966509 0.27085123960396323 0.28451863180729325
0 0.7431321274025009 0.3026574080598189 0.7429213220578046 0.2786724444340633 0.2533071446617745 0.2829756940468068 0.25351795000647087 0.30696065767256236
0 0.7291666671875 0.3242187500000001 0.25347222187499996 0.32421875000000006 0.25347222187499996 0.35937500000000006 0.7291666671875 0.3593750000000001
0 0.6286473693676571 0.37691106656011597 0.6283812045149908 0.3428419654188282 0.23240419354153952 0.34593553581705827 0.2326703583942058 0.3800046369583461
0 0.6599004509153515 0.3921864240020965 0.6596218715491718 0.3760081852385582 0.2636705198917245 0.38282622508794734 0.2639490992579042 0.39900446385148564
0 0.6599915872982695 0.4102775652518421 0.6596991127773244 0.38999933172166373 0.2638354492733229 0.3957089037694731 0.2641279237942679 0.41598713729965137
0 0.6633952478512012 0.42541221526993656 0.6631515368909882 0.4080816580775637 0.26717678307041137 0.4136500530462051 0.26742049403062446 0.430980610238578
0 0.6736111109375 0.423828125 0.26041666718750006 0.423828125 0.26041666718750006 0.45703125 0.6736111109375 0.45703125
0 0.659722221875 0.45703125 0.26041666718750006 0.45703125 0.26041666718750006 0.4765625 0.659722221875 0.4765625
0 0.6631944437499999 0.474609375 0.26041666718750006 0.474609375 0.26041666718750006 0.490234375 0.6631944437499999 0.490234375
0 0.7431546263682484 0.503891912635795 0.7430175175628433 0.48634198554394265 0.23949973246671882 0.49027571824000604 0.23963684127212392 0.5078256453318584
0 0.7118055562500001 0.505859375 0.25347222187500007 0.505859375 0.25347222187500007 0.533203125 0.7118055562500001 0.533203125
0 0.7013888890625 0.533203125 0.25347222187500007 0.533203125 0.25347222187500007 0.556640625 0.7013888890625 0.556640625
0 0.6979166671875 0.5546875 0.2569444437500001 0.5546875 0.2569444437500001 0.576171875 0.6979166671875 0.576171875
0 0.7118055562500001 0.576171875 0.2500000000000001 0.576171875 0.2500000000000001 0.607421875 0.7118055562500001 0.607421875
0 0.6633391235526835 0.6074492483600138 0.253477805689184 0.6053533666171285 0.25331691920637495 0.636815612087027 0.6631782370698744 0.6389114938299123
0 0.6704631108871392 0.6379485279343179 0.2535289109672331 0.632958623924681 0.25314800005036087 0.6647858470656821 0.670082199970267 0.669775751075319
0 0.7156025096440535 0.668087709308148 0.2535037798458229 0.6636821070076092 0.25315695774722896 0.700059891540411 0.7152556875454595 0.7044654938409498
0 0.7298300949891494 0.7041296821130858 0.24661669604478847 0.698467025058815 0.24593014481614905 0.7570527295365541 0.72914354376051 0.7627153865908249
0 0.6286630764974632 0.7580364771783982 0.263951745375195 0.7514187312614501 0.2636454637060168 0.7682982543900515 0.628356794828285 0.7749160003069996
0 0.7013888890625002 0.763671875 0.26041666718750006 0.763671875 0.26041666718750006 0.794921875 0.7013888890625002 0.794921875
0 0.7398640260778887 0.7910989423879573 0.2466331975416535 0.7865131185708171 0.24633697273242192 0.8183737425102257 0.7395678012686571 0.822959566327366
0 0.6599391416146962 0.818689414994577 0.2639521573196856 0.8104396861550975 0.2636553990645337 0.8246840824023861 0.6596423833595445 0.8329338112418656
0 0.7291666671875002 0.826171875 0.3680555562500001 0.826171875 0.3680555562500001 0.869140625 0.7291666671875002 0.869140625
0 0.7511266396198456 0.8713585442892274 0.2500680831805486 0.8578299632274863 0.24873297834382221 0.9072782903751937 0.7497915347831192 0.9208068714369348