0 0.1394466783905652 0.278142363741837 0.0822287053542191 0.27804223547533313 0.08110673585802933 0.9191880639425312 0.13832470889437545 0.919288192209035
0 0.17882428815262635 0.19601976169148533 0.1394532634462989 0.19568797469359772 0.13383406978493043 0.8624814713643654 0.17320509449125787 0.8628132583622531
0 0.20083044321242274 0.14397379217977713 0.17854643572601306 0.1436730995736072 0.16810215245007823 0.9176877641696084 0.19038615993648791 0.9179884567757783
0 0.2208785067870513 0.14799611114372196 0.1984526992337501 0.1476304633781516 0.18595068212265836 0.9144007165043975 0.2083764896759596 0.9147663642699678
0 0.24233869773713032 0.149610590614638 0.21985115921427054 0.1491025415250919 0.20253663068906674 0.9154873953263689 0.2250241692119265 0.915995444415915
0 0.2629597889689999 0.15111580579058664 0.2405368568144191 0.15047445654092295 0.21857935812699725 0.9181552538764388 0.24100229028157805 0.9187966031261026
0 0.2854456141584195 0.1526040072063241 0.26039444380339605 0.1518430276976776 0.2371552281761423 0.916869605917771 0.2622063985311658 0.9176305854264175
0 0.3003577165140371 0.15676919103739725 0.28493208318287516 0.1561663646640125 0.2552157861535175 0.9165722164534683 0.27064141948467946 0.9171750428268531
0 0.3172474341088827 0.15529818783002836 0.2976589547719695 0.1545421001826668 0.26811166060170666 0.9200440407785985 0.28770013993861987 0.92080012842596
0 0.3354192258788166 0.15908067571528958 0.31490935182556967 0.15823405870542182 0.28341657533600895 0.9211680322253247 0.3039264493892559 0.9220146492351924
0 0.35731988580740043 0.15801802766173528 0.3325064867240851 0.15689488309428318 0.2978689568171388 0.9221346195879268 0.32268235590045413 0.9232577641553789
0 0.3745484367688896 0.164525790944621 0.35292686193963474 0.16356516436845803 0.31939117437409886 0.918379153634701 0.3410127492033537 0.919339780210864
0 0.3895189290007782 0.16570984800138705 0.3723876758035554 0.1648603052849356 0.3350963642477454 0.9168494495007387 0.3522276174449682 0.9176989922171901
0 0.4070246887520497 0.16446340989041314 0.3869353585979668 0.1634229310250263 0.34792408738500774 0.9166437154147384 0.3680134175390906 0.9176841942801254
0 0.4252103387353926 0.16569969373716203 0.4050925457416804 0.16451245182549787 0.3604346930527881 0.92123896822647 0.38055248604650027 0.922426210138134
0 0.4431125061565667 0.1643312880126108 0.42178143408202473 0.1631141869410522 0.37786023351323167 0.9328828748722792 0.39919130558777366 0.9340999759438378
0 0.46198628711826994 0.16569914861946491 0.44135884044529894 0.1644373617499259 0.39444217653921526 0.9314218709087874 0.4150696232121863 0.9326836577783263
0 0.5772612702040257 0.1803155164728385 0.46235167826282153 0.1710334625470578 0.4015430087745589 0.9238301445374721 0.5164526007157632 0.933112198463253
0 0.693694857026336 0.1847095110654979 0.5818745624452263 0.1738316066429741 0.507968204434706 0.9335579659812119 0.6197884990158158 0.9444358704037358
0 0.8122331772494036 0.19833115193021844 0.6946153937640059 0.18547786579720393 0.6134882419195391 0.9278557823613014 0.7311060254049367 0.9407090684943158
0 0.8747522524338237 0.16126229640383222 0.7753496084624013 0.1489411376301621 0.6779824681340167 0.9344639413181293 0.7773851121054391 0.9467851000917994
0 0.9184691996786432 0.16964585146329053 0.8731454974698696 0.16386121192879818 0.7732550168448619 0.9465212844092601 0.8185787190536354 0.9523059239437524
0 0.9657358678886725 0.17420795851006898 0.9182811775016659 0.16779301419217638 0.8123544284945915 0.9513884483430746 0.859809118881598 0.957803392660967