0 0.20774617124279487 0.9705381884696527 0.12834061051397078 0.3123535965652346 -0.010508105107695726 0.3291047637241531 0.06889745562112835 0.9872893556285712
0 0.30832626036099137 0.9691703467790062 0.21886055933786225 0.31066068437745475 0.11808461218844346 0.3243521930564796 0.20755031321157258 0.982861855458031
0 0.3919651904955196 0.9683513740276348 0.2895742952861629 0.2529633140933344 0.186833784754102 0.2676681902812459 0.2892246799634587 0.9830562502155462
0 0.476113129266069 0.9506785320828568 0.378658120623072 0.19439207515824328 0.21849248890181613 0.21503100486641066 0.3159474975448131 0.9713174617910241
0 0.5612591952366289 0.9522769730707952 0.4744039613607917 0.20253440437912493 0.38221971488281137 0.21321364899169212 0.4690749487586485 0.9629562176833624
0 0.6354411241554674 0.9235018083018731 0.4940733407558378 0.17710412084701685 0.38513485907280137 0.19773707823862646 0.526502642472431 0.9441347656934829
0 0.612727093129153 0.9351945906776512 0.5354983212225681 0.2216372316387612 0.5035344266771146 0.22509670450359423 0.5807631985836994 0.9386540635424842
0 0.6377746597853697 0.9326385336219806 0.5688455968422661 0.27682231065612894 0.5416516386842536 0.27968051084682993 0.6105807016273572 0.9354967338126816
0 0.6733795208534847 0.9350643208306714 0.6063740602337739 0.2975499473735831 0.5694679738475272 0.30142893335561094 0.6364734344672381 0.9389433068126992
0 0.7164334841155395 0.9336231703398973 0.6503898243420801 0.30525971980361094 0.6076564606279009 0.3097511773059625 0.6737001204013604 0.9381146278422487
0 0.7439480483498269 0.9338152793373155 0.6766219802147161 0.29325059588311164 0.6057234484170119 0.3007023326175687 0.6730495165521226 0.9412670160717725
0 0.7808541285505209 0.9299362931047016 0.7199400725173548 0.3503777712069115 0.6830339857446222 0.35425675728458594 0.7439480417777882 0.9338152791823762
0 0.8184014149242275 0.9321579243046217 0.752678358476137 0.3068447815394223 0.7293692518942395 0.30929466724126786 0.79509230834233 0.9346078100064673
0 0.8373447703125002 0.9255408890625001 0.7717820101914421 0.3017529001717251 0.729048647921047 0.30624435757327306 0.794611408042105 0.9300323464640481
0 0.847556622060367 0.910589560629529 0.7834365635046101 0.30052795715689423 0.7698395845816802 0.30195705723425836 0.8339596431374371 0.9120186607068932
0 0.8792745334388326 0.9133142332852356 0.8094336947926715 0.28831931909022784 0.7746757569818195 0.29220338833813153 0.8445165956279805 0.9171983025331393
0 1.0145872691880635 0.8849093150623857 0.8330465321396904 0.20314391820857863 0.6973347900366302 0.23928129009809282 0.8788755270850034 0.9210466869519
0 0.9569864466177757 0.9173971567379015 0.8881514303661907 0.30777691591170636 0.850665857162678 0.3120095838381629 0.9195008734142629 0.921629824664358
0 1.1219547911156913 0.849359502319742 0.8882144078028658 0.12929832705911806 0.7137620037244056 0.18592764301186923 0.9475023870372311 0.9059888182724933