0 0.16227071924443032 0.2565234969423912 0.021546979012199066 0.25131200352436683 -0.0029878300741815857 0.9138150182222338 0.13773591015804965 0.9190265116402582
0 0.25194104478475443 0.26901186448373143 0.1502639942618273 0.26676997926439777 0.13561463452449343 0.9311678160921788 0.23729168504742057 0.9334097013115125
0 0.3308075298129046 0.22308137140315026 0.227034001175136 0.2215386456898331 0.21629162426726206 0.944139136537942 0.3200651529050307 0.945681862251259
0 0.42727934216666447 0.17604022659210344 0.2663867870543329 0.1745619411173205 0.25935728781553535 0.9396334465763256 0.4202498429278669 0.9411117320511087
0 0.5212529635722742 0.20219259722269783 0.42853305552656734 0.19831956869205083 0.3970333747584692 0.9524187138897448 0.4897532828041761 0.9562917424203918
0 0.5675233614504278 0.939475455558893 0.5446583498856787 0.18015236835692763 0.43383337775155617 0.18348957002011862 0.45669838931630524 0.9428126572220841
0 0.5786068084280039 0.23061749936625703 0.5464952615896276 0.22903412572022006 0.5111482573776649 0.9458876518538897 0.5432598042160413 0.9474710254999268
0 0.6029106633729902 0.29033982267583813 0.5756043848531627 0.28890876193817017 0.541092572758674 0.9474336787853698 0.5683988512785014 0.9488647395230376
0 0.6367345846568324 0.31668301246491415 0.5996760663163785 0.3147408578480475 0.5661273591925728 0.9548883350102446 0.6031858775330268 0.9568304896271111
0 0.6790023666853602 0.3311834481344288 0.6360925023556702 0.32893463754432967 0.6030253566093855 0.9598933959165104 0.6459352209390754 0.9621422065066095
0 0.7067901939453427 0.3234257815760614 0.6355988406249999 0.31969480937500017 0.6018896892947255 0.9629052041884056 0.6730810426150683 0.9666361763894671
0 0.7406383196216767 0.38662607674080046 0.7035798004891509 0.38468392197172474 0.6730809740243032 0.9666361752440213 0.710139493156829 0.9685783300130971
0 0.7797836316940743 0.3487504489659262 0.7563782569820071 0.3475238238172416 0.7234715913445504 0.9754196733319077 0.7468769660566175 0.9766462984805923
0 0.7994486019430264 0.34670972487116125 0.7565387396222449 0.3444609142490068 0.7237123720254323 0.9708253133646251 0.7666222343462137 0.9730741239867795
0 0.8111512911389793 0.3473230368840826 0.7974981526446683 0.34660750622388525 0.7653941264762925 0.959188825074544 0.7790472649706034 0.9599043557347414
0 0.8387382060887681 0.3393315532067579 0.8038005942389004 0.33773046377157756 0.775010831999843 0.9659561682556517 0.8099484438497108 0.9675572576908319
0 0.8844142859718662 0.9709589207083994 0.8810474958820714 0.27087310091263495 0.7363813367399346 0.271568816462295 0.7397481268297293 0.9716546362580594
0 0.9134429567189697 0.37086376331522025 0.875756758443521 0.3691802845616806 0.8483786861186925 0.9820632567189813 0.8860648843941412 0.9837467354725211
0 1.0596455930687312 0.9423534863252186 0.9414253675040071 0.19459240068937478 0.7602619814429233 0.22323413770354267 0.8784822070076475 0.9709952233393866