0 0.7143957076550406 0.20264044496154948 0.7126489459825402 0.10957384778190107 0.06332730347995175 0.12176092878217774 0.06507406515245209 0.21482752596182614
0 0.6925397249039322 0.2076414082825619 0.6902731259354561 0.1718822608084639 0.06782892437717222 0.21133598062121645 0.07009552334564836 0.24709512809531448
0 0.7654604261019605 0.2818213584393908 0.7650098801453986 0.20521498202161234 0.03334165845691442 0.20951815069035012 0.033792204413476225 0.28612452710812863
0 0.7563810528541296 0.3404103569564427 0.016817260341521277 0.32414455506452555 0.01615530986963141 0.35424172486281585 0.7557191023822397 0.370507526754733
0 0.8282293223722755 0.37296011862680584 0.022248723771486945 0.3515302446845178 0.02032471925784058 0.4238923273451756 0.826305317858629 0.4453222012874636
0 0.9407956362903773 0.45158353478317936 0.5844058998068598 0.43565358050810304 0.5812475461260107 0.5063132206177196 0.9376372826095283 0.5222431748927959
0 0.7060762539814591 0.579060230221718 0.06695279310650834 0.5229970565050034 0.06276720371969499 0.5707130204320341 0.7018906645946459 0.6267761941487487
0 0.7196550870596313 0.6117142731450451 0.018976956396689542 0.5618591035612845 0.015951118665186427 0.6043850510828752 0.7166292493281282 0.6542402206666357
0 0.7325255420910557 0.619389223609234 0.039799837564888224 0.5923028092312632 0.03540977874735694 0.7045770491823058 0.7281354832735244 0.7316634635602768
0 0.8629922193042956 0.6351728983694398 0.14772636154085353 0.5455100972800337 0.12355840027189982 0.7383048498128576 0.838824258035342 0.8279676509022635
0 0.71333845628313 0.8324229521507309 0.10187092083134046 0.7661605730294029 0.08636349792583126 0.9092626739648075 0.6978310333776208 0.9755250530861357