0 0.6652388578160828 0.17276255766815346 0.6489547782294863 0.08111501681648206 0.009533840724711648 0.1947283373584477 0.02581792031130805 0.2863758782101191
0 0.6444342812648001 0.18112097842508662 0.6366016250165563 0.14615666096567656 0.027992665192796206 0.2824963672229146 0.035825321441040094 0.31746068468232463
0 0.7279018197651368 0.2430669255329661 0.7163952487031298 0.16754526503403983 -0.00706389749086338 0.2777723710211813 0.0044426735711435685 0.3532940315201075
0 0.7323878641758812 0.3328392473384743 0.7283602755077588 0.3022755487982628 -0.0031927644350021158 0.3986773219648032 0.0008348242331203237 0.42924102050501467
0 0.8123836449967324 0.39556935061953025 0.804628588366491 0.32330932382413363 0.0030874145036292435 0.4093319489246931 0.010842471133870806 0.48159197572008977
0 0.9354899311998682 0.4548729332612509 0.9280155693743908 0.3838911170146189 0.5731099104203885 0.4212625657771403 0.5805842722458661 0.49224438202377224
0 0.7191110529674751 0.5941768422358751 0.7159749987777098 0.5459276147624277 0.07574604477516736 0.5875405648291153 0.07888209896493281 0.6357897923025627
0 0.737790166437734 0.6192630589357874 0.7349857191571585 0.5761157139313465 0.03381133086750659 0.6216899342280002 0.036615778148082104 0.6648372792324411
0 0.7570100298515032 0.6963591273571557 0.7502488030658171 0.5816467479086883 0.05832963762566322 0.62242894088033 0.06509086441134937 0.7371413203287973
0 0.8859271186679157 0.7709874484289396 0.8803874439169386 0.5769799924642081 0.15959338686970828 0.5975614934102584 0.16513306162068545 0.7915689493749899
0 0.7697387185185857 0.9388995300916078 0.7644365601921961 0.7954905923430304 0.14852901102426203 0.8182621112690841 0.15383116935065164 0.9616710490176615