0 0.1714026393713048 0.9999517507998286 0.13477458049683091 0.12062036785461613 0.08846615939109959 0.12254931933700663 0.1250942182655735 1.0018807022822191
0 0.13730427245782845 0.9997284882533475 0.09264272541178985 0.17345278195606623 0.06426093393875001 0.17498686398881086 0.10892248098478859 1.001262570286092
0 0.11521165974673112 0.9999629510261077 0.06848108157928674 0.23619435477628464 0.05536023392717082 0.2369971434741192 0.10209081209461521 1.0007657397239422
0 0.19753361958917373 0.9999165509105927 0.1705288061462575 0.13328783487821683 0.13562887767143764 0.1343753433350661 0.16263369111435383 1.001004059367442
0 0.23763172337174704 0.9995026603421001 0.22089627274118406 0.20175444471416748 0.16835826581160757 0.20285660602769173 0.18509371644217057 1.0006048216556243
0 0.252563618395108 0.98026149901924 0.22627163619151078 0.2752641188263488 0.21030674076909817 0.27585950933150716 0.23659872297269535 0.9808568895243983
0 0.27781338372342074 0.9662422240453734 0.24770279926950312 0.1456165125106849 0.23177766248419768 0.14620084123616117 0.2618882469381153 0.9668265527708497
0 0.2927979904283019 0.9704950917619728 0.26081193668073666 0.13335367844002707 0.24328548717663648 0.13402334063439583 0.27527154092420175 0.9711647539563415
0 0.3041739598354945 0.9469098750084234 0.2719796678270764 0.16519298953312497 0.25791094082609256 0.1657723971341019 0.2901052328345106 0.9474892826094002
0 0.32633158233119214 0.9393248320382694 0.29620549466382734 0.2786005190337915 0.27607941564266847 0.27951817865227085 0.30620550331003327 0.9402424916567489
0 0.3432860983578868 0.9212227630268968 0.31947577104349795 0.21640037032300857 0.2926057864243087 0.21730809280081057 0.31641611373869755 0.9221304855046988
0 0.36668686667221495 0.9183488984904473 0.33685278110883415 0.2640284413018885 0.31250671732309765 0.26513851289163537 0.34234080288647845 0.9194589700801942
0 0.39475299691938615 0.8992453936706392 0.35996620741012125 0.2556612065770345 0.3318626671693029 0.2571802493975821 0.3666494566785678 0.9007644364911869
0 0.41408805576306884 0.8965770418846262 0.37286290503166614 0.25951417820646916 0.35338808791728493 0.2607744184696851 0.3946132386486877 0.8978372821478422
0 0.42456633915479475 0.8897454118085614 0.3819952922902844 0.25844533128416786 0.37020877628614246 0.2592401424059482 0.4127798231506528 0.8905402229303417
0 0.43850858250310465 0.8827742748252687 0.3914505698767515 0.2574814035578993 0.3773365302457527 0.258543591671156 0.4243945428721059 0.8838364629385256
0 0.44710105381351417 0.8816588675701059 0.39597026805012214 0.21282680678476024 0.38514686019089595 0.21365423325087507 0.43627764595428786 0.8824862940362207
0 0.45799178027151044 0.8750205642306221 0.4082144095600624 0.29434428391169687 0.39590961951002657 0.2953990886567964 0.44568699022147457 0.8760753689757218
0 0.6345346490160163 0.18064960807926594 0.6231744890131334 0.14096757372462632 0.38562212405689855 0.20897398818534443 0.39698228405978153 0.24865602253998403
0 0.4704767574766081 0.8682207711998146 0.41551512693551507 0.24384332131528613 0.4013420601067946 0.24509092380768624 0.4563036906478876 0.8694683736922146
0 0.4857174044713483 0.8610861361617715 0.4292268488413324 0.2423897700384834 0.41239639474090417 0.24392648781427395 0.4688869503709201 0.8626228539375619
0 0.5005733017904781 0.8594411059937551 0.43999157792171895 0.23570373348645052 0.42400826305596634 0.23725614450170215 0.4845899869247255 0.8609935170090066
0 0.5171356136982498 0.8521257002230082 0.45394286257754796 0.22869704174256741 0.4364139877083428 0.23047382536001537 0.4996067388290446 0.8539024838404561
0 0.5303377844215056 0.8451984547718141 0.4677493996607529 0.22724711226841438 0.453341004323227 0.2287064475415069 0.5159293890839797 0.8466577900449066
0 0.5492351034748679 0.8376450059381224 0.4848882810088333 0.22542588068983554 0.46546402457157665 0.22746745229215354 0.5298108470376113 0.8396865775404404
0 0.570027259846809 0.8299330351970813 0.5056804371326776 0.21771390954704178 0.4862561806529781 0.2197554811603525 0.5506030033671095 0.8319746068103919
0 0.590819416950259 0.8222210642096657 0.5264725920413276 0.21000194007612344 0.5051059104746067 0.21224766887396931 0.5694527353835381 0.8244667930075116
0 0.611611572308302 0.8145090939942191 0.547839273195821 0.20775621095395175 0.5264725918810017 0.21000193970108533 0.5902448909934825 0.8167548227413528
0 0.6286557726725622 0.7739771005251466 0.5652920979035907 0.20581603536913634 0.544287142055227 0.2081585950278959 0.6076508168241985 0.7763196601839062
0 0.6490487710022377 0.7663043003459067 0.5854870563985319 0.1926964329384051 0.5631477083108536 0.1951718649334358 0.6267094229145592 0.7687797323409373
0 0.6687304521739288 0.7587301427227972 0.6049304155744111 0.19058394497516737 0.5834643212635713 0.1929944822772028 0.6472643578630891 0.7611406800248326
0 0.6880227291380103 0.7567383061447052 0.6276973968664501 0.1827828976699553 0.6063307162405678 0.18502863329551894 0.666656048512128 0.7589840417702687
0 0.716146878427276 0.7814154807956958 0.6523745805804643 0.17466259961732472 0.6251806218678968 0.17752079986399474 0.6889529197147084 0.7842736810423657
0 0.7441589396533915 0.7839619702739737 0.6761471439196889 0.17754762957426742 0.6495072184473866 0.18053540385330696 0.7175190141810892 0.7869497445530133
0 0.7747753199595546 0.7973598932513676 0.7075558765189331 0.15780955579754882 0.676477062052065 0.16107607054848203 0.7436965054926865 0.8006264080023009
0 0.8001364919955046 0.7945876246365643 0.728857510587775 0.15545261431859955 0.7036238365833227 0.1582667780730108 0.7749028179910523 0.7974017883909755
0 0.8511449663229662 0.7892123864122026 0.7763947661541825 0.12271633244628202 0.7220112612928096 0.1288156601918526 0.7967614614615933 0.7953117141577732
0 0.8871901021294853 0.031783873995055646 0.8475468262962325 -0.04043018440497881 0.5921250098301055 0.09978846205171035 0.6317682856633583 0.1720025204517448
0 0.6250427451375771 0.14568104763001688 0.5983709295571368 0.059364745571752864 0.3959691157406352 0.12190708951526877 0.4226409313210756 0.2082233915735328
0 0.8707242571013358 0.7761500851469381 0.7938402506875094 0.08231620996710862 0.7665400283895247 0.08534135840874839 0.8434240348033513 0.7791752335885778
0 0.8726367028814555 0.715187354860889 0.8085968851832964 0.13057186441549945 0.7971157132107759 0.13182953235639044 0.8611555309089349 0.71644502280178
0 0.8912831631265818 0.7353460027065086 0.8239676705241783 0.13441318346028264 0.8052674619429585 0.1365079496506057 0.872582954545362 0.7374407688968316
0 0.9190322531877204 0.7490073546849192 0.8509740459450821 0.15914697140241552 0.8250868643904061 0.1621338395107152 0.8931450716330444 0.7519942227932188
0 0.9410549394035137 0.7522024013523607 0.8701023107125216 0.11842764038969582 0.8274382745251943 0.12320398319239825 0.8983909032161861 0.756978744155063
0 0.9480889200762548 0.7459841345679857 0.8814439503282445 0.11190004667234477 0.8678469904686716 0.11332914573949449 0.9344919602166819 0.7474132336351355
0 0.9894321841106926 0.7581291273393366 0.9135694636024227 0.08630735825500475 0.8744594810358622 0.09072369278458423 0.950322201544132 0.762545461868916