0 0.9547062592593802 0.17562669316162 0.06348558064498785 0.031980847666551196 0.05615561315157001 0.07745810168104027 0.9473762917659624 0.22110394717610907
0 0.9085060657299632 0.14135690482371954 0.0545356122321017 0.0075358746539380215 0.05013526533361211 0.035616410513537304 0.9041057188314736 0.16943744068331884
0 0.8497030289925404 0.11968311674063078 0.049986903712188044 0.0009961959861625 0.048061858820024075 0.01396720772331001 0.8477779841003763 0.1326541284777783
0 0.9334229711950499 0.2191247980604863 0.07090046877489965 0.06902183689568937 0.06485483609765982 0.10376128630442535 0.9273773385178101 0.25386424746922226
0 0.8596227786201561 0.23677206223378483 0.07321087629218034 0.09718396825549765 0.06401777300216868 0.1489761063996018 0.8504296753301446 0.28856420037788894
0 0.7794792090285447 0.2631840102252533 0.08437255302665544 0.1426181623530968 0.08163426253411186 0.15840541870327013 0.7767409185360011 0.2789712665754266
0 0.9014695686464022 0.3134530892294478 0.09291977546588215 0.16993551277340768 0.09026398978793722 0.18489768684058125 0.8988137829684572 0.3284152632966214
0 0.9109029956167335 0.32775415675954234 0.08588048111377991 0.18216015614517328 0.08288555500286732 0.19913119520137879 0.9079080695058209 0.34472519581574784
0 0.8773180805650822 0.33227635713105275 0.10587312889260495 0.2019589924372859 0.10348572196452914 0.21609182137055893 0.8749306736370066 0.3464091860643258
0 0.7622058916378737 0.3267830937773171 0.10955377270595128 0.21958094998187735 0.10628997379873069 0.23945112418874642 0.7589420927306529 0.34665326798418616
0 0.819634092161216 0.3559128013532956 0.12526331488059383 0.23266199778487726 0.12056461732543837 0.2591335353255531 0.8149353946060606 0.3823843388939715
0 0.7687112452461544 0.3654343467617963 0.12248640565690232 0.25857560936440366 0.11851038808517515 0.282620450058508 0.7647352276744273 0.38947918745590066
0 0.7720483131795148 0.3892778088083328 0.13583709624880852 0.28571594129303307 0.13133765532435587 0.31335733918141045 0.7675488722550623 0.4169192066967102
0 0.7641639231436648 0.408850495326735 0.13282583830055944 0.31400822362200814 0.12992718657297733 0.33330372548447185 0.7612652714160826 0.4281459971891987
0 0.7625101721635239 0.4228745669206493 0.1361006426072056 0.3336646067262129 0.13443052764105073 0.34539172697123793 0.7608400571973689 0.4346016871656742
0 0.7616831750658266 0.43021863104410774 0.1402705434729054 0.34624261693762187 0.13837504647382862 0.36026907188318724 0.7597876780667498 0.44424508598967305
0 0.8039733653098118 0.447055115444984 0.13891755315345972 0.3595700082100576 0.13755555958099758 0.36992379035783696 0.8026113717373498 0.4574088975927634
0 0.7216068778152303 0.4422239264128264 0.14347859990931564 0.36844813263988185 0.14190285769310274 0.3807961005477093 0.7200311355990173 0.45457189432065376
0 0.8256385782173643 0.6950880867031727 0.8077415234042572 0.44860685610900897 0.7669275648387064 0.451570366360182 0.7848246196518135 0.6980515969543457
0 0.7698601723745282 0.4563876029954163 0.14767260164855353 0.38057791908873706 0.14595880157635285 0.39464347178178283 0.7681463723023276 0.470453155688462
0 0.7686683792046742 0.46778801928229435 0.15177318470906243 0.39415909902573953 0.14977265312561133 0.41092042481956453 0.7666678476212232 0.4845493450761193
0 0.7726717713316482 0.48166850405639605 0.15011771433609308 0.4097765148302212 0.1483275136162602 0.4252788918400169 0.7708815706118153 0.49717088106619184
0 0.7767032753343732 0.49556499507495577 0.1539487380157417 0.4258050703766137 0.15198358813492951 0.44334817997827913 0.774738125453561 0.5131081046766213
0 0.7750221955210106 0.5112733564922949 0.15764288595211204 0.4432137879761526 0.15602556529491016 0.4578847641880867 0.7734048748638088 0.525944332704229
0 0.7737574904353172 0.5228814208558312 0.16153836553418804 0.45853459804013613 0.15949679393623936 0.47795885431925533 0.7717159188373685 0.5423056771349505
0 0.7769780038129814 0.5448226284370389 0.16475887975583195 0.4804758045052887 0.1627173081423816 0.4999000605682175 0.7749364321995311 0.5642468844999676
0 0.7804026749470638 0.5648214083912811 0.16818354930016427 0.5004745858232893 0.16593782048734562 0.5218412683626037 0.7781569461342452 0.5861880909305955
0 0.7781569459854646 0.5861880911039515 0.17140406342625286 0.5224157919986303 0.1691583345413948 0.5437824746092688 0.7759112171006065 0.60755477371459
0 0.7761730433910404 0.6048983990329396 0.20735828107016477 0.5478370142822454 0.2052892162637754 0.5684624269183897 0.7741039785846511 0.6255238116690839
0 0.7850277806758531 0.6252807569759538 0.21075373980743262 0.5680464474010917 0.20852920073612774 0.5903668886021339 0.7828032416045482 0.6476011981769961
0 0.7828549148501419 0.6464465270998813 0.2139768060943262 0.5897499964023487 0.21183737470927128 0.6112164894164597 0.7807154834650869 0.6679130201139921
0 0.7859810738046696 0.6694935117016972 0.21202564243069993 0.6091683957385948 0.2097799148753751 0.6305350770484701 0.7837353462493447 0.6908601930115725
0 0.789405742122017 0.6894923206985892 0.18265286017209154 0.6257200246954995 0.17979466018163984 0.6529139817910977 0.7865475421315653 0.7166862777941876
0 0.7810813002796767 0.7161117488983476 0.17432841774745952 0.6523394579664173 0.17147021794860798 0.6795334154276176 0.7782231004808251 0.7433057063595478
0 0.7948259830674795 0.7430868629756334 0.1552756481079335 0.6758674132301195 0.15200913360159424 0.7069462223335651 0.7915594685611402 0.774165672079079
0 0.7918442900411718 0.7711835718129892 0.15195792476478412 0.7070339284906517 0.1494251984613182 0.7322976235734333 0.7893115637377058 0.7964472668957707
0 0.8168479828429648 0.7942460238311171 0.14911879853612878 0.7309775551105349 0.14395512721095322 0.7854744334404891 0.8116843115177892 0.8487429021610712
0 0.9564759911258264 0.966173695822546 0.8733307844584898 0.6743106333980508 0.7934567862472022 0.6970649347935624 0.8766019929145387 0.9889279972180575
0 0.9072095600506488 0.6883105453004653 0.8918400280909701 0.4781730986256342 0.8023000340927828 0.48472208749554335 0.8176695660524615 0.6948595341703745
0 0.8501236240400191 0.8466450251872846 0.15483893722360148 0.783959750236637 0.15235468854067852 0.8115142288417015 0.8476393753570962 0.8741995037923491
0 0.7981586554258933 0.8691256415681693 0.2132707375195908 0.8076514879163857 0.21204579564245513 0.819306039650964 0.7969337135487576 0.8807801933027477
0 0.7920128966688434 0.8748858075219529 0.19030123417001776 0.8150727566274159 0.18846128343597085 0.8335824263155811 0.7901729459347966 0.8933954772101182
0 0.7628928598882164 0.8882069645150308 0.17175154305881854 0.8323151902231558 0.16929679307424617 0.858277939782495 0.7604381099036441 0.91416971407437
0 0.8000425322766948 0.8975624307252588 0.16325658668386994 0.8569180869226735 0.16053621648468824 0.8995388638273873 0.797322162077513 0.9401832076299727
0 0.8017600957396341 0.9398076055257544 0.16718379298066183 0.8774921724766441 0.16601652251746837 0.8893788294187424 0.8005928252764407 0.9516942624678524
0 0.8224755971267619 0.9513512736627213 0.14955033675204524 0.8859920818215017 0.14574483227886126 0.9251728001923103 0.8186700926535779 0.99053199203353