0 0.16212843809909516 0.09606768037901196 0.11579826312385677 0.09476162074818126 0.09036139182146802 0.9970900217207402 0.1366915667967064 0.9983960813515711
0 0.1164138065878753 0.1458324265888369 0.08799413839248386 0.14538295893982595 0.07447935548288905 0.9999175330489827 0.10289902367828048 1.000367000697994
0 0.08793439280687543 0.20673573372299842 0.07478950657499468 0.20662130275019414 0.06788301356823255 0.9999822487455674 0.0810278998001133 1.000096679718372
0 0.19691192809992894 0.11119837835477368 0.16202115346349746 0.10984874182321122 0.12818320562862465 0.9846266427289232 0.16307398026505612 0.9859762792604855
0 0.2423807129297116 0.18301166379384487 0.18989380375626963 0.18044627425575274 0.15090790567747248 0.9780831481586117 0.20339481485091446 0.9806485376967039
0 0.24261520746365378 0.2567172392262374 0.22664766907989692 0.25619752455833883 0.20369747350380715 0.9613116023612267 0.21966501188756404 0.9618313170291254
0 0.27397717945983313 0.12892013255138557 0.25850104546490793 0.12837969433732357 0.22984211741837285 0.9490644628430218 0.24531825141329805 0.9496049010570837
0 0.2893635473323121 0.11766686994599054 0.2721281521698499 0.11706499488669256 0.24289030857325294 0.9543247887604916 0.26012570373571514 0.9549266638197895
0 0.29589007035488485 0.15010266826721694 0.2818151976160249 0.14969927970047675 0.25940125244623663 0.9317577014100932 0.2734761251850965 0.9321610899768334
0 0.31214597601674715 0.26492385087498665 0.2920049100517422 0.26443535036897436 0.2759677994465515 0.9256516615330334 0.29610886541155645 0.9261401620390457
0 0.3396984299404243 0.20449847145538363 0.31283057929137054 0.20352962733216978 0.287416980038297 0.9082960317785961 0.3142848306873508 0.90926487590181
0 0.3537107433978959 0.2532226803167853 0.3293465505312561 0.2526317522253527 0.31346487290809816 0.907439439093628 0.3378290657747379 0.9080303671850606
0 0.377351536998793 0.24648814075295805 0.3492104936596645 0.24604307928544794 0.3390183779267153 0.8904861315292834 0.3671594212658438 0.8909311929967935
0 0.38994804934095717 0.2512313545661656 0.37043276291866045 0.2511300303200177 0.36711823025909923 0.8895167607083723 0.38663351668139595 0.8896180849545201
0 0.3991327489598086 0.2508021540466347 0.3873195007659759 0.25077284319960247 0.3857495763227173 0.8835047145564511 0.39756282451655 0.8835340254034832
0 0.41195738785123226 0.877552431565124 0.4086322351596383 0.25050014153672084 0.3944784821285897 0.25057519650539856 0.39780363482018355 0.8776274865338015
0 0.4206067359718947 0.8770391223453778 0.41625586810724774 0.20626959820978277 0.4054011073619467 0.20634000634254046 0.4097519752265937 0.8771095304781354
0 0.4319339978335358 0.8711766873102453 0.4227838134438378 0.2884426114761301 0.41043541868174466 0.28863650796112317 0.41958560307144266 0.8713705837952386
0 0.656483687058447 0.19081219315980946 0.6479192790012311 0.15043437736011317 0.4062016900444149 0.20170431421608565 0.4147660981016307 0.24208213001578197
0 0.4448628908439408 0.8652643667660846 0.4335895187020896 0.2385739392497291 0.4193639465209979 0.23882983939130903 0.4306373186628491 0.8655202669076647
0 0.4605641032233262 0.8592102459732983 0.44736922430515413 0.23808040959532425 0.4304725700418013 0.23843935114678355 0.44366744895997334 0.8595691875247576
0 0.4754985606315298 0.8586055172600122 0.45857413244070494 0.23216157093023054 0.442521462232912 0.23259526059359867 0.4594458904237369 0.8590392069233804
0 0.4925308242136041 0.8524632610131228 0.47298019330738567 0.2261451376542531 0.45537007677046437 0.2266948405540869 0.4749207076766829 0.8530129639129566
0 0.5061840567870044 0.8464738257013721 0.48685423979480147 0.22566183642258025 0.4723791434022907 0.2261125380344109 0.49170896039449363 0.8469245273132028
0 0.5255622439451814 0.8402569858830551 0.5040784149914117 0.22504058875652183 0.4845590621740321 0.2257222195439578 0.5060428911278018 0.8409386166704911
0 0.5468417111756476 0.8340141897905058 0.5253578810493355 0.21879779253286294 0.5058385295249634 0.21947942331220277 0.5273223596512755 0.8346958205698456
0 0.5681211798724936 0.8277713913606929 0.5466373497062106 0.21255499539849282 0.5251660610645882 0.21330478932735328 0.546649891230871 0.8285211852895534
0 0.5894006470722104 0.8215285944553896 0.5681086358026675 0.21180520108087922 0.5466373479276556 0.21255499501756284 0.5679293591971986 0.8222783883920732
0 0.609230696553247 0.7822842785816452 0.5856542863433849 0.2110871994277072 0.5645370886903306 0.2119588210317403 0.5881134989001928 0.7831559001856783
0 0.6301092452592615 0.7760527130707202 0.6067152278521687 0.19940828544824196 0.5842576208026194 0.20031937315684073 0.6076516382097122 0.7769638007793189
0 0.6502713318991147 0.7698699294934184 0.6262585835525049 0.19865724160462045 0.6046766274103166 0.199564508009338 0.6286893757569263 0.770777195898136
0 0.6696555484993489 0.7692287104492285 0.6495143978657618 0.19246334223228073 0.6280431120090564 0.19321313829592726 0.6481842626426435 0.769978506512875
0 0.6959898037538992 0.7958076110522415 0.674697794273311 0.18608421785442206 0.6473707002529901 0.18703850097927638 0.6686627097335783 0.7967618941770958
0 0.7237559962672437 0.8003019184196157 0.6982111978260694 0.19062050979685513 0.6714277492767085 0.191742698837027 0.6969725477178829 0.8014241074597874
0 0.7533632045201359 0.8158028960347142 0.7309202738437313 0.17312148080555662 0.6996893109236068 0.17421209011705166 0.7221322416000115 0.8168935053462091
0 0.7788559814616701 0.8148064883429671 0.7523344365267576 0.17225620750610302 0.7269659231426864 0.17330330403335267 0.7534874680775989 0.8158535848702166
0 0.8301151589774507 0.8130025146999236 0.8020394604333067 0.14291569983543687 0.7473629635028726 0.14520656843815535 0.7754386620470167 0.815293383302642
0 0.9283559298947651 0.055574816887584165 0.8938466210150231 -0.01922870682603626 0.6198179431613488 0.10718967317118673 0.6543272520410908 0.18199319688480714
0 0.6494541896448355 0.15526669074013183 0.6288684653646174 0.06730011844784878 0.42259695678401465 0.11557127750126836 0.44318268106423275 0.20353784979355144
0 0.8505579339012094 0.8013378145879393 0.8222606200702701 0.10383092726476022 0.7948158741768576 0.10494433933519395 0.8231131880077969 0.8024512266583729
0 0.8567182673428555 0.740656991369171 0.8336151620907242 0.1529984034803054 0.822074227756824 0.15345212172099668 0.8451773330089554 0.7411107096098621
0 0.8739131101040825 0.7620672461437338 0.8486805492561654 0.15790257679395178 0.8298797705501035 0.1586877795983453 0.8551123313980206 0.7628524489481273
0 0.9006416374708509 0.7776309972174082 0.8738957965473725 0.18445998420959536 0.847863321211124 0.18563377798730735 0.8746091621346024 0.7788047909951201
0 0.9223878015958038 0.7823544872466054 0.8958179017190142 0.14517416327661972 0.8529246123759473 0.14696277846192657 0.8794945122527368 0.7841431024319123
0 0.929838388106794 0.7766420340823635 0.9075872809348672 0.13945362336933548 0.8939237326636121 0.13993076493660328 0.9161748398355389 0.7771191756496313
0 0.9702337730289345 0.7916414018606818 0.9414197692975351 0.11616423968588416 0.9020969887001545 0.11784164169191783 0.930910992431554 0.7933188038667154