0 0.6851609913022922 0.07779012134510557 0.6786148962121066 0.014794695896916765 0.05126864131250851 0.07998463960834103 0.05781473640269423 0.14298006505652983
0 0.7092334574734578 0.14935963633704907 0.697014706394113 0.041812825396600896 0.0645898351216447 0.11366471957079353 0.07680858620098954 0.2212115305112417
0 0.6701688280090685 0.19265057425326532 0.6620772048379949 0.1342175439772819 0.055468202443195516 0.21821886029404025 0.06355982561426911 0.27665189057002365
0 0.7983880989257562 0.24213638798900822 0.7927516621362055 0.17685399771007745 0.03145655861962031 0.24258369465946425 0.037092995409171034 0.307866084938395
0 0.7761170301291366 0.26607442423013083 0.7693919503508042 0.21062270803514735 0.027487421853289822 0.3005994929647237 0.03421250163162231 0.35605120915970717
0 0.838960881547813 0.32546941559702713 0.8340655075207035 0.26253463164303337 0.027296326149362615 0.3252890680330074 0.03219170017647211 0.38822385198700105
0 0.7988496420730231 0.3518155211814268 0.7951146800089279 0.3062184913743513 0.037375072798415954 0.3682867598420138 0.04111003486251104 0.4138837896490893
0 0.7853174727257985 0.3994823074277514 0.7810099418615166 0.3566820935139983 0.05527679961771888 0.42972186653351835 0.05958433048200075 0.47252208044727145
0 0.8050093868416811 0.4313597513843782 0.8013410896000244 0.39472918243596367 0.05435984232959855 0.46953416984389057 0.05802813957125522 0.5061647387923052
0 0.6476825940587146 0.5381215520299065 0.6413816315639764 0.4955427108661928 0.10995930453391296 0.574184403781419 0.11626026702865125 0.6167632449451327
0 0.8102069109807377 0.5663688019423272 0.8003447105037498 0.4897411878780833 0.1086521901251916 0.5787640602160804 0.11851439060217968 0.6553916742803242
0 0.8097742580921565 0.6092146788670866 0.8014087154126311 0.5430490811696274 0.12407495760687692 0.6286867033840634 0.13244050028640236 0.6948523010815226
0 0.891318442444825 0.6383257536616239 0.8824507337070457 0.5549292581893142 0.13739055127372007 0.6341529312287782 0.14625826001149936 0.717549426701088
0 0.7751199843256756 0.6946075542498209 0.7701846725735777 0.64836586875324 0.1304253955561485 0.716646500059625 0.1353607073082465 0.762888185556206
0 0.8544516766479395 0.7838186886489893 0.8429889729748263 0.6438801214471258 0.06720103588367513 0.7074267720514865 0.07866373955678836 0.8473653392533501