0 0.10579964967422577 0.9093862772147799 0.09553460138186025 0.2787455876833486 0.032208362589009394 0.2797763598967075 0.04247341088137491 0.910417049428139
0 0.18538884209595258 0.8972830256344586 0.16892982606120502 0.26100241878781294 0.06072732895924743 0.26380135154741235 0.07718634499399499 0.9000819583940581
0 0.23946353180928887 0.9153133168536913 0.20865132135044587 0.30369144864206377 0.14973541586560976 0.3066595068059748 0.18054762632445276 0.9182813750176024
0 0.2691238724710511 0.18027306359083123 0.20359865422882054 0.1801983169361039 0.20272699094339539 0.9443251828086648 0.268252209185626 0.9443999294633922
0 0.31600292079565356 0.9514690715653733 0.29102976690267024 0.20454572271251692 0.23520293096466044 0.2064122759102171 0.26017608485764376 0.9533356247630737
0 0.35567594376153916 0.1471176240324858 0.29255398667671295 0.14650924184357933 0.2847550561462574 0.9556778322913114 0.3478770132310836 0.956286214480218
0 0.3784258693094916 0.18937244186905705 0.3326768278324413 0.18911914836148908 0.32846755084494283 0.9493849338466738 0.3742165923219932 0.9496382273542417
0 0.4342418871692678 0.9363448968248832 0.4247318632534796 0.20700755147744157 0.3817190921609593 0.20756840645680552 0.3912291160767475 0.9369057518042471
0 0.4676208926041926 0.9408273172141621 0.45820426799782654 0.19016887371542285 0.4213933767259972 0.1906306474389248 0.43081000133236325 0.9412890909376641
0 0.5828738002999995 0.8924560749790154 0.5508478750787349 0.35620189455956247 0.5078818935478985 0.3587678891229773 0.539907818769163 0.8950220695424301
0 0.6215516999925327 0.8935772178841714 0.5931525625861322 0.19675794192084547 0.5159569929314223 0.199904077031357 0.5443561303378227 0.896723352994683
0 0.6620759372326889 0.8831433197158471 0.6357976851972723 0.20092321049680667 0.5691547659255887 0.20349021109578042 0.5954330179610052 0.885710320314821
0 0.685890960854532 0.8713563266645524 0.6719050326230123 0.1222265262407504 0.5880530144564089 0.1237920070258997 0.6020389426879287 0.8729218074497018
0 0.729656555606309 0.8861773031381761 0.7184288603709997 0.24294297838954165 0.6720618083548955 0.24375231817283133 0.6832895035902049 0.8869866429214657
0 0.8257681186008645 0.9488733518493424 0.8121624081033361 0.16940835719599662 0.6722528630466279 0.17185050505246202 0.6858585735441564 0.9513154997058078