0 0.12551355548277976 0.23110285085071505 0.06253372165697832 0.22440841262021874 -0.004133512076175938 0.8515993967737374 0.058846321749625494 0.8582938350042337
0 0.20052405027669645 0.22243656585255644 0.09278697597570712 0.2120280687123147 0.03158020933493385 0.8455717855862336 0.1393172836359232 0.8559802827264752
0 0.23474698566346497 0.2696482302665461 0.1759085139196428 0.2654141219219159 0.1319530967088492 0.8762321178348346 0.19079156845267137 0.8804662261794647
0 0.30980970015349424 0.15451953756459338 0.24478200547913587 0.1464598326918773 0.15079320056790196 0.9047847844237495 0.2158208952422603 0.9128444892964656
0 0.3285942190292467 0.18128092780269542 0.2729560312642518 0.17632998776090222 0.20671597671855038 0.9207293465223516 0.2623541644835453 0.9256802865641449
0 0.39975725646676485 0.13215927799632038 0.3371799441481671 0.12386279923793875 0.2308263020394409 0.9260495187223377 0.29340361435803863 0.9343459974807192
0 0.41718804180357427 0.17687165368810182 0.37181087481724856 0.17104484233055156 0.2749798788215173 0.925130740281747 0.320357045807843 0.9309575516392974
0 0.4609996978488965 0.2000185937548454 0.4182391863217923 0.19533333004140774 0.3387944608448564 0.9203932855314274 0.3815549723719607 0.9250785492448653
0 0.49627472283261154 0.18738468971619934 0.4596819380946469 0.18335690237009067 0.37754612283211575 0.9295676500856566 0.41413890757008043 0.9335954374317652
0 0.5679934432079556 0.36347054024236114 0.5250350074620247 0.36078117261728526 0.4914692752471813 0.896941174385655 0.5344277109931123 0.8996305420107309
0 0.6294141278622034 0.21037070297323698 0.552410545215511 0.20408561398655736 0.49567709268602733 0.899171890401272 0.5726806753327197 0.9054569793879518
0 0.6712337623407711 0.219702058317288 0.6047747508131477 0.21412819580503717 0.5477154091059786 0.8944656529885766 0.6141744206336021 0.9000395155008274
0 0.7125205855593209 0.14132664474419482 0.6315977822843244 0.13768644218033824 0.5977992959843256 0.8890370084932784 0.6787220992593219 0.8926772110571349
0 0.7475555731152881 0.27135323283850876 0.7012982691596249 0.2665665090735391 0.6350733722378236 0.9065418527026857 0.6813306761934868 0.9113285764676553
0 0.8472676988915199 0.20507022766713373 0.7088035209912741 0.19727984341938723 0.6649452314099813 0.9768051938847802 0.8034094093102271 0.9845955781325266