0 0.8560097557270883 0.058724690520717895 0.06604383831427041 -0.022078870223630982 0.05592039261475805 0.07689173200881369 0.8458863100275759 0.15769529275316257
0 0.8509794691392905 0.15154886891517977 0.05490616495429117 0.0752645493054209 0.04976282684864465 0.12893841283659468 0.8458361310336441 0.20522273244635353
0 0.8754237529164213 0.20430078217824593 0.052829707024505325 0.12140626871705482 0.03663027020007778 0.28215949256962036 0.8592243160919937 0.3650540060308115
0 0.7762689947741719 0.2513760997043802 0.04441538045684591 0.182561005916111 0.030129313631820576 0.3344943836783012 0.7619829279491466 0.4033094774665703
0 0.6944525353684858 0.29478974855051765 0.041297023172981874 0.24251658789874195 0.03867617822670144 0.27526416432091955 0.6918316904222055 0.3275373249726952
0 0.698233263683551 0.3270663653603466 0.038287870263674154 0.2692617775131242 0.03253966382366207 0.3348880971841281 0.6924850572435389 0.39269268503135046
0 0.6262789850187546 0.37062481636747513 0.03447784990063081 0.3219169914388972 0.031257072594141885 0.36104950595248453 0.6230582077122657 0.40975733088106236
0 0.7126518220309587 0.41194169829849797 0.032413861771023074 0.3608029880849014 0.02956153141969602 0.3987441753395293 0.7097994916796316 0.4498828855531259
0 0.7281403682138449 0.4931029440463483 0.02817873781176609 0.443647752878303 0.023786119022028658 0.5058184681698875 0.7237477494241075 0.5552736593379328
0 0.6963462807109446 0.4441336461545776 0.0329403290211258 0.39753252007617795 0.029589817730368173 0.44522984669770843 0.6929957694201871 0.49183097277610804
0 0.7202276864829705 0.5535586112925163 0.022944131602468144 0.5052458985669819 0.018521134321280254 0.5690817523923353 0.7158046892017825 0.6173944651178697
0 0.697823536231642 0.616637456179846 0.017471656830153826 0.5583775664099075 0.012877678396779845 0.6120254856459071 0.6932295577982679 0.6702853754158455
0 0.6379459864175472 0.6580294767987148 0.013096170813936658 0.6110547291909285 0.009570490641521944 0.6579527056101883 0.6344203062451326 0.7049274532179746
0 0.624338387676627 0.7044018688121441 0.009436805560076578 0.6578230752859064 0.004205038661889415 0.7268893069208704 0.6191066207784399 0.773468100447108
0 0.674329406284012 0.7763654644513539 0.0013062673929403411 0.7248392013003059 -0.0030116867385352464 0.781239236261783 0.6700114521525364 0.832765499412831
0 0.5996653767116888 0.8258297771488206 0.0040827824576778245 0.7828503527002446 0.0011950801768742304 0.822866365894931 0.5967776744308853 0.865845790343507
0 0.6690060293362848 0.8694889035891915 0.0003525939630745989 0.8233481572086252 -0.0037197627244267895 0.882363138602809 0.6649336726487834 0.9285038849833753
0 0.673375631511767 0.925797796465637 0.00008108827795325624 0.8832325853038963 -0.0037488310376642573 0.9438140720591852 0.6695457121961496 0.9863792832209258
0 0.618817378604226 0.9697528191980561 1.2212453270876723e-16 0.9373219812499999 -0.0019421545447801559 0.974380505182381 0.6168752240594457 1.0068113431304373