0 0.7881273019043085 0.10494625588518214 0.7823057112887517 0.006496958675014564 -0.0055104832512603025 0.053082800269464936 0.0003111073642965326 0.1515320974796325
0 0.7954191824512261 0.1538287608449255 0.7919689440489611 0.0994802992957134 -0.0030989181905059075 0.14995410467144485 0.0003513202117591013 0.20430256622065693
0 0.8270627312500001 0.15082204375000008 2.1953255318455133e-17 0.15082204375000002 3.2066818647326643e-17 0.31598906718750003 0.8270627312500001 0.3159890671875001
0 0.7381374056568508 0.21404456155303167 0.005528452550109873 0.17537836338356455 -0.0027675685500038404 0.3325631816702784 0.7298413845567371 0.37122937983974547
0 0.6624911940690762 0.2996580373692004 0.6599587644655818 0.2669042269819361 0.006663563335470454 0.31741511678686657 0.009195992938964805 0.35016892717413084
0 0.6727774173653042 0.3651925689084021 0.6696718385162009 0.29848801106922507 0.007952845396875421 0.3292958085519077 0.011058424245978651 0.3960003663910848
0 0.6073597475529852 0.39027399692861114 0.6043266602583591 0.3511415198790795 0.012348219806685958 0.397024694720115 0.015381307101311938 0.43615717176964663
0 0.6992135127634198 0.4151612866143254 0.695965453414179 0.3774075907994332 0.016397565132541557 0.43587277640137395 0.01964562448178219 0.47362647221626614
0 0.7295856364512548 0.5199782680892425 0.7243497454415553 0.45759955057028245 0.025047755394721614 0.516296958089735 0.03028364640442116 0.578675675608695
0 0.6893645783004966 0.46213496632623946 0.6852453581890976 0.41412740801894865 0.02259257894166536 0.4709853852082594 0.026711799053064332 0.5189929435155503
0 0.7314600364324607 0.5822827741914527 0.7260508650975948 0.5186122347162093 0.029589528157222877 0.577780552287715 0.03499869949208885 0.6414510917629583
0 0.7174706916810485 0.6376130753115409 0.7136086916137858 0.5842140211170137 0.03256114540470824 0.6334696813331484 0.036423145471970994 0.6868687355276756
0 0.664791377361434 0.6813946005714293 0.6609842513913674 0.63451222481472 0.03641512173628714 0.6852309291301997 0.04022224770635373 0.732113304886909
0 0.6603336423618519 0.7502811910408422 0.6545409888744695 0.681161459035384 0.04016091694839365 0.7326502418035203 0.04595357043577604 0.8017699738089785
0 0.7199602487971756 0.8018185696924561 0.7153908145199745 0.7456305004175301 0.04263196152562035 0.8003418902700858 0.04720139580282144 0.8565299595450121
0 0.652743807303191 0.8447884195733618 0.6492439794228224 0.8049611640951169 0.0544550760713705 0.8572283555419478 0.05795490395173911 0.8970556110201928
0 0.729847363975513 0.8956019061563938 0.7244172347865041 0.8364155797965196 0.05507650277258931 0.8978251463271676 0.06050663196159818 0.9570114726870417
0 0.7434006426468811 0.9542222300049463 0.7384944688851007 0.8935358496283359 0.060746649488925254 0.9483281860305066 0.06565282325070558 1.009014566407117
0 0.6947190565158764 0.9822883417434938 0.6912483846839811 0.9492671058740221 0.20855715929915508 0.9999999992783838 0.21202783113105048 1.0330212351478554