0 0.14300481209838772 0.16587541578211168 0.04457986710174828 0.15965566186070185 -0.00549625401159991 0.9520888559233338 0.09292869098503952 0.9583086098447436
0 0.19241160937001392 0.16459516607777422 0.13804777371509525 0.1613962756943061 0.09107632656738888 0.9596568370465649 0.14544016222230755 0.9628557274300329
0 0.3622184598486696 0.16378415257254095 0.19496860313019682 0.1297301639522861 0.030646813792304318 0.9367661922118131 0.19789667051077714 0.970820180832068
0 0.40108823041891356 0.2597342042179488 0.24559148254918184 0.22792768890857856 0.0989234359984437 0.9449633035685541 0.25442018386817544 0.9767698188779242
0 0.32095405025006846 0.3143044465317937 0.2881357570132547 0.3128263145084863 0.258653490085597 0.9674076821138857 0.29147178332241075 0.9688858141371931
0 0.38725367355215823 0.3120815453154234 0.3206678464859302 0.3070347349402331 0.2706027475515637 0.9675759028995342 0.3371885746177917 0.9726227132747246
0 0.40417573955083974 0.38006825974218417 0.3649653100366716 0.37830968962435246 0.3383624551969532 0.9714673658474524 0.3775728847111212 0.973225935965284
0 0.4400716808331359 0.29193215665270633 0.40220355729413615 0.2905549874134371 0.3774144607409769 0.9721825927420065 0.41528258427997666 0.9735597619812756
0 0.5478088034796926 0.27456039729015425 0.4852569522878939 0.2721552074783734 0.45829336478326965 0.9733981218317764 0.5208452159750683 0.9758033116435574
0 0.48549494520047043 0.3074323313783802 0.43734321955714106 0.30567019753543656 0.413020323675379 0.97031290560203 0.4611720493187084 0.9720750394449738
0 0.6098773335109275 0.28029297963867345 0.5460221724188371 0.27790234496306765 0.5198721721718293 0.976383169059609 0.5837273332639197 0.9787738037352147
0 0.6630903383140614 0.30092111640981545 0.6096186523440934 0.29824662209203995 0.5755083522065066 0.9802204984902592 0.6289800381764745 0.9828949928080348
0 0.700125529335149 0.3585433943288173 0.6531286361831309 0.3566086182081472 0.6273534609732 0.9827033598034329 0.6743503541252182 0.9846381359241031
0 0.7679553901494932 0.3713630639431817 0.6986449201747238 0.36868896320631916 0.674875814279582 0.9847644452411792 0.7441862842543514 0.9874385459780417
0 0.8263752706755513 0.3184617327875567 0.7700491462737249 0.31614950416982085 0.7423640463324676 0.9905613557518821 0.7986901707342939 0.9928735843696179
0 0.8608332072250505 0.3904138592055904 0.8208762968936186 0.3890338784040383 0.8002673628677297 0.9857590849958061 0.8402242731991615 0.9871390657973581
0 0.9206644979961357 0.3200776287010993 0.8612575703908479 0.31825428364623287 0.8406372824193065 0.9900897935822736 0.9000442100245942 0.9919131386371399
0 0.980474701565405 0.3137550936435888 0.9196535561116326 0.31129011306140025 0.8921197115524395 0.9906625904500206 0.9529408570062119 0.9931275710322091
0 1.002423721281424 0.3655085129558042 0.9653199988064006 0.3648608650578773 0.9543702473484663 0.9921716933121305 0.9914739698234897 0.9928193412100574