0 0.8240491719676124 0.023650260477725206 0.8223756860218445 -0.014719293678783715 -0.0016734859457678817 0.021221564593491084 3.4694469519536144e-19 0.059591118750000005
0 0.8379607161744482 0.06728377801915313 0.836060141502943 0.020785942729290692 -0.0018645426147362739 0.05503567546061901 0.0000360320567689941 0.10153351075048145
0 0.8616273347662184 0.1225406434913334 0.8595275876823519 0.06592727405653502 -0.0020660438524733723 0.09788313065639419 0.00003370323139320827 0.15449650009119256
0 0.7889934751176979 0.1954140438829605 0.7854439051291646 0.1176673399538852 -0.0034864522939776947 0.1536864041486412 0.00006311769455562555 0.2314331080777165
0 0.8743303332244509 0.2877216089198782 0.8697043791979328 0.19236303758586512 -0.0030817443035463495 0.23470289677019274 0.0015442097229717289 0.3300614681042058
0 0.8756003891624264 0.3628362344232841 0.8717393170715575 0.28568381837858925 0.004633388476970502 0.3290779033905752 0.008494460567839493 0.4062303194352701
0 0.8763788069956211 0.43944029955372 0.8722782076833726 0.36022118277994003 0.013933335474285654 0.4046514735480585 0.01803393478653411 0.48387059032183843
0 0.8726278473615805 0.5278555636819565 0.8707046501062093 0.4406567632119212 0.01840994716739272 0.4594543937369262 0.020333144422763932 0.5466531942069615
0 0.8049954428177777 0.5608263187336882 0.8016188727414232 0.5025882676385053 0.026432035017563988 0.5475326404432272 0.029808605093918594 0.60577069153841
0 0.858060075584682 0.6062386266639676 0.856157246366617 0.5577689050512087 0.03095084612491809 0.5901649411138726 0.03285367534298318 0.6386346627266315
0 0.8045248830487923 0.6600423000389533 0.8003226605225826 0.5923231713032868 0.034410265863051 0.6398508695775 0.03861248838926053 0.7075699983131665
0 0.7748824850998981 0.6904212914239393 0.7719132347540911 0.6511481002002789 0.037524449873549304 0.7066715778073059 0.0404937002193564 0.7459447690309664
0 0.8327593285243067 0.7179211390648922 0.8290143564428518 0.6751158989189133 0.04066542456753357 0.7440874717975962 0.044410396648988514 0.7868927119435749
0 0.7944356284476186 0.7546273960732245 0.791575206272019 0.7196509788385305 0.043939374223636016 0.780793722502472 0.046799796399235497 0.8157701397371661
0 1.0043386818162499 0.7980798761385239 0.9998984696811297 0.7391940948591577 0.043825679608324786 0.8112856237869884 0.048265891743444825 0.8701714050663547
0 0.889352397206079 0.8914454505274987 0.883343762797443 0.8079842212484865 0.05430144367307741 0.8676695655447337 0.0603100780817132 0.9511307948237461
0 0.9015853414135708 0.9667757540266821 0.893754942728469 0.8772738866869721 0.06145624732847188 0.9500905865367691 0.06928664601357362 1.0395924538764791