0 0.8040395650909575 0.013044281568904904 0.8010285302305075 -0.025514607245560657 -0.0030016913468473567 0.03727151290623421 0.000009343513602618619 0.07583040172069977
0 0.8226532621546323 0.055752717495749136 0.8191310941249463 0.009349536700873917 -0.0034071606232295446 0.07178314350197529 0.00011500740645635221 0.11818632429685053
0 0.8482339008132632 0.11014996932891448 0.8441596546463946 0.053644366252269704 -0.0039660070131128985 0.1147971110756814 0.00010823915375558212 0.17130271415232617
0 0.7781875316155488 0.1855138639735026 0.77192680308376 0.10793839797160776 -0.006118642025727492 0.17073056111641294 0.00014208650606129246 0.24830602711830782
0 0.8666938924073749 0.274786982714799 0.858742790086733 0.1796479443431819 -0.007004375118058928 0.2520014641197962 0.0009467272025828532 0.3471405024914133
0 0.8705846385012729 0.34981152699062246 0.8640333382645243 0.27284086072131847 -0.0008660806005765965 0.3464561227712752 0.005685219636171912 0.4234267890405792
0 0.8740360250452424 0.42634176044633143 0.8671732165409083 0.347314010575874 0.010901819291985294 0.4216730380907744 0.01776462779631945 0.5007007879612317
0 0.8746210240763682 0.513641035276335 0.8679963695411251 0.42759489469897705 0.017772546686601342 0.4930532530431419 0.024397201221844595 0.5790993936204998
0 0.8069324560078268 0.5501450771395023 0.8015254639215446 0.4920603418513075 0.028379385610359263 0.5640309672871837 0.03378637769664146 0.6221157025753785
0 0.8615496284131913 0.5936777934564014 0.8579563895559653 0.5453040064689919 0.034383289943564224 0.6064795944803982 0.037976528800790166 0.6548533814678078
0 0.8099247709336636 0.6493170357000879 0.8033617437116328 0.5817858124957921 0.03957461619771406 0.6560145243694969 0.04613764341974484 0.723545747573793
0 0.7813606413595375 0.6807120314073414 0.7770225852697811 0.6415663901525372 0.045018911095120843 0.7226858429112213 0.04935696718487728 0.7618314841660254
0 0.8401619576798517 0.7061752588576287 0.834925385789324 0.6635267916720353 0.0494637683014048 0.7599693252178826 0.054700340191932394 0.8026177924034761
0 0.8031426340580154 0.7441966278405908 0.7990632950224323 0.7093413452929489 0.05401675485680013 0.7965389581790157 0.0580960938923832 0.8313942407266577
0 1.0063333732695718 0.7811932144393039 0.9998407814648054 0.7224982674286984 0.05496728117386984 0.8270162584479488 0.06145987297863624 0.8857112054585544
0 0.9027764635142124 0.8776187848291583 0.8938587335152182 0.7944180939732634 0.06740443435269725 0.8830002466047165 0.07632216435169134 0.9662009374606116
0 0.9176309448432318 0.9524762856839472 0.9066817476103841 0.8633022215917473 0.0774313317817136 0.9651213598216856 0.08838052901456131 1.0542954239138855