0 0.7400444976424925 0.055344482780358265 0.6604528089249322 0.03293328786045167 0.5559333211084941 0.40412646024304444 0.6355250098260543 0.426537655162951
0 0.7300581450126111 0.07521619214809908 0.6865125239928003 0.06884470671542162 0.6205425397415392 0.5197134975557912 0.6640881607613499 0.5260849829884686
0 0.7584137244621901 0.12112255488220122 0.7175254116993026 0.11570122750099124 0.6650425429416016 0.5115334290197844 0.7059308557044892 0.5169547564009943
0 0.813253151495509 0.0729576413246146 0.7635677255787683 0.06617568413589739 0.7028053365928647 0.5113281810442918 0.7524907625096056 0.5181101382330089
0 0.8540235178053635 0.06863507435831744 0.7997649566493636 0.06275154840459476 0.7511245713620529 0.5113188430033524 0.8053831325180528 0.517202368957075
0 0.656121410875482 0.1069444808944032 0.6402882566981504 0.004795259398265273 -0.01563943490139575 0.1064642111354018 0.0001937192759359885 0.20861343263153972
0 0.602409696838315 0.1695625464664386 0.5944644509633258 0.11684991289484284 -0.007691997833641129 0.20761147642788255 0.00025324804134804204 0.2603241099994783
0 0.6089942246088329 0.21683423344109923 0.6016730201964628 0.16792106945255164 -0.007316066788941006 0.2590730871745432 0.000005137623429074534 0.30798625116309075
0 0.6070892733993881 0.2501914268087514 0.6019231313152538 0.21594233397700982 -0.00512431942079643 0.30750952957313843 0.000041822663338020316 0.34175862240488
0 0.5918260286979641 0.3030876081605842 0.584463966090628 0.2529863164690002 -0.007184334942052323 0.3399252293525236 0.00017772766528374452 0.3900265210441076
0 0.6013980771840439 0.3733272202055146 0.5916124684316995 0.30369899585134197 -0.009785608752344632 0.3882199834583273 0 0.4578482078125
0 0.6117273311983981 0.44682367799970785 0.6016699000995217 0.37526133688948404 -0.00741544506382098 0.46086269924402634 0.002641986035055366 0.5324250403542502
0 0.6174356031309912 0.4874401481560252 0.6114555086112283 0.44488956051026773 0.002771830195996372 0.5304344643753739 0.00875192471575933 0.5729850520211313
0 0.62023053341611 0.5264187725026854 0.6135682595152179 0.48334492641847726 0.007609508055344927 0.5770691591460594 0.014271781956237194 0.6201430052302676
0 0.6314030814591528 0.5854849568595765 0.6233048793025324 0.529533397324364 0.013402842359569811 0.6178081484113347 0.02150104451619026 0.6737597079465472
0 0.632471090503097 0.6159917851746958 0.6277451450341065 0.5839388819572731 0.022627430373022218 0.6731586728264519 0.027353375842012806 0.7052115760438746
0 0.661514298373891 0.6626986762300885 0.6547187366250385 0.6143457428728699 0.025374778295402235 0.7027942698422838 0.0321703400442546 0.7511472031995023
0 0.6771102889998204 0.7251383919118541 0.667411435936781 0.6587694408032668 0.03347358864562573 0.7514102002137448 0.04317244170866512 0.817779151322332
0 0.774682901087173 0.8913614827465818 0.7211338798270243 0.5103403691581966 0.6321357447323377 0.5228482403977085 0.6856847659924864 0.9038693539860937
0 0.8483426729594676 0.9199182988836114 0.8087987253854049 0.5085383569699042 0.72036039927628 0.5170395019574998 0.7599043468503429 0.928419443871207
0 0.9237045504242577 0.9409068676986756 0.8866320094569448 0.5092330804363824 0.8413558821037377 0.5131214358002515 0.8784284230710506 0.9447952230625448
0 0.8874746625333456 0.9388926977807464 0.8436583233346315 0.5132254855194652 0.8046024839525957 0.5172457244684858 0.8484188231513098 0.9429129367297667
0 0.572556071334764 0.8369311379220463 0.5597804153905485 0.7460276223742633 0.04168412595263508 0.8188413073010496 0.0544597818968506 0.9097448228488325
0 0.6905993021048221 0.8696492295652274 0.6840755627791772 0.8232304129319845 0.056320856722776425 0.9114555845281508 0.06284459604842137 0.9578744011613936
0 0.6918762481010077 0.9006007142373079 0.6870148208302777 0.8673574875248959 0.06277008735854937 0.9586458692804497 0.06763151462927944 0.9918890959928616
0 0.7091049569789067 0.9321349733103178 0.7044839749485767 0.8992549775189167 0.06560450163445883 0.9890436315218258 0.0702254836647888 1.0219236273132268
0 0.7116347245677688 0.9731981437611192 0.7056546301266801 0.9306475630758599 0.22594837307726695 0.998065884399273 0.23192846751835558 1.0406164650845322