0 0.43617035300352447 0.35968064752483114 0.07317229823861941 0.22952263880039717 0.04526366112693753 0.30735711922894077 0.40826171589184257 0.43751512795337477
0 0.5374676536280455 0.33813114683310214 0.092298989266731 0.2408708433021003 0.08290543539090675 0.2838659366823487 0.5280740997522212 0.3811262402133505
0 0.5312784668356691 0.2957534852121504 0.14007151014781777 0.21578660555404702 0.1318111645529098 0.25619714395682147 0.5230181212407612 0.3361640236149248
0 0.5356788883975085 0.24938759130953542 0.09584933017573775 0.1577209480623611 0.08561801312591799 0.20681225869228115 0.5254475713476887 0.2984789019394555
0 0.5384629155408067 0.19656074563453801 0.0943812928050848 0.11674835803562567 0.08472721126829921 0.17046433275904246 0.5288088340040211 0.25027672035795484
0 0.1762768591150675 0.9998682026110475 0.11879242478900616 0.3168407263909891 0.015787566945231684 0.32550974219508844 0.07327200127129305 1.0085372184151467
0 0.22748979612209913 0.999850183174398 0.17751121791941088 0.37478961538648303 0.12437275671797235 0.3790384592195301 0.17435133492066063 1.004099027007445
0 0.27472874536706976 0.9999869548501321 0.22512706206283398 0.3715186339610136 0.17582234874360445 0.37540999442291667 0.22542403204784023 1.0038783153120352
0 0.30825087787832245 0.9999677151135293 0.2582701182572814 0.3757458265612719 0.22374408234183224 0.378510288258954 0.2737248419628733 1.0027321768112114
0 0.3561123424244984 0.999902786027099 0.30997273542480336 0.3946617402865321 0.25947993661861973 0.3985109800392349 0.3056195436183148 1.0037520257798018
0 0.42336336977030975 0.9999991436529869 0.38070896074606403 0.39001267721195776 0.31056773760352296 0.39491742934332674 0.35322214662776863 1.004903895784356
0 0.49765686514845564 0.9984762812138595 0.4547469193061894 0.38483543829199035 0.3826573276781794 0.38987643337605266 0.4255672735204456 1.0035172762979216
0 0.5385395299491209 0.995142599260544 0.4956626384343572 0.3819743334246367 0.45279854972549416 0.38497168176089425 0.49567544124025786 0.9981399475968014
0 0.5859676560937276 0.9929257612108321 0.5347412755639146 0.38190522226722773 0.49130761860721234 0.38554658765064365 0.5425339991370253 0.9965671265942481
0 0.6399580381123136 0.9894542219998208 0.5944429363766158 0.3748801383149344 0.5380627699407352 0.37905563005682247 0.583577871676433 0.9936297137417087
0 0.6717415282510413 0.9858101165697377 0.6249499519219817 0.3759427802295973 0.592645462087431 0.37842131598941653 0.6394370384164907 0.988288652329557
0 0.7179012744968574 0.9842091934821597 0.6735690156247309 0.35022842732506626 0.6248598333033549 0.35363450554603515 0.6691920921754815 0.9876152717031286
0 0.7851383764612968 0.9778819030287058 0.7369445552957294 0.3390260017940832 0.6700607196237998 0.34407156466516386 0.7182545407893671 0.9829274658997866
0 0.9158382632989112 0.3429400490867594 0.9095690551166685 0.2532862029427388 0.5257406989961295 0.28012609854411763 0.532009907178372 0.36977994468813824
0 0.9454456803184051 0.2706787160518692 0.9436009453678196 0.181985753195368 0.5300950362322219 0.19058630929687365 0.5319397711828074 0.2792792721533749
0 0.9702006550690155 0.14467451427133743 0.9683640635211338 0.09807214646367626 0.5359895409553519 0.11511195433226225 0.5378261325032336 0.1617143221399234
0 0.9662222029812858 0.18194746040090942 0.9647784810837718 0.14290058622285892 0.5371454028076271 0.1587119220136161 0.5385891247051411 0.1977587961916666
0 0.8776673908800825 0.9730372588285512 0.8411716463013927 0.4511237992353806 0.7495983823564099 0.457527225684237 0.7860941269350997 0.9794406852774076
0 0.9262646218118153 0.9680302194029506 0.8820443195809192 0.33565041477479163 0.8352835026734745 0.3389202495182124 0.8795038049043706 0.9713000541463715
0 0.9605303790026163 0.9656277062399136 0.9130094815724098 0.33653564588119383 0.8795081172757145 0.3390663007675509 0.927029014705921 0.9681583611262707
0 0.9906726929373108 0.9651351576708119 0.945668738404682 0.3215486232849824 0.9125464937653167 0.32386475625564987 0.9575504482979454 0.9674512906414794
0 1.0363882922582048 0.9614790016856292 0.9847760674175483 0.32162457244002246 0.9391142110789715 0.3253077695677925 0.9907264359196282 0.9651621988133993