0 0.9140185082364939 0.46194438154978307 0.5624845481901133 0.42817133563751797 0.5574114309919399 0.4809759592739553 0.9089453910383204 0.5147490051862204
0 0.9199626078762793 0.4231534179819617 0.5675797116266831 0.39705476620531965 0.5646895612612678 0.43607745462148406 0.917072457510864 0.4621761063981261
0 0.960287738072702 0.5073087332007591 0.5506535132352821 0.4762120040136196 0.5469793874984974 0.5246109092195554 0.9566136123359172 0.555707638406695
0 0.9692975029918209 0.5567272163866768 0.541963876318431 0.5118126292528451 0.5353006635595439 0.5752088453878668 0.9626342902329336 0.6201234325216984
0 0.9382134888039495 0.6229088912676971 0.5300059442540743 0.5444246877578941 0.5131664487641047 0.6320093073120774 0.9213739933139801 0.7104935108218804
0 0.9294327704097558 0.6724497801949072 0.5224022250000001 0.6418740046875001 0.5192939078966786 0.6832525138136194 0.9263244533064343 0.7138282893210264
0 0.934843526346306 0.7121813358597932 0.5219355921875002 0.6836839296875 0.5178380491906986 0.7430545265659341 0.9307459833495045 0.7715519327382271
0 0.916247944912018 0.7717910525997752 0.5003047892915736 0.6900078576544104 0.4876062200055859 0.7545918224188971 0.9035493756260304 0.8363750173642618
0 0.920157507525434 0.7789210476668527 0.49105483635870134 0.7501128687204004 0.4873760823946962 0.8049085278092303 0.9164787535614287 0.8337167067556827
0 0.9329406118728732 0.8342237697050303 0.5024552008362667 0.8085867769842341 0.4983852342746708 0.8769279138427946 0.9288706453112774 0.9025649065635907
0 0.477422208332505 0.8158565727084193 0.00730799750999733 0.8075663247944291 0.006125748712222159 0.8746079822126603 0.4762399595347298 0.8828982301266505
0 0.4533667000000001 0.7942054031250001 0.020239733334316203 0.7578795116704896 0.016378497390452208 0.8039184482246171 0.4495054640561362 0.8402443396791274
0 0.4729469703125 0.7387072890624999 0.019409762625420955 0.6869533570014352 0.011611619699128783 0.755291120473441 0.46514882738620783 0.8070450525345059
0 0.48778783437500006 0.6722462984375001 0.01948180148955536 0.6335132961750707 0.014448504813667573 0.6943689763686738 0.48275453769911225 0.7331019786311032
0 0.4991494574028625 0.6193857883316186 0.02455950173708904 0.5754153107066956 0.01938031173802618 0.6313162625454958 0.4939702674037997 0.6752867401704188
0 0.5001882808667231 0.588498440860381 0.05921173281250006 0.5644126796875 0.05755955243710594 0.5946617880081685 0.49853610049132885 0.6187475491810495
0 0.49369382343750007 0.578684359375 0.06193140937500008 0.538536675 0.059882858136561246 0.5605675204100993 0.4916452721990613 0.6007152047850992
0 0.5049526785735677 0.5389052558992455 0.07091862905042737 0.5082988993653318 0.06815140571858518 0.5475413733044798 0.5021854552417256 0.5781477298383935
0 0.47921211907594274 0.5340253574711701 0.04460559531250006 0.479159571875 0.041487469486586784 0.5038590783366697 0.47609399325002955 0.5587248639328398
0 0.49347811554565835 0.5095953730978464 0.05676543281250006 0.45689195312499997 0.05383129168681533 0.4812049226282249 0.49054397441997366 0.5339083426010713
0 0.5133433506758351 0.4905941837438862 0.07339145734029037 0.43128996962168714 0.0696040911200723 0.4593867746127561 0.5095559844556171 0.5186909887349551
0 0.5279655272484244 0.4606796937026891 0.08524192812500006 0.410177425 0.08185577900157559 0.439861796922311 0.5245793781249999 0.490364065625
0 0.5205623336172833 0.4364133765406454 0.07463659375000005 0.38028471875000003 0.07155789022267264 0.4047441161825233 0.5174836300899559 0.4608727739731687
0 0.5079802359406664 0.40649630844879886 0.06276965063148188 0.34523971912010304 0.058439364353573775 0.37671207677943935 0.5036499496627583 0.4379686661081352
0 0.5248643005314988 0.3767620184403591 0.04701290069370369 0.3099757489465499 0.04192767538239221 0.34636020419338814 0.5197790752201873 0.41314647368719737
0 0.5334541206752047 0.2965941064695735 0.11678878125000006 0.24082487968750002 0.10628364182479537 0.3193113091554266 0.52294898125 0.3750805359375001
0 0.537244381660642 0.2226067364852075 0.11302129375 0.16455951875 0.10335494194153091 0.2352035525730402 0.527578029852173 0.29325077030824775
0 0.5337687087538677 0.16094386601206284 0.12829189243592473 0.09709077541362379 0.1182470119696882 0.16087729089112915 0.5237238282876312 0.2247303814895682
0 0.5322763014984463 0.09228301545618589 0.11112188594544599 0.03997501034058949 0.10327317975949972 0.10316834488440367 0.5244275953125 0.15547635000000007
0 0.5317550690811385 0.07129743282967117 0.11094411548008368 0.017384358660609694 0.10809684148287393 0.039608357280537985 0.5289077950839288 0.09352143144959947
0 1.005165677741855 0.09617056036582883 0.5358554092561076 0.056030636428554534 0.5304316765291162 0.11944414628664435 0.9997419450148636 0.15958407022391863
0 0.9852490890624999 0.16205167031250012 0.5506839246570208 0.11505539183645955 0.5362754031250001 0.24828810156250009 0.9708405675304792 0.29528438003854063
0 0.9626771734374998 0.2460133921875 0.6161608162067653 0.21364647610750093 0.6131310462247523 0.24608283349228577 0.9596474034554868 0.27844974957228485
0 0.9583023529018982 0.28591395813869314 0.565084339195583 0.2505938339476444 0.5616103824014533 0.2892693035722788 0.9548283961077686 0.32458942776332755
0 0.9312393954280527 0.31784458730826437 0.564945153125 0.293160384375 0.5606491477152293 0.35690974062345193 0.9269433900182822 0.3815939435567163
0 0.9149212198231599 0.3806181001488417 0.5428785218750001 0.3536295437500001 0.5398772559224638 0.39500260075016935 0.9119199538706237 0.4219911571490109