0 0.9146196126431999 0.4691757973322649 0.5637286138962294 0.42927277950799414 0.5577347012135669 0.48198082321746777 0.9086256999605373 0.5218838410417386
0 0.9212398041141711 0.4304944813500927 0.569366060269164 0.39824987369360904 0.5657953103558011 0.4372161763304659 0.9176690542008081 0.4694607839869495
0 0.9600900796959702 0.5153407483329535 0.5510609570491728 0.47709965282736605 0.5465427135989147 0.5254270642137292 0.9555718362457121 0.5636681597193166
0 0.9682359990980258 0.5649089461357816 0.5417513238340714 0.51254322277698 0.5339827126909584 0.5758134955453127 0.960467387954913 0.6281792189041143
0 0.9360016912525679 0.6305380518288883 0.5292260558540447 0.5449415981214901 0.5108605627240561 0.6322189888752691 0.9176361981225793 0.7178154425826674
0 0.9263577013007938 0.6799181513342998 0.5199227703125 0.6422433703125001 0.5160927720887464 0.6835613294761084 0.9225277030770401 0.7212361104979081
0 0.9310742234307323 0.7197380852531671 0.5187265234375 0.6840387828125001 0.5135934447911892 0.7433288257260424 0.9259411447844215 0.7790281281667093
0 0.911441140170617 0.7790141868065563 0.4969886494221821 0.6899842377792549 0.4831648683021351 0.7543367458887202 0.8976173590505698 0.8433666949160216
0 0.9152256719008459 0.7862113267028551 0.48669112739762194 0.749918661300263 0.48205661772939007 0.8046417704365145 0.9105911622326142 0.8409344358391067
0 0.9270416638512273 0.8417287212961286 0.4970692452185489 0.8085826261046695 0.49180718117139727 0.8768423228286701 0.9217795998040756 0.9099884180201293
0 0.4719131888769145 0.8154144294656731 0.0020152634892498687 0.7989208205335979 -0.00033684345074622146 0.8659316352040436 0.4695610819369184 0.8824252441361187
0 0.44823920937499995 0.7933467296875 0.015812185460737073 0.7494672648371459 0.011148047695545782 0.7954318001797305 0.44357507160980864 0.8393112650300845
0 0.4687850734375 0.7381987921875 0.016220172635471163 0.6785374276621363 0.007230559175152862 0.7467286860465798 0.45979545997718174 0.8063900505719435
0 0.48478358281250006 0.6720069328125 0.017224858448557666 0.6251067625555244 0.011130250355325277 0.6858653305939013 0.47868897471926763 0.7327655008508768
0 0.497066018025175 0.6193527609204509 0.023315734451085035 0.5671062443991124 0.017161727297890228 0.6229082926132223 0.49091201087198016 0.6751548091345608
0 0.4986437413073923 0.5884882495764628 0.05815471093750006 0.556710053125 0.055974862436424334 0.5869257185753252 0.4964638928063166 0.6187039150267881
0 0.4923215531250002 0.5785623187500001 0.061325571875000054 0.5308854546875 0.058892841180813935 0.5528771937264446 0.48988882243081405 0.6005540577889447
0 0.5042729347706092 0.5389857672119919 0.0708391433947206 0.5008091339703888 0.06738746607118326 0.5399973352839771 0.5008212574470718 0.5781739685255801
0 0.4786214595317483 0.5336573768199218 0.045038668750000066 0.47121501875 0.04148995200913978 0.49585634485868324 0.47507274279088796 0.5582987029286051
0 0.4933116469245039 0.5094800883688286 0.05758527812500005 0.44916300781249985 0.054227263811626535 0.4734210682101111 0.48995363261113045 0.5337381487664399
0 0.5135054729012614 0.49082849009875307 0.07465558753414261 0.42385508791396054 0.07037844097799464 0.4518815165353531 0.5092283263451135 0.5188549187201457
0 0.5286475018521551 0.4611737494561624 0.08687271718750007 0.402952578125 0.08296902002284492 0.43257333179383767 0.5247438046875 0.49079450312499995
0 0.5216689416080305 0.43678192425454565 0.07679069843750004 0.3728793359375 0.07328558845458641 0.39728127664734375 0.5181638316251168 0.4611838649643894
0 0.5096108834641896 0.4066498232072376 0.0655371819020533 0.3376325673528181 0.06065828656722172 0.3690245588779949 0.504731988129358 0.4380418147324144
0 0.5270113134947938 0.3772147300982456 0.050398273251152745 0.30209897693790155 0.04467882646702488 0.33838913986119656 0.5212918667106659 0.41350489302154064
0 0.5369989477661923 0.2972089422030416 0.121370375 0.2341763953125 0.10949705848380772 0.31246752967195845 0.52512563125 0.37550007656250006
0 0.5420798891337923 0.22329899502896278 0.11893447500000001 0.1578568984375 0.10803668608378927 0.2283214716139991 0.5311821002175816 0.29376356820546184
0 0.539680910423328 0.16158485020281868 0.13538024196141382 0.09066494100074025 0.12422366384703296 0.15426643231877418 0.5285243323089472 0.22518634152085254
0 0.5393870272212288 0.09290841196622232 0.11920965775853573 0.03325821616265149 0.11025927116230697 0.09630494794642924 0.5304366406250001 0.15595514375000005
0 0.5392321236653486 0.07191692768871195 0.1194261748275138 0.010667902325766284 0.11619147247588262 0.032838823118181634 0.5359974213137173 0.0940878484811273
0 1.006527175598992 0.10446987954511126 0.5435982816939433 0.05672401816982405 0.5370711060949515 0.12000946518721292 1 0.16775532656250014
0 0.9910731953124999 0.17057190625000013 0.5573944144831349 0.11599857784122207 0.5406628562499999 0.2489595312500001 0.9743416370793649 0.3035328596587782
0 0.9670393828124999 0.2541269062500001 0.6211406831247772 0.215717374226246 0.6175452820323318 0.24809591406275117 0.9634439817200546 0.28650544608650524
0 0.9619688692437037 0.2939450431605968 0.5694271641753514 0.2517676986829518 0.5652787565505373 0.29037664911666694 0.9578204616188895 0.3325539935943119
0 0.9343527663253128 0.32539849678452226 0.5685451109375002 0.29432533593750004 0.563137179941682 0.35799000680309306 0.9289448353294949 0.38906316765011517
0 0.9169415268671142 0.3878776574947951 0.5454265078124999 0.35440017031250004 0.5417036394818544 0.39571454648614124 0.9132186585364686 0.4291920336684362