0 0.7437217253245467 0.11357980760930442 0.7357882810588989 0.06060881383342818 0.06692412193488848 0.16078432781663682 0.07485756620053632 0.21375532159251306
0 0.7528919328719839 0.1656633088718403 0.7456320538070218 0.11435541779071383 0.07885539256629515 0.20870187838276705 0.0861152716312572 0.26000976946389354
0 0.7620287058049081 0.23728693708458595 0.7528981031827559 0.16665461353055014 0.07978653094819547 0.25366738583081505 0.0889171335703478 0.32429970938485086
0 0.765258108670378 0.331624708272674 0.7570732609375 0.24125843749999998 0.07745914503222655 0.30281390513451467 0.08564399276510448 0.3931801759071887
0 0.7252909162514799 0.4272231578250175 0.7143704019055386 0.321873435342374 0.09253227253408831 0.3863329522032087 0.1034527868800296 0.49168267468585214
0 0.8265343591456761 0.4907411370291922 0.819414625000166 0.419015313615099 0.10679695220412207 0.48975201814072367 0.11391668634963201 0.5614778415548168
0 0.8291778189596662 0.5574664390440884 0.8235603589164553 0.49325857793451533 0.11403106042327464 0.5553343489521985 0.11964852046648575 0.6195422100617716
0 0.7842507412733946 0.6143715924623919 0.7805090292061864 0.5657172083934411 0.11040340403203874 0.617250946863235 0.11414511609924698 0.6659053309321858
0 0.8093225187319735 0.659193420236663 0.8047264156854824 0.6066597156652755 0.11335691816804147 0.6671467016815164 0.11795302121453247 0.7196804062529039
0 0.7872100359374999 0.7052411875000002 0.7846642279157378 0.6620178945840787 0.11980460093959537 0.7011774508676349 0.12235040896135754 0.7444007437835565
0 0.74893621875 0.7458408406250001 0.7470217141062845 0.7085315785752212 0.12163273742080656 0.7406230763484932 0.1235472420645222 0.7779323383982721
0 0.7025391781250001 0.7832300109375001 0.7008358166399808 0.7489751650850469 0.13239610187284429 0.7772414816482655 0.1340994633578636 0.8114963275007187
0 0.8329302563928509 0.8485306884901306 0.8287229218840529 0.7087938932285138 0.13570802846924063 0.729659875382435 0.13991536297803853 0.8693966706440517
0 0.8465944360296372 0.8787003201819961 0.8454519716268898 0.842749627958454 0.14798688126722642 0.8649141257361391 0.14912934566997388 0.9008648179596811