0 0.8285816499617663 0.12446937911145425 0.15383638688680099 0.07747953196556992 0.15008905667298963 0.13128888578400155 0.824834319747955 0.17827873292988589
0 0.8260536529663003 0.17927221684938388 0.15443031758657516 0.12662489564372537 0.15036942115081836 0.1784298639945461 0.8219927565305436 0.23107718520020462
0 0.8213445083312945 0.2314942369776502 0.1440274517581769 0.17615089721798588 0.13820015712008377 0.24746798919685103 0.8155172136932013 0.30281132895651536
0 0.808688678125 0.3057188671875001 0.12920654959864714 0.23532251163769807 0.11995611055306865 0.32460991811495893 0.7994382390794216 0.39500627366476093
0 0.7489235836582112 0.37416168704298397 0.12743692387233924 0.30583463601618394 0.11582193867514827 0.4114817881350894 0.7373085984610201 0.47980883916188943
0 0.8292687396406686 0.49284845284866385 0.11834738489378575 0.4073661857082326 0.10975914504116588 0.47879109423207167 0.8206804997880488 0.564273361372503
0 0.8164630714469345 0.5660696969225196 0.11020364444520006 0.4731832808521478 0.10179353342990768 0.5371293392529949 0.8080529604316421 0.6300157553233667
0 0.7584310359418108 0.6270893013599925 0.0935642682602147 0.5293714794796553 0.08646662999932667 0.5776634257990136 0.7513333976809229 0.6753812476793509
0 0.7728833792905427 0.6724327484030856 0.08530986823957001 0.577954849659673 0.07815303843829444 0.6300394817260735 0.7657265494892671 0.724517380469486
0 0.7404078677772854 0.7215099245714832 0.08260262218049003 0.6187719747303337 0.07587439502820459 0.6618511204713505 0.7336796406249999 0.7645890703125
0 0.6934538017462455 0.7584923324933726 0.07607786777972558 0.6551695504178798 0.06987790978348005 0.6922156382370073 0.68725384375 0.7955384203125
0 0.6396106200784998 0.7876189323135425 0.07918054058593918 0.6888732600670721 0.07320514238243951 0.7227865730660296 0.6336352218750002 0.8215322453125001
0 0.7665247819859046 0.7741359517123767 0.0831366618440068 0.6780920256637188 0.06356544660706856 0.8173484736236636 0.7469535667489662 0.9133923996723213
0 0.759343449670032 0.9116019657002182 0.07415027574221514 0.7798406474488864 0.06737133698670092 0.8150928946440233 0.7525645109145178 0.9468542128953551