0 0.21101350005142008 0.7178842307682409 0.18457592295708064 0.28643612604016067 0.14998819198286847 0.2885555369128201 0.17642576907720792 0.7200036416409004
0 0.2662992996847817 0.28092165124238977 0.2112473065271884 0.27778539096387717 0.18567255827491053 0.7267088669386751 0.24072455143250382 0.7298451272171878
0 0.2614230655179386 0.7089626255567082 0.2551708133517913 0.3507714574101821 0.22978405554724154 0.35121458506264847 0.23603630771338882 0.7094057532091745
0 0.3337632901470468 0.3042499083305415 0.25628884403148705 0.30176904716089437 0.24295083610860063 0.7182997215708542 0.3204252822241604 0.7207805827405013
0 0.3950482187743277 0.25361671989717055 0.36036211259058815 0.24989660930925545 0.3082087537073743 0.7361716544486147 0.34289485989111385 0.7398917650365296
0 0.4279979557363309 0.22675824717781817 0.39809573414722754 0.22284141759387074 0.33025644571982804 0.740746368913916 0.3601586673089314 0.7446631984978633
0 0.487541902293961 0.24965640892313606 0.42491818526489133 0.24001122490655225 0.3480000817896009 0.7394208305882249 0.41062379881867067 0.7490660146048087
0 0.509648199049502 0.2682015435861687 0.4832243311621813 0.26389904597987773 0.40489656561157555 0.7449504533744989 0.43132043349889626 0.7492529509807898
0 0.5568221626552876 0.2592123013972102 0.5123465733305077 0.25134682849493417 0.42391197737240693 0.7514033185245704 0.46838756669718684 0.7592687914268466
0 0.5983908905297868 0.25057076992696076 0.558920411620046 0.2432493453475953 0.4650040478148121 0.7495611725979257 0.5044745267245527 0.7568825971772911
0 0.6193760506830667 0.30176653447908286 0.585434930074919 0.29525862547204607 0.4996244526933495 0.7427915825403434 0.5335655733014972 0.7492994915473802
0 0.6530691581356043 0.30512211126372735 0.6088926887401611 0.2964637644952153 0.5217981220332509 0.7408361791725262 0.5659745914286942 0.7494945259410383
0 0.7146453364036577 0.30392400485026905 0.6416184291194761 0.2919827710038648 0.5666500950446338 0.7504534493401439 0.6396770023288154 0.7623946831865481
0 0.669410234361556 0.8352731815955808 0.271783757752348 0.7994186522369906 0.2592988736893163 0.9378759280586404 0.6569253502985244 0.9737304574172306