0 0.719036257102859 0.18835116699270724 0.717520808151523 0.1537317157402734 0.2856770142714678 0.17263545918220552 0.2871924632228038 0.20725491043463937
0 0.7248386059015876 0.21207080052706423 0.2761275914356972 0.20272716386500217 0.2749272031702177 0.2603736088025771 0.7236382176361081 0.26971724546463915
0 0.6534786734375 0.23242187500000008 0.2952329421875 0.23242187500000006 0.2952329421875 0.25781250000000006 0.6534786734375 0.2578125000000001
0 0.700376296875 0.25781250000000006 0.2835085359375 0.2578125 0.2835085359375 0.33593750000000006 0.700376296875 0.3359375000000001
0 0.7524372064603272 0.3647007218277889 0.2669335890253802 0.30568146822104686 0.2627284500710927 0.34027374191747295 0.7482320675060397 0.39929299552421493
0 0.7786293742765807 0.4023985871492578 0.2609370052474046 0.33416439318458335 0.2569468399614194 0.3644377502757369 0.7746392089905957 0.4326719442404114
0 0.7608143389081481 0.42916265092260425 0.2602849780237738 0.35494411476529525 0.2509926415537354 0.41761157595871906 0.7515220024381096 0.4918301121160281
0 0.7362946194529731 0.4872152730128617 0.2560967086701278 0.4039375439948758 0.2515421884177179 0.43019992093064746 0.7317400992005633 0.5134776499486333
0 0.7483619704488416 0.5164737736298399 0.24865166818034376 0.42566118284301924 0.24059280868305016 0.4700063015147836 0.740303110951548 0.5608188923016042
0 0.7556460263375022 0.5630366236057963 0.2504543622746994 0.463624993033108 0.24274431246963765 0.502806051311578 0.7479359765324405 0.6022176818842663
0 0.7030614756612978 0.5887418590226297 0.2558472364140243 0.5017060919465951 0.24930772556500455 0.535307937114901 0.6965219648122781 0.6223437041909357
0 0.7014813422520839 0.6122676427687527 0.2561982745070272 0.5288173427675925 0.24833035161022288 0.570799850250752 0.6936134193552796 0.6542501502519121
0 0.705312568413758 0.6451342407289049 0.2467338787662424 0.5690329044409069 0.234790690236134 0.641001308853986 0.6933693798836496 0.717102645141984
0 0.2046098739122008 0.26659294091771535 0.06639157601934527 0.2516935456412396 0.023602968804757474 0.6486337132562292 0.16182126669761304 0.663533108532705