0 0.20725491043463942 0.7128075367771962 0.18835116699270726 0.2809637428971409 0.1537317157402734 0.2824791918484769 0.17263545918220555 0.7143229857285323
0 0.27015833827529456 0.27687637853439584 0.2151694650474477 0.27277980608976965 0.18176381643406625 0.7211885676887272 0.23675268966191312 0.7252851401333534
0 0.25781250000000006 0.3465213265625 0.23242187500000006 0.3465213265625 0.23242187500000008 0.7047670578125 0.2578125000000001 0.7047670578125
0 0.3372049197551895 0.30137849124373867 0.25978557011277226 0.29754589204361365 0.23918012919084516 0.7137803459929888 0.31659947883326245 0.7176129451931138
0 0.39936418455399875 0.25182258450280964 0.36474828630532186 0.24749768449055262 0.30411620072882994 0.7327884655427597 0.3387320989775068 0.7371133655550167
0 0.4327776479648008 0.22554325462468094 0.40294833912256295 0.22110515594387925 0.32608069564397757 0.7377472683007765 0.3559100044862154 0.7421853669815782
0 0.4919128982727061 0.24947711443399084 0.42946705037288846 0.23874046454348835 0.34384476076404713 0.73673160035183 0.4062906086638648 0.7474682502423324
0 0.5136921705605003 0.2684052318880312 0.4873474155225323 0.2636422293518028 0.4006360741966164 0.7432533630577672 0.42698082923458436 0.7480163655939956
0 0.561015832940987 0.26024065758285037 0.5166842890234488 0.2516001766224135 0.41953597307978613 0.7500371102249603 0.46386751699732437 0.7586775911853972
0 0.6027290449023334 0.25232591674408 0.5633923545302231 0.2443167526244209 0.4606539362194285 0.7489123995649256 0.49999062659153876 0.7569215636845847
0 0.6228175200597199 0.303880124961209 0.5889951481166382 0.2967808531321291 0.49538721425725474 0.7427480497742931 0.5292095862003363 0.749847321603373
0 0.6564469335760765 0.30782321819622077 0.6124283011380154 0.29839520431050265 0.5175916309924415 0.741179928154776 0.5616102634305029 0.7506079420404942
0 0.7180346431708868 0.307699945411367 0.6452272613090043 0.29448603493580006 0.5622689283873601 0.7515785084181562 0.6350763102492427 0.7647924188937233
0 0.663533108532705 0.8381787333023869 0.26659294091771535 0.7953901260877994 0.2516935456412396 0.9336084239806548 0.6486337132562292 0.9763970311952423