0 0.6735314764379918 0.16090015696749452 0.6672126792220755 0.12682852912470385 0.24220245196817708 0.20564934311983385 0.2485212491840934 0.2397209709626245
0 0.6889644216393342 0.2413423356274417 0.6853681545335241 0.18631847703768822 0.23667410755717194 0.2156443673527375 0.2402703746629821 0.27066822594249096
0 0.6182790445662425 0.23880934893684386 0.6147453524666118 0.21366582331377573 0.2599860429378061 0.26352399309257046 0.2635197350374368 0.28866751871563856
0 0.674031841839309 0.3111464597728306 0.6670524518112351 0.23394715525770446 0.2520010402873086 0.27147088297678634 0.2589804303153825 0.34867018749191253
0 0.7317563705608248 0.36580394536183847 0.7312215793794569 0.33092301697341886 0.24221525967659369 0.3384204168275206 0.24275005085796159 0.3733013452159403
0 0.7626836837965414 0.3650937107889893 0.24037121647894547 0.36061361400917963 0.24011115866643565 0.3909324763849612 0.7624236259840315 0.39541257316477085
0 0.7484174585167479 0.393553694607997 0.24242999114995745 0.38971767163683957 0.24194971199283505 0.45306850039063684 0.7479371793596254 0.45690452336179427
0 0.7322157269968588 0.4544538382858998 0.24510104888133602 0.43881719493731974 0.24424586935892698 0.4654578548604798 0.7313605474744497 0.4810944982090598
0 0.7482376356706635 0.48174814698333945 0.24075180981413014 0.46136556957275865 0.23894302622014138 0.50640070018949 0.7464288520766746 0.5267832776000708
0 0.7619310991897128 0.526844104487855 0.24782050030384345 0.4987090319291208 0.2456384335341062 0.5385818153191997 0.7597490324199756 0.566716887877934
0 0.7134357753017665 0.5596175343220808 0.2584607557904924 0.5356689866562279 0.2566613601132217 0.5698539441241095 0.7116363796244958 0.5938024917899625
0 0.7151451759428344 0.5831342793911711 0.26258153478634066 0.5624675362733723 0.26063301765376795 0.6051364756097053 0.7131966588102617 0.6258032187275041
0 0.7235132629630275 0.6151478178621861 0.25880617131548667 0.6036089112797824 0.2569952788521229 0.676539094389116 0.7217023704996638 0.6880780009715196
0 0.18787180906455217 0.7090069977788568 0.17500060629988543 0.30997480187336984 0.036053844403751034 0.31445667567756436 0.04892504716841778 0.7134888715830513