0 0.7312214765882434 0.3528290062338734 0.7271854660056485 0.24366191964303624 0.06296353080772245 0.26821883366693317 0.06699954139031736 0.37738592025777035
0 0.7107718533827102 0.24252245019419094 0.7067853268496614 0.1664549663811557 0.06443768334460563 0.20011896834246926 0.06842420987765432 0.27618645215550447
0 0.6836715422802868 0.17623060259429282 0.6816999806404115 0.12785470218373937 0.06468035683732647 0.15300136014806476 0.06665191847720178 0.2013772605586182
0 0.6044866829723718 0.3588150563468265 0.6026699236164323 0.314525145610273 0.07686027399919823 0.3360937056840919 0.07867703335513783 0.38038361642064544
0 0.6862547562465026 0.42231243252455936 0.6829453961491395 0.35369704299084076 0.07143822987419857 0.38319038885791307 0.07474758997156164 0.45180577839163166
0 0.6883103568428476 0.4607939926663672 0.6862659836244575 0.42178502625988123 0.07772610962055784 0.45367724836523804 0.07977048283894791 0.49268621477172403
0 0.5569960831949892 0.4872541353281866 0.5554544939838605 0.4659860714019029 0.07984449773256819 0.5004600715491312 0.0813860869436969 0.5217281354754147
0 0.6741328722372033 0.5183954409013258 0.6695064623822133 0.46173995268526913 0.08451351842991825 0.509509678200289 0.08913992828490819 0.5661651664163457
0 0.737260329164892 0.573208182256508 0.7308376399561313 0.5034508810855256 0.055366369569089836 0.5656428232380607 0.06178905877785049 0.635400124409043
0 0.6328540426996221 0.6234571914191447 0.6292003228874783 0.5812924832864999 0.07072421276407304 0.629686396550354 0.07437793257621692 0.6718511046829987
0 0.6374271920310879 0.6645078214798786 0.6333211908065486 0.6199122435520656 0.07483659542962341 0.6713330018213245 0.07894259665416267 0.7159285797491376
0 0.6585834787138284 0.724030609539519 0.6526144648033003 0.6596966653879044 0.07122911940123809 0.7136385969738746 0.07719813331176609 0.7779725411254892
0 0.7617841774390688 0.7880946362053595 0.7480368888696826 0.6433210912117625 0.07462945292565827 0.7072659669630774 0.08837674149504449 0.8520395119566745
0 0.7003500172427126 0.8234881433985599 0.6976643512364804 0.7941002064579076 0.07924986561465178 0.8506150535242455 0.08193553162088402 0.8800029904648978
0 0.8937215699003115 0.8664537165252841 0.8827464249135023 0.7435419428442399 0.06430777006249741 0.8166226789754132 0.07528291504930662 0.9395344526564575