0 0.221875 0.812500 0.190625 0.812500 0.190625 0.971875 0.221875 0.971875
0 0.664063 0.817187 0.639063 0.817187 0.639063 0.979688 0.664063 0.979688
0 0.742289 0.367558 0.704332 0.366664 0.700169 0.543607 0.738126 0.544500
0 0.856299 0.576646 0.831634 0.576384 0.829690 0.759176 0.854354 0.759438
0 0.248438 0.812500 0.220313 0.812500 0.220313 0.973437 0.248438 0.973437
0 0.414223 0.267086 0.410865 0.105893 0.388023 0.106369 0.391382 0.267562
0 0.721875 0.109375 0.690625 0.109375 0.690625 0.265625 0.721875 0.265625
0 0.512500 0.817187 0.470313 0.817187 0.470313 0.978125 0.512500 0.978125
0 0.669029 0.365986 0.631843 0.364596 0.625155 0.543522 0.662340 0.544912
0 0.191242 0.811203 0.157023 0.810734 0.154755 0.976307 0.188974 0.976775
0 0.535937 0.106250 0.496875 0.106250 0.496875 0.267188 0.535937 0.267188
0 0.662961 0.756204 0.659081 0.585518 0.636082 0.586041 0.639961 0.756727
0 0.602364 0.817383 0.565056 0.816834 0.562616 0.982722 0.599924 0.983271
0 0.560937 0.590625 0.523438 0.590625 0.523438 0.754687 0.560938 0.754687
0 0.059485 0.092734 0.013757 0.092041 0.011086 0.268350 0.056814 0.269043
0 0.346908 0.267153 0.343633 0.114855 0.304571 0.115695 0.307847 0.267993
0 0.470313 0.365625 0.426563 0.365625 0.426563 0.543750 0.470313 0.543750
0 0.696875 0.576562 0.659375 0.576562 0.659375 0.767188 0.696875 0.767188
0 0.641024 0.818796 0.603181 0.817916 0.599386 0.981090 0.637229 0.981970
0 0.878155 0.370328 0.842236 0.369982 0.840551 0.545207 0.876470 0.545552
0 0.456250 0.587500 0.432812 0.587500 0.432813 0.753125 0.456250 0.753125
0 0.564063 0.368750 0.528125 0.368750 0.528125 0.543750 0.564063 0.543750
0 0.639063 0.576562 0.600000 0.576562 0.600000 0.756250 0.639063 0.756250
0 0.814131 0.103342 0.784523 0.102887 0.782044 0.264003 0.811653 0.264458
0 0.089194 0.973392 0.086881 0.809142 0.058695 0.809539 0.061008 0.973789
0 0.704404 0.365831 0.668194 0.364839 0.663296 0.543601 0.699506 0.544593
0 0.771905 0.361639 0.743113 0.360646 0.736802 0.543672 0.765593 0.544665
0 0.532813 0.818750 0.512500 0.818750 0.512500 0.989062 0.532813 0.989062
0 0.529688 0.579688 0.420312 0.579688 0.420313 0.754687 0.529688 0.754687
0 0.998437 0.582813 0.976562 0.582813 0.976562 0.759375 0.998437 0.759375
0 0.782845 0.109392 0.751794 0.109068 0.750180 0.263999 0.781231 0.264323
0 0.012500 0.115625 0.000000 0.115625 0.000000 0.268750 0.012500 0.268750
0 0.128939 0.978045 0.126509 0.810395 0.086187 0.810979 0.088617 0.978630
0 0.043750 0.589063 0.003125 0.589063 0.003125 0.750000 0.043750 0.750000
0 0.109167 0.542111 0.104132 0.350755 0.071095 0.351624 0.076131 0.542980
0 0.434375 0.815625 0.407813 0.815625 0.407813 0.978125 0.434375 0.978125
0 0.371410 0.267069 0.366951 0.108809 0.343401 0.109473 0.347859 0.267732
0 0.657813 0.101563 0.631250 0.101563 0.631250 0.265625 0.657813 0.265625
0 0.151785 0.092488 0.101796 0.090619 0.095153 0.268335 0.145141 0.270204
0 0.792306 0.818878 0.752347 0.817296 0.745818 0.982152 0.785777 0.983734
0 0.410668 0.816141 0.379717 0.815568 0.376738 0.976479 0.407688 0.977052
0 0.389684 0.541977 0.386529 0.368455 0.344100 0.369227 0.347255 0.542749
0 0.299641 0.575513 0.260841 0.574651 0.256892 0.752375 0.295692 0.753238
0 0.243276 0.541965 0.238917 0.367621 0.188831 0.368873 0.193190 0.543217
0 0.572110 0.107888 0.539084 0.107504 0.537246 0.265604 0.570272 0.265988
0 0.146875 0.350000 0.106250 0.350000 0.106250 0.542188 0.146875 0.542188
0 0.632812 0.100000 0.571875 0.100000 0.571875 0.267188 0.632812 0.267188
0 0.799930 0.357507 0.772231 0.355643 0.759570 0.543748 0.787269 0.545612
0 0.427145 0.542056 0.422835 0.369663 0.385866 0.370588 0.390176 0.542980
0 0.031250 0.809375 0.000000 0.809375 0.000000 0.973437 0.031250 0.973437
0 0.707813 0.818750 0.662500 0.818750 0.662500 0.982812 0.707813 0.982812
0 0.257813 0.575000 0.210938 0.575000 0.210938 0.760938 0.257813 0.760938
0 0.193750 0.348438 0.145313 0.348438 0.145313 0.543750 0.193750 0.543750
0 0.496875 0.110938 0.465625 0.110938 0.465625 0.267188 0.496875 0.267188
0 0.909375 0.106250 0.865625 0.106250 0.865625 0.262500 0.909375 0.262500
0 0.184375 0.098438 0.143750 0.098438 0.143750 0.267188 0.184375 0.267188
0 0.139063 0.576562 0.114063 0.576562 0.114063 0.751563 0.139063 0.751563
0 0.280942 0.541067 0.275013 0.369127 0.236374 0.370459 0.242303 0.542399
0 0.392460 0.267078 0.388992 0.109308 0.365961 0.109814 0.369428 0.267585
0 0.159001 0.976444 0.156372 0.810836 0.124982 0.811335 0.127610 0.976943
0 0.470313 0.817187 0.435938 0.817187 0.435938 0.981250 0.470313 0.981250
0 0.326563 0.584375 0.293750 0.584375 0.293750 0.753125 0.326563 0.753125
0 0.214063 0.587500 0.200000 0.587500 0.200000 0.757812 0.214063 0.757812
0 0.690625 0.109375 0.657813 0.109375 0.657813 0.265625 0.690625 0.265625
0 0.304688 0.812500 0.276563 0.812500 0.276563 0.971875 0.304688 0.971875
0 0.829688 0.576563 0.787500 0.576563 0.787500 0.757813 0.829688 0.757813
0 0.100000 0.112500 0.057813 0.112500 0.057813 0.267188 0.100000 0.267188
0 0.350000 0.578125 0.326563 0.578125 0.326563 0.760938 0.350000 0.760938
0 0.753227 0.819311 0.703305 0.817334 0.696769 0.982375 0.746690 0.984352
0 0.343750 0.371875 0.306250 0.371875 0.306250 0.542188 0.343750 0.542188
0 0.063288 0.968604 0.059060 0.810071 0.026396 0.810942 0.030624 0.969475
0 0.731250 0.576563 0.696875 0.576562 0.696875 0.756250 0.731250 0.756250
0 0.220815 0.268268 0.215090 0.113677 0.180011 0.114976 0.185736 0.269568
0 0.607796 0.366176 0.567620 0.364994 0.562393 0.542690 0.602570 0.543872
0 0.788758 0.577172 0.742220 0.576023 0.737738 0.757548 0.784276 0.758697
0 0.432831 0.753087 0.430681 0.574649 0.397685 0.575047 0.399835 0.753485
0 0.598438 0.589063 0.562500 0.589063 0.562500 0.754687 0.598438 0.754687
0 0.395313 0.575000 0.351563 0.575000 0.351563 0.762500 0.395313 0.762500
0 0.306308 0.268391 0.303025 0.110842 0.257733 0.111786 0.261015 0.269334
0 0.114063 0.589063 0.071875 0.589063 0.071875 0.750000 0.114063 0.750000
0 0.309375 0.370312 0.273438 0.370312 0.273438 0.542188 0.309375 0.542188
0 0.112500 0.573438 0.043750 0.573438 0.043750 0.750000 0.112500 0.750000
0 0.662500 0.265625 0.560937 0.265625 0.560937 0.545312 0.662500 0.545312
0 0.340625 0.812500 0.304688 0.812500 0.304688 0.979688 0.340625 0.979688
0 0.262589 0.268394 0.257520 0.111249 0.215074 0.112619 0.220144 0.269764
0 0.839740 0.348736 0.797769 0.346404 0.786827 0.543365 0.828798 0.545697
0 0.565773 0.817549 0.522163 0.816834 0.519503 0.979059 0.563113 0.979774
0 0.185938 0.107813 0.162500 0.107813 0.162500 0.267188 0.185938 0.267188
0 0.845358 0.818848 0.793893 0.817256 0.788728 0.984268 0.840192 0.985860
0 0.527455 0.543693 0.524950 0.368371 0.491274 0.368852 0.493778 0.544174
0 0.435937 0.106250 0.410938 0.106250 0.410938 0.267188 0.435937 0.267188
0 0.854657 0.370592 0.835507 0.369731 0.827712 0.543170 0.846862 0.544030
0 0.040625 0.368750 0.000000 0.368750 0.000000 0.543750 0.040625 0.543750
0 0.492766 0.543704 0.490547 0.364006 0.467750 0.364287 0.469968 0.543986
0 0.074604 0.543510 0.070192 0.349399 0.035338 0.350191 0.039750 0.544303
0 0.378208 0.814632 0.343847 0.813938 0.340566 0.976372 0.374927 0.977066
0 0.756250 0.104688 0.721875 0.104688 0.721875 0.265625 0.756250 0.265625
0 0.173438 0.589063 0.139063 0.589063 0.139063 0.750000 0.173438 0.750000
0 0.487486 0.754320 0.481040 0.589959 0.451521 0.591117 0.457966 0.755478
0 0.865668 0.101993 0.814143 0.101468 0.812488 0.263696 0.864013 0.264221
0 0.276563 0.812500 0.248438 0.812500 0.248438 0.971875 0.276563 0.971875
