0 0.5520031765132073 0.23608447606469346 0.4717919106127103 0.2278530222855517 0.39613124932549704 0.9651270911862808 0.476342515225994 0.9733585449654225
0 0.4704390633349652 0.23060051610297613 0.3981005573159312 0.2254604965015902 0.3451796240070997 0.9702477832390919 0.4175181300261336 0.9753878028404779
0 0.41625677529178945 0.18427567376268822 0.3426090904126473 0.17889405864557473 0.2881012125664362 0.9248372232325079 0.36174889744557837 0.9302188383496215
0 0.34179840213406243 0.17919418832348744 0.27795933826238967 0.17724679494990975 0.25496393198435985 0.9310776490835337 0.31880299585603256 0.9330250424571116
0 0.36259234656851264 0.14466812881648064 0.20556844267015267 0.12538801861089427 0.10416934506514333 0.9512174349332154 0.26119324896350327 0.9704975451388019
0 0.21261522441902286 0.9380858224490721 0.20018454599750854 0.20041690921983552 0.15016017026142447 0.20125988486495267 0.16259084868293877 0.9389287980941893
0 0.19995090545617938 0.17145060772782927 0.09276670788854448 0.16858629769821237 0.07185276007041463 0.9511987564331623 0.17903695763804955 0.9540630664627792
0 0.12169984178948005 0.928662280237129 0.09115254766198669 0.19479471266947426 0.039690950177137606 0.19693680563571703 0.07023824430463099 0.9308043732033717
0 0.07604294531250007 0.1962173140625 4.099314851946688e-17 0.1962173140625 8.699037425837089e-17 0.9474090171875 0.07604294531250011 0.9474090171875
0 0.7171298919226963 0.288720970202367 0.5528511468242808 0.2653356515605027 0.45497540252941227 0.9528997038009578 0.6192541476278276 0.976285022442822
0 0.8977376872310868 0.2732917902344559 0.6530665867876674 0.2459606357160676 0.571473576812307 0.9763890384288414 0.8161446772557266 1.0037201929472297
0 1.0505637038988502 0.09759667558919703 0.9091115903447294 0.07453387540468653 0.758428066793124 0.9987279330920982 0.8998801803472446 1.0217907332766087