0 0.8268844322759931 0.26608111159794545 0.39671203613539224 0.255188642085173 0.386401007089085 0.6623984181900571 0.8165734032296859 0.6732908877028294
0 0.8545297044308292 0.997933800359203 0.85262178710735 0.6907211671996378 0.4072108513231294 0.6934873530550497 0.40911876864660873 1.0006999862146146
0 0.7707294203124999 7.704890183771021e-17 0.3888903015625 5.366799910938853e-17 0.3888903015625 0.29116921875000007 0.7707294203124999 0.29116921875000007
0 0.28899376566130963 0.1498705571800466 0.2774183937684441 0.0175634484213764 -0.011575371837874975 0.04284712624487459 5.49905454505506e-11 0.1751542350035448
0 0.33646655413440274 0.3339334446799922 0.3194439403321532 0.13936416721572872 -0.005859161819943659 0.16782451382736657 0.011163451982305889 0.3623937912916301
0 0.30144371874325593 0.21785811133274233 0.0063961331516027954 0.18301157344077676 -0.009419158544025997 0.31692053291014444 0.28562842704762714 0.35176707080211
0 0.28464776521376167 0.2695509512595341 0.0044244814358440935 0.24213590500067378 -0.0033836457464427707 0.32194678762754136 0.2768396380314748 0.34936183388640163
0 0.2995330269448021 0.3000590980832493 0.004439344331435335 0.27102265841873097 -0.00889177170595572 0.4065051132331545 0.2862019109074111 0.4355415528976729
0 0.29305021819595306 0.3686318723992642 0.0027200764190333016 0.34634892470183287 -0.005639947784481597 0.45527378712229083 0.28469019399243817 0.47755673481972216
0 0.28746555180005334 0.5133661270681034 0.2781598603171299 0.4070015885719337 -0.006884130545423412 0.4319397068163303 0.0024215609375000057 0.5383042453125
0 0.3290024764061366 0.8312681586064237 0.30131236899037306 0.5147688004209837 0.00264852779531321 0.5408985022039816 0.030338635211076714 0.8573978603894215
0 0.30290814711251707 0.9105280833080798 0.29826285524095975 0.8290809414637744 0.029203795312500003 0.8444265734374999 0.03384908718405734 0.9258737152818053
0 0.30303058405825445 0.9771937502622009 0.29596717702508635 0.9042764052829539 0.03559958507266039 0.9294978705012669 0.04266299210582847 1.002415215480514
0 0.3006317140625001 0.9819086734375 0.10671626093750013 0.9819086734375 0.10671626093750013 1 0.3006317140625001 1