0 0.583431359641558 0.9665481733997436 0.49130226249935544 0.23115044456306516 0.4112951321599767 0.24117357136108453 0.5034242293021792 0.9765713001977631
0 0.5236449867435061 0.982307114869149 0.4109086242878088 0.244173765944426 0.3390676030869114 0.2551461673636143 0.45180396554260877 0.9932795162883373
0 0.4620704454444624 0.9502920892800786 0.3473805885861202 0.21120579560241204 0.27440988951764733 0.22252923523673734 0.3890997463759896 0.9616155289144039
0 0.42085650370086986 0.9626870967012662 0.27368749358444405 0.22300403816634926 0.21104655227406122 0.2354672211729599 0.3582155623904869 0.9751502797078768
0 0.36561308645815005 0.9991017411905092 0.28635797280676556 0.18494688387455077 0.12878437925501354 0.20028611934453533 0.20803949290639806 1.0144409766604938
0 0.3185287463537041 0.9915052196711516 0.14047726450466763 0.2755390063332669 0.0919246377776262 0.28761341288397535 0.2699761196266627 1.00357962622186
0 0.26816512726736197 0.9992805031476847 0.13422682646274414 0.24739973643717056 0.028557241307936854 0.26622347194018675 0.16249554211255465 1.0181042386507009
0 0.22429163613871053 0.98993732185799 0.03299205999837792 0.29464966273881543 -0.016668714520395866 0.3083131946477195 0.17463086161993674 1.0036008537668941
0 0.17892557578403476 0.9995860855808605 0.0031911808494286655 0.37327316774780533 -0.09076101847561677 0.3996348033313194 0.08497337645898932 1.0259477211643746
0 0.7233384925014628 0.9372515199561644 0.6640374257997463 0.24529243886072102 0.49870858268184826 0.25946116215853665 0.5580096493835647 0.9514202432539799
0 0.9215482001995975 0.9196168093530634 0.836536613915136 0.18956438681036308 0.5919939762845899 0.21804036592807224 0.6770055625690513 0.9480927884707727
0 0.9696316796875 1.119815489894022e-16 0.81876428125 1.0274358515979355e-16 0.81876428125 0.9562515656249999 0.9696316796875 0.9562515656249999