0 0.7303205400228047 0.20076495351072468 0.7229538241580084 0.12814899349961023 0.38261977703715305 0.1626750704649465 0.3899864929019493 0.23529103047606093
0 0.7258868935163258 0.2400609183883085 0.7206714453124998 0.19506429531250005 0.386379995546174 0.23381119723669155 0.39159544375 0.2788078203125
0 0.7284206089051327 0.2891553603504537 0.7221433337970404 0.23844624557564806 0.3885551583089553 0.27974108496782923 0.3948324334170476 0.3304501997426349
0 0.7413212977810638 0.33856177960791467 0.7371754388794309 0.29101647557097 0.39229660817324713 0.32108924509531567 0.39644246707488 0.3686345491322604
0 0.7526063280592004 0.4322599582553616 0.750052333855286 0.3409864574551005 0.39313041668773346 0.350973764830225 0.3956844108916477 0.4422472656304861
0 0.7334939868578265 0.461367698370201 0.4023673657237664 0.4390543220738795 0.40089403226761416 0.46091833416513206 0.7320206534016743 0.48323171046145347
0 0.751742160722283 0.48250504645863995 0.3976183947480731 0.45466066179870895 0.39328568501484 0.5097638901998574 0.7474094509890498 0.5376082748597883
0 0.7254393168948113 0.6292247347962006 0.7230062655807695 0.5358471544113015 0.4016805511279572 0.5442196347064886 0.404113602441999 0.6375972150913877
0 0.7566892202808878 0.7315744156430108 0.7476005348019881 0.6066532013482574 0.40440604585977435 0.6316224332413105 0.4134947313386741 0.756543647536064
0 0.7344027487716479 0.7322064621983201 0.4111316467284104 0.7301325766569116 0.4107409583131848 0.7910319233295128 0.7340120603564223 0.7931058088709213
0 0.7801910019837424 0.745542584932925 0.4167576496104938 0.7435367103673818 0.41611445125562463 0.8600742737656848 0.7795478036288732 0.8620801483312281
0 0.3870378647649753 0.8449263593721689 0.380632162625541 0.7226982628639815 0.08904014021106312 0.7379799509143004 0.09544584235049736 0.8602080474224876
0 0.37348708908234685 0.7594999482646742 0.3728949333298378 0.6818734771232329 0.08619754547118794 0.6840604824701655 0.08678970122369704 0.7616869536116068
0 0.38022835001307265 0.6811187623577211 0.3796793321960937 0.6093246819000881 0.07434642783609083 0.6116595987001231 0.07489544565306983 0.6834536791577561
0 0.37853623014228005 0.6080675252021863 0.3756741073481656 0.5534549714905048 0.08408208572385131 0.5687366625111968 0.08694420851796578 0.6233492162228783
0 0.3737236601418222 0.5535571908705331 0.37113412037732463 0.5041458329429999 0.078566874222837 0.5194786339321509 0.08115641398733452 0.5688899918596843
0 0.37110140711388373 0.5042093096976716 0.3687401973750225 0.44969917824752537 0.07375277953741625 0.46247711778481504 0.0761139892762775 0.5169872492349613
0 0.3705329233357538 0.45195839245551683 0.36795165050886675 0.410033966320445 0.07562002626779522 0.42803272617614646 0.07820129909468235 0.4699571523112184
0 0.3665827222941481 0.4183697438945674 0.3650095001250454 0.37718052076055025 0.07677489499084252 0.3881896400445987 0.07834811715994519 0.42937886317861584
0 0.364992195985569 0.38720309048413093 0.3627786458998053 0.335560144000704 0.07564832268847109 0.3478672913431541 0.07786187277423476 0.399510237826581
0 0.36463997778306706 0.35063995233526396 0.36297294621899195 0.30176814183119366 0.07403158155335965 0.31162401518838057 0.07569861311743478 0.36049582569245087
0 0.36288540995650564 0.31948788308451964 0.3598666866044965 0.2492800275038979 0.07404724373191698 0.26156939056052764 0.07706596708392607 0.33177724614114934
0 0.3299581954338876 0.2504118989693186 0.32128770872982343 0.18309484838085482 0.05887597048935356 0.216893677466725 0.06754645719341772 0.28421072805518877