0 0.06938563613170726 0.9010308984046489 0.04927683219225634 0.23552585213660732 -0.00873012516815337 0.23727858194568344 0.011378678771297532 0.9027836282137252
0 0.10962797349473971 0.30751418095936967 0.020496335810535622 0.3036398889276603 -0.004698873365831491 0.883278759024629 0.08443276431837261 0.8871530510563383
0 0.37120164493990054 0.31806898723821303 0.3318485589595794 0.2314646774564876 0.04881737914264078 0.36007433190116733 0.08817046512296191 0.4466786416828928
0 0.12250023323550221 0.8864044102868146 0.08567854985980694 0.40556624180175127 0.04358696446308692 0.40878953631504283 0.08040864783878218 0.8896277048001062
0 0.17162164583181078 0.881565504457584 0.135303244883788 0.4105392594117701 0.08425921846008017 0.41447500065157594 0.12057761940810292 0.8855012456973897
0 0.19269209871683846 0.8760471617571184 0.15709707444398233 0.407883707343342 0.13321262767162112 0.409699670239614 0.16880765194447725 0.8778631246533903
0 0.23992316422018214 0.8694858482362383 0.2052113696039589 0.3771399869443333 0.15388711910090827 0.3807584937346996 0.1885989137171315 0.8731043550266046
0 0.25665547769533015 0.8691646368415963 0.22389844939713704 0.40625977741418506 0.20513527074325574 0.40758753615685517 0.23789229904144887 0.8704923955842665
0 0.2681382405408724 0.8652195210716144 0.2284359258002855 0.3404369188921926 0.21233117039354368 0.34165532069385907 0.2520334851341305 0.8664379228732809
0 0.26864469571678073 0.8678222508426321 0.2332474987235281 0.33717793091199455 0.219516828294288 0.3380938499707282 0.25491402528754065 0.8687381699013658
0 0.28665674907670013 0.876493210003179 0.24669813476719754 0.33838021281286956 0.22794479860241093 0.3397727778145287 0.2679034129119135 0.8778857750048383
0 0.27543435162520724 0.4595757944362429 0.2710105640711138 0.3389320884872674 0.2456957494599128 0.33986033717567043 0.25011953701400624 0.4605040431246459
0 0.30898782449311074 0.8501126815616551 0.30163728192376593 0.7801766153836026 0.29581000225465975 0.7807890843086089 0.30316054482400456 0.8507251504866614
0 0.30440737086026365 0.7721854736917033 0.2762625801903185 0.3744582865353615 0.2670580015350042 0.37510963989471086 0.2952027922049493 0.7728368270510526
0 0.3486260311046376 0.8680047011076774 0.3377007547429339 0.3496797968290478 0.292474517611925 0.35063307755196405 0.3033997939736287 0.8689579818305935
0 0.37534521560436007 0.8625636056439099 0.3495344349129258 0.43741906516543405 0.320434378906816 0.43918574706339947 0.3462451595982503 0.8643302875418752
0 0.4004037014514055 0.859675150530888 0.37377374685812764 0.4454902005005189 0.34650873027940776 0.4472432003461749 0.3731386848726856 0.861428150376544
0 0.7857259702124006 0.2195894381331648 0.7562467165339276 0.16266138602964864 0.33075872047991944 0.38299333327444957 0.3602379741583923 0.4399213853779657
0 0.4118378981188962 0.8607193846717041 0.39139846050852817 0.4492658217128677 0.3724364364850327 0.45020778246345017 0.39287587409540076 0.8616613454222865
0 0.43549076755708455 0.861207842601071 0.4125392999262468 0.5042356802751964 0.38748496114306824 0.5058465449483618 0.41043642877390607 0.8628187072742362
0 0.45624660757376106 0.8589418717766643 0.43222461712654925 0.5022335881443166 0.40963544052465545 0.5037548227481655 0.43365743097186726 0.8604631063805132
0 0.48374316976629644 0.8744126646814168 0.44969825936625385 0.38783695817836306 0.4216679590420439 0.38979819267953114 0.45571286944208644 0.8763738991825848
0 0.5033787391806499 0.853881778610632 0.4746796412932632 0.44528201296913855 0.4510141696932459 0.446944220691979 0.4797132675806327 0.8555439863334723
0 0.5164919710824131 0.8497238459240324 0.48746594422373846 0.4439045356849327 0.4708077021082711 0.44509600827103746 0.49983372896694567 0.8509153185101372
0 0.503383617562272 0.47613766488262044 0.49684977221344206 0.41397227782569634 0.4813103676264384 0.4156055350318553 0.4878442129752683 0.4777709220887793
0 0.5553434150151616 0.8432766394797954 0.5241827357233785 0.4270902994653965 0.4963824599259364 0.4291717600878601 0.5275431392177194 0.8453581001022588
0 0.581906069764434 0.8405347326552179 0.5501270088325068 0.4137678806224582 0.521555919613544 0.4158954178968649 0.5533349805454714 0.8426622699296248
0 0.597477633302343 0.8385299326981286 0.56339133246799 0.38613633389533 0.545717239080723 0.38746801600968156 0.579803539915076 0.8398616148124803
0 0.6195871248834022 0.8313727469739207 0.5922928759103951 0.43818076927195027 0.5652925246614485 0.44005505550142665 0.5925867736344554 0.8332470332033972
0 0.6563805748440518 0.8377253416392622 0.6251738539424794 0.41381533975459506 0.5894806155560081 0.4164429468491381 0.6206873364575805 0.8403529487338052
0 0.6869340701582671 0.834723846611414 0.6550524900352981 0.4183963169232426 0.623391977905468 0.4208208194656458 0.655273558028437 0.8371483491538173
0 0.7017869929248951 0.830112778668675 0.6738580082536321 0.4767182030796128 0.6573471372855954 0.47802306708723624 0.6852761219568584 0.8314176426762984
0 0.7199119927394975 0.8281488000511036 0.6906711249235854 0.4827413450467506 0.6712660718132049 0.4843841022737313 0.7005069396291169 0.8297915572780843
0 0.754038833459282 0.8242866407871736 0.7099353781288967 0.4046702696483022 0.6516626109650466 0.4107949839358157 0.6957660662954319 0.8304113550746871
0 0.8005860413504923 0.8383520616007034 0.7629061587106969 0.3835890676956629 0.7220977744966199 0.38697029076903194 0.7597776571364154 0.8417332846740726
0 0.8277072945093643 0.8222489470631282 0.7891533043004071 0.37805721633302825 0.7565663608094129 0.3808856271596472 0.7951203510183701 0.8250773578897472
0 0.8825778233203057 0.8141559201962135 0.841215630524396 0.3466255342235905 0.784995421314562 0.3515993096232919 0.8263576141104718 0.819129695595915
0 0.9023400558291241 0.8167658978007166 0.8604134368265791 0.2972838750838439 0.8386282683013555 0.29904212353272447 0.8805548873039004 0.8185241462495971
0 0.9125196699018943 0.8156749773930516 0.8689700657446989 0.29896063529178163 0.8562955214559821 0.300028868436621 0.8998451256131774 0.8167432105378909
0 0.9223975817489174 0.8120421667471944 0.8796631329248423 0.2952495164039606 0.8656375100068845 0.2964093186271833 0.9083719588309596 0.8132019689704171
0 0.9415771624828031 0.8127858742528289 0.8965949666264728 0.2908704457924274 0.8757287371769426 0.2926688383455096 0.9207109330332729 0.814584266805911
0 0.9563816308961407 0.8136141291123048 0.9127259811488344 0.3022198808828051 0.895113394328449 0.30372339587937913 0.9387690440757555 0.8151176441088788