0 0.268217 0.842243 0.239761 0.835919 0.214430 0.949908 0.242886 0.956232
0 0.290922 0.845488 0.266486 0.840252 0.241723 0.955816 0.266159 0.961052
0 0.968943 0.292701 0.921280 0.287684 0.901922 0.471584 0.949585 0.476601
0 0.331346 0.424361 0.312688 0.420760 0.280236 0.588922 0.298894 0.592522
0 0.856088 0.278911 0.827800 0.275009 0.803734 0.449491 0.832021 0.453393
0 0.615831 0.691718 0.600910 0.689684 0.578784 0.851936 0.593706 0.853971
0 0.236443 0.834551 0.171651 0.823444 0.152395 0.935768 0.217188 0.946875
0 0.927174 0.561817 0.909625 0.554714 0.851260 0.698910 0.868809 0.706013
0 0.621029 0.237749 0.579460 0.230288 0.549064 0.399632 0.590634 0.407093
0 0.668201 0.281419 0.644130 0.277407 0.621368 0.413978 0.645439 0.417990
0 0.761451 0.505033 0.723568 0.496013 0.683248 0.665357 0.721131 0.674376
0 0.998437 0.303125 0.967187 0.303125 0.967187 0.484375 0.998437 0.484375
0 0.345401 0.189190 0.325879 0.185704 0.297188 0.346373 0.316710 0.349859
0 0.727750 0.706455 0.695716 0.699659 0.659453 0.870613 0.691487 0.877408
0 0.994451 0.579825 0.971691 0.569142 0.908439 0.703897 0.931198 0.714580
0 0.881612 0.961521 0.859033 0.947626 0.828293 0.997579 0.850872 1.011474
0 0.334281 0.165894 0.318331 0.162746 0.282790 0.342820 0.298740 0.345968
0 0.604688 0.909375 0.570072 0.886298 0.496755 0.996274 0.531370 1.019351
0 0.366061 0.185283 0.339620 0.181692 0.316647 0.350853 0.343089 0.354443
0 0.365027 0.861553 0.351085 0.857344 0.316656 0.971390 0.330597 0.975599
0 0.406174 0.868606 0.374003 0.858708 0.338091 0.975422 0.370262 0.985321
0 0.171221 0.407569 0.150700 0.403789 0.122188 0.558569 0.142709 0.562349
0 0.474121 0.449009 0.459078 0.445818 0.423094 0.615457 0.438137 0.618648
0 0.439664 0.647018 0.415069 0.644158 0.394149 0.824065 0.418744 0.826925
0 0.286904 0.418076 0.268122 0.414209 0.234085 0.579536 0.252866 0.583402
0 0.516664 0.674571 0.502866 0.672425 0.477468 0.835696 0.491266 0.837843
0 0.860874 0.757629 0.837725 0.746337 0.773107 0.878802 0.796257 0.890095
0 0.810542 0.953282 0.776382 0.927160 0.722452 0.997684 0.756612 1.023806
0 0.373395 0.187753 0.351605 0.184122 0.323649 0.351858 0.345439 0.355490
0 0.691599 0.484827 0.650572 0.476189 0.613321 0.653133 0.654348 0.661771
0 0.568473 0.208519 0.534830 0.202550 0.501469 0.390583 0.535113 0.396552
0 0.694309 0.705823 0.671798 0.700950 0.636487 0.864053 0.658999 0.868926
0 0.815237 0.749715 0.803433 0.744206 0.742319 0.875165 0.754123 0.880674
0 0.577953 0.487968 0.559635 0.483927 0.526927 0.632203 0.545245 0.636244
0 0.153445 0.614656 0.133617 0.612307 0.115357 0.766498 0.135186 0.768846
0 0.422923 0.441936 0.397005 0.436439 0.361502 0.603813 0.387419 0.609310
0 0.739482 0.938148 0.720998 0.923361 0.662157 0.996913 0.680640 1.011700
0 0.529506 0.674067 0.506077 0.670367 0.479979 0.835655 0.503408 0.839354
0 0.392878 0.199090 0.368928 0.194993 0.341293 0.356549 0.365243 0.360646
0 0.276612 0.204763 0.255335 0.200330 0.227972 0.331674 0.249249 0.336106
0 0.962813 0.763438 0.939688 0.751875 0.861875 0.907500 0.885000 0.919063
0 0.399217 0.639473 0.361884 0.635544 0.343074 0.814238 0.380407 0.818168
0 0.785888 0.306108 0.758167 0.302492 0.740488 0.438026 0.768210 0.441641
0 0.908189 0.762173 0.889423 0.752181 0.815166 0.891639 0.833933 0.901631
0 0.903123 0.288562 0.876013 0.285309 0.855015 0.460289 0.882125 0.463542
0 0.568549 0.685670 0.555212 0.683787 0.532383 0.845491 0.545720 0.847374
0 0.891876 0.756900 0.852602 0.737042 0.778818 0.882970 0.818093 0.902828
0 0.286896 0.200706 0.273447 0.198381 0.249682 0.335882 0.263130 0.338207
0 0.362729 0.631776 0.334183 0.629257 0.318129 0.811204 0.346675 0.813723
0 0.529065 0.894662 0.495804 0.874416 0.423813 0.992688 0.457073 1.012933
0 0.857812 0.957813 0.838264 0.943527 0.798242 0.998294 0.817790 1.012580
0 0.671212 0.698175 0.645775 0.693550 0.615175 0.861850 0.640613 0.866475
0 0.262538 0.612077 0.221119 0.608312 0.204764 0.788217 0.246183 0.791983
0 0.202532 0.378873 0.178863 0.374224 0.141533 0.564269 0.165201 0.568918
0 0.407742 0.204087 0.392518 0.200915 0.359513 0.359339 0.374737 0.362510
0 0.485526 0.223907 0.466883 0.220681 0.439809 0.377112 0.458451 0.380339
0 0.336035 0.630416 0.310980 0.628108 0.294594 0.806019 0.319648 0.808327
0 0.622204 0.481507 0.608985 0.478553 0.571866 0.644612 0.585084 0.647567
0 0.252000 0.432750 0.227388 0.428275 0.201338 0.571550 0.225950 0.576025
0 0.463498 0.439486 0.424728 0.431209 0.385950 0.612854 0.424720 0.621131
0 0.316352 0.183199 0.301161 0.180632 0.273891 0.341978 0.289082 0.344546
0 0.450132 0.650358 0.434134 0.648600 0.414665 0.825770 0.430663 0.827528
0 1.050000 0.143750 0.184375 0.143750 0.184375 0.484375 1.050000 0.484375
0 0.706349 0.225135 0.674296 0.220204 0.643587 0.419807 0.675641 0.424738
0 0.273090 0.415182 0.254185 0.411597 0.222740 0.577400 0.241645 0.580985
0 0.763367 0.943494 0.739961 0.926671 0.688612 0.998114 0.712018 1.014937
0 0.374175 0.864282 0.362961 0.860948 0.329232 0.974400 0.340446 0.977734
0 0.562260 0.468389 0.528606 0.461659 0.495132 0.629026 0.528786 0.635757
0 0.867513 0.533152 0.848112 0.526223 0.790738 0.686871 0.810139 0.693799
0 0.821641 0.525966 0.795824 0.518825 0.751568 0.678825 0.777386 0.685966
0 0.749063 0.223125 0.706563 0.217813 0.680288 0.428005 0.722788 0.433317
0 0.234075 0.406337 0.216063 0.403062 0.185738 0.569850 0.203750 0.573125
0 0.311659 0.422957 0.284916 0.417608 0.251683 0.583774 0.278425 0.589123
0 0.631502 0.481957 0.617890 0.479108 0.582843 0.646554 0.596455 0.649403
0 0.849451 0.530579 0.825409 0.522257 0.769957 0.682449 0.794000 0.690772
0 0.700999 0.931301 0.688550 0.920927 0.625666 0.996388 0.638115 1.006762
0 0.804488 0.495206 0.769432 0.485753 0.718454 0.674797 0.753510 0.684251
0 0.444561 0.877404 0.409674 0.865527 0.369816 0.982610 0.404703 0.994487
0 0.914096 0.969218 0.885983 0.951145 0.855776 0.998133 0.883890 1.016206
0 0.310024 0.172386 0.288840 0.168003 0.253820 0.337267 0.275004 0.341649
0 0.761180 0.293851 0.737302 0.291074 0.720727 0.433624 0.744605 0.436400
0 0.478606 0.185096 0.436238 0.176623 0.397957 0.368029 0.440325 0.376502
0 0.579535 0.238555 0.561505 0.235435 0.533678 0.396214 0.551708 0.399334
0 0.465553 0.652969 0.442014 0.649922 0.419283 0.825565 0.442823 0.828612
0 0.485516 0.656874 0.462538 0.653877 0.439457 0.830826 0.462436 0.833823
0 0.219441 0.404137 0.203857 0.401205 0.172537 0.567699 0.188121 0.570630
0 0.140404 0.815722 0.113501 0.811044 0.093707 0.924857 0.120611 0.929536
0 0.223811 0.190159 0.205279 0.186745 0.180239 0.322676 0.198771 0.326089
0 0.925285 0.300635 0.900555 0.297478 0.879228 0.464536 0.903958 0.467693
0 0.906875 0.996562 0.903125 0.989062 0.890625 0.995313 0.894375 1.002812
0 0.580950 0.688134 0.566427 0.686036 0.543049 0.847885 0.557572 0.849983
0 0.915926 0.548071 0.893599 0.538925 0.830259 0.693551 0.852585 0.702697
0 0.175358 0.825412 0.141959 0.818255 0.118064 0.929764 0.151463 0.936921
0 0.879489 0.282527 0.854725 0.279031 0.829917 0.454757 0.854681 0.458253
0 0.650594 0.513290 0.623161 0.507461 0.591813 0.654979 0.619246 0.660809
0 0.629149 0.912716 0.608459 0.898491 0.540530 0.997298 0.561219 1.011522
0 0.538130 0.680025 0.524738 0.678087 0.501191 0.840777 0.514582 0.842715
0 0.532950 0.214088 0.488675 0.206038 0.456825 0.381213 0.501100 0.389263
0 0.966325 0.556843 0.932381 0.543265 0.869450 0.700593 0.903394 0.714170
0 0.715580 0.933363 0.699611 0.920721 0.638462 0.997962 0.654431 1.010604
0 0.812473 0.724542 0.773437 0.707813 0.701589 0.875458 0.740625 0.892188
0 0.647507 0.688682 0.615624 0.683299 0.586071 0.858342 0.617955 0.863725
0 0.688132 0.927467 0.668662 0.911647 0.600125 0.996000 0.619596 1.011820
0 0.313520 0.623986 0.287577 0.622028 0.274265 0.798412 0.300208 0.800369
0 0.991457 0.325460 0.964658 0.321229 0.940296 0.475524 0.967095 0.479755
0 0.529474 0.458613 0.499106 0.452773 0.466173 0.624024 0.496541 0.629864
0 0.427050 0.180913 0.406975 0.177263 0.373300 0.362475 0.393375 0.366125
0 0.502664 0.667084 0.481666 0.664539 0.461145 0.833832 0.482144 0.836377
0 0.547969 0.682969 0.534625 0.681063 0.511594 0.842281 0.524938 0.844188
0 0.241370 0.193743 0.222415 0.190133 0.196813 0.324542 0.215769 0.328152
0 0.558244 0.683297 0.544019 0.681358 0.521837 0.844029 0.536061 0.845969
0 0.705054 0.334067 0.680983 0.331974 0.672804 0.426032 0.696875 0.428125
0 0.659150 0.921105 0.634904 0.903594 0.566674 0.998067 0.590920 1.015577
0 0.761497 0.724632 0.728696 0.713831 0.677237 0.870115 0.710038 0.880916
0 0.653397 0.246054 0.619835 0.239638 0.587817 0.407115 0.621379 0.413531
0 0.289834 0.618649 0.259872 0.616211 0.245322 0.794968 0.275284 0.797407
0 0.722695 0.489903 0.689666 0.482864 0.651616 0.661410 0.684644 0.668449
0 0.560023 0.899309 0.535999 0.883810 0.463557 0.996095 0.487580 1.011594
0 0.826795 0.277849 0.777947 0.272334 0.758668 0.443091 0.807516 0.448606
0 0.385517 0.411478 0.333834 0.401142 0.295553 0.592548 0.347236 0.602885
0 0.333495 0.854961 0.290869 0.844755 0.263314 0.959834 0.305941 0.970040
0 0.433126 0.196682 0.421330 0.194694 0.392342 0.366687 0.404138 0.368675
0 0.891663 0.541088 0.865984 0.532002 0.809863 0.690605 0.835542 0.699692
0 0.415206 0.650648 0.396856 0.648609 0.378125 0.817188 0.396475 0.819226
0 0.219619 0.602115 0.186027 0.599428 0.171327 0.783150 0.204918 0.785838
0 0.186083 0.616400 0.169479 0.614985 0.156592 0.766240 0.173197 0.767655
0 0.169970 0.613276 0.147836 0.611211 0.132704 0.773432 0.154839 0.775497
0 0.502456 0.445500 0.473021 0.439244 0.434863 0.618765 0.464298 0.625021
