0 0.5789269482540088 0.1489123181260969 0.25592935531456246 0.10351796667703521 0.24579562273215633 0.17562322046135584 0.5687932156716027 0.2210175719104175
0 0.5726614501010305 0.2215612163925978 0.24966385768816934 0.1761668640590684 0.24072232907855487 0.23978914447351962 0.563719921491416 0.285183496807049
0 0.564316024621386 0.28094200985786155 0.24325254889213407 0.2358194800523735 0.23431101997251522 0.2994417628818545 0.5553744957017671 0.3445642926873425
0 0.5573086125889243 0.34483611274143405 0.23817925472481996 0.2999854068586182 0.22923772632641276 0.36360768793403453 0.5483670841905172 0.4084583938168504
0 0.915909006927652 0.16403912173485563 0.5728192288551136 0.14970786913550435 0.5696329354337932 0.22598764267353416 0.9127227135063316 0.24031889527288536
0 0.9059801559727285 0.239611766816132 0.5692655473095771 0.21381919021158052 0.5640543794635129 0.28184947539277916 0.9007689881266641 0.3076420519973307
0 0.8955310023044515 0.30116646318772444 0.5616526333862406 0.2810929593189492 0.5577298937606856 0.346339062661597 0.8916082626788965 0.36641256653037224
0 0.8883622434891697 0.36351972646460046 0.5553885528030793 0.34213014649098705 0.5509039836520793 0.41194187459352805 0.8838776743381697 0.43333145456714134
0 0.4393821904853141 0.39707792116879187 0.4043104808215608 0.392577364402176 0.33997373072433623 0.8939375154076693 0.3750454403880895 0.8984380721742852
0 0.47382441631366506 0.4019510836879362 0.43839330162274937 0.3973727848865034 0.3746781761892577 0.8904594126255339 0.4101092908801734 0.8950377114269665
0 0.5068988045539637 0.4023218353259751 0.47274466801962844 0.39793902564051653 0.406221450601278 0.9163377728979809 0.4403755871356133 0.9207205825834395
0 0.5411372967151702 0.4029149186110882 0.5071042478573924 0.3985081113577718 0.4509811027124667 0.8319379463776684 0.4850141515702445 0.8363447536309849
0 0.5723331518917288 0.41154203888257224 0.5399882755268528 0.4073158399078718 0.4844616310369826 0.8322845793668574 0.5168065074018587 0.8365107783415577
0 0.6043193886788814 0.41177005864989813 0.5724440534665634 0.40757496475805616 0.5036724510697623 0.9301181869131566 0.5355477862820803 0.9343132808049986
0 0.6390555209189117 0.4166660766182734 0.60435250819268 0.41202597365344584 0.5257809755440059 0.9996570926382876 0.5604839882702376 1.004297195603115
0 0.6752678664487313 0.4174972549950805 0.6398254263583092 0.41267762166273625 0.560175142039563 0.998406915882547 0.5956175821299851 1.0032265492148913
0 0.7120251432348927 0.4228085081323365 0.6752769145486945 0.4176438814764385 0.5953992619324107 0.9860029209256365 0.6321474906186089 0.9911675475815344
0 0.7493694750174545 0.42373165039835714 0.7145553619497853 0.4188388458295558 0.6799814517755347 0.6648449965090362 0.7147955648432041 0.6697378010778375
0 0.7828455711502424 0.42411114716819986 0.7518996936503428 0.41976198768853534 0.7292478215837297 0.5809384314116057 0.7601936990836293 0.5852875908912702
0 0.8157255661342377 0.4287321291824707 0.7847796887331197 0.42438296949990173 0.7609356117774327 0.594042383287548 0.7918814891785508 0.5983915429701169
0 0.8472675435846551 0.42883980227803126 0.8163216663292296 0.42449064290967653 0.7889009794902756 0.6195989701307913 0.8198468567457009 0.6239481294991462
0 0.8674835873530519 0.509535699322839 0.8365377094812081 0.5051865396622913 0.814481938654857 0.662121498052777 0.8454278165267007 0.6664706577133247
0 1.016950898937648 0.11964206850201402 0.9183109145539532 0.10577912254530997 0.7934738456717066 0.9940410088362324 0.8921138300554012 1.0079039547929365