0 0.6995786500924368 0.17085847206631832 0.07423982031672287 0.15978841963607124 0.07299126494862755 0.23031836136079104 0.6983300947243415 0.24138841379103818
0 0.7636162092643618 0.19697507359547622 0.7038024609612444 0.19384036504172114 0.701349210921544 0.24065112204925115 0.7611629592246614 0.24378583060300624
0 0.7745822180517229 0.13410568777223655 0.10223824441443219 0.11668049004571165 0.10065049413298344 0.17794317125753006 0.7729944677702741 0.19536836898405494
0 1.001884269795734 0.2520232462105433 0.06562710379140503 0.2239948145218582 0.06245195163621788 0.3300570798482533 0.9987091176405469 0.3580855115369384
0 0.9107139200623893 0.3259440679054505 0.07852263898248726 0.28233078056233685 0.07463833056592564 0.35644781677328075 0.9068296116458276 0.40006110411639445
0 0.9016143865791462 0.3997334986663644 0.06929252575003024 0.35815870443089787 0.06549468962793902 0.43419087936747075 0.897816550457055 0.47576567360293726
0 0.832854043949282 0.476480194071495 0.06737689722627058 0.4244428244119563 0.06472328296803136 0.4634778694995615 0.8302004296910427 0.5155152391591001
0 0.8591571081227387 0.5153106645205846 0.0693881474206167 0.45779622310100676 0.06614143945801428 0.5023789245936966 0.8559104001601364 0.5598933660132744
0 0.7739297987126562 0.5675444073189375 0.09903032997374969 0.5067462072211766 0.09594831956195762 0.5409585224907344 0.7708477883008641 0.6017567225884953
0 0.8661161046836938 0.5798173014119096 0.044327215969185686 0.5367491325915181 0.04034068466771798 0.612816613930721 0.8621295733822262 0.6558847827511124
0 0.8578346488228187 0.6559326206433521 0.05239558274195614 0.5679928418853266 0.04982847141811757 0.5915049745788541 0.8552675374989802 0.6794447533368796
0 0.7671921265627923 0.6885232146598397 0.5140730225774399 0.6591498890547991 0.5125001826179691 0.6727035413244381 0.7656192866033216 0.7020768669294787
0 0.8594406161039044 0.6762820316835146 0.03970393032700533 0.587053379082332 0.036753985483104865 0.6141542927358413 0.8564906712600038 0.703382945337024
0 0.6657088927311772 0.7068501119490633 0.0937621988807609 0.6502043246432379 0.08874086502030477 0.700904216670543 0.6606875588707211 0.7575500039763684
0 0.7652370585705687 0.7133926326313773 0.09168224093819438 0.6780931186293934 0.08646908876745182 0.7775659827446607 0.7600239063998261 0.8128654967466448
0 0.8204866638907158 0.8206542719125938 0.07840155939117796 0.7398930584026239 0.07610985828531636 0.7609506574741766 0.818194962784854 0.8417118709841465
0 0.11339503584719797 0.7613748649369078 0.0626833792965287 0.7587171790655376 0.06186562979084911 0.7743207658261968 0.11257728634151835 0.7769784516975671
0 0.8220260483109989 0.838455039898174 0.15896334060730505 0.7672176260641708 0.15684521684311165 0.7869326718912165 0.8199079245468054 0.8581700857252198
0 0.11242395781250017 0.7799041234375 0.053532849382215766 0.7708007248944535 0.05129444041411111 0.785281293291919 0.1101855488443955 0.7943846918349655
0 0.8214897301968602 0.8564541433426782 0.18685844545850136 0.7846473998705525 0.18422537639069037 0.8079185847831283 0.8188566611290492 0.8797253282552541
0 0.10670735092963468 0.793120787475152 0.039405793389630905 0.7864224476143455 0.03754603808316942 0.8051083356655789 0.10484759562317318 0.8118066755263854
0 0.828128300819446 0.8795275964796154 0.2222162292917913 0.807662673565915 0.21951405228770676 0.8304454387842874 0.8254261238153615 0.9023103616979877
0 0.08592144380528755 0.81077556155238 0.03837368923436226 0.8037917729233698 0.03593635437045077 0.8203858891076748 0.08348410894137606 0.8273696777366851
0 0.8268706897824554 0.9000613250874625 0.25714127799066144 0.8318883211850248 0.2547227557753594 0.8521001816026958 0.8244521675671533 0.9202731855051336
0 0.07636252574121541 0.8245912217872245 0.0245591613382798 0.8196697646740485 0.02312126564992879 0.8348050859019092 0.0749246300528644 0.8397265430150851
0 0.828986091451348 0.9191115285135967 0.2834654506878066 0.8519811022880898 0.2803813252657568 0.8770435690565854 0.8259019660292983 0.9441739952820922
0 0.8266858181800639 0.9416722701160163 0.48911140898053207 0.8956485271772767 0.4873585407725124 0.9085054443235963 0.8249329499720442 0.9545291872623359