0 0.430372 0.944916 0.405680 0.863430 0.387726 0.868871 0.412419 0.950356
0 0.460200 0.940389 0.436675 0.858048 0.418721 0.863178 0.442246 0.945519
0 0.837512 0.227413 0.820437 0.133500 0.797062 0.137750 0.814137 0.231663
0 0.561512 0.694401 0.536616 0.584860 0.508319 0.591291 0.533215 0.700832
0 0.595781 0.913906 0.569844 0.836094 0.548281 0.843281 0.574219 0.921094
0 0.629405 0.796083 0.596529 0.704030 0.577425 0.710853 0.610301 0.802906
0 0.286923 0.621322 0.260962 0.526130 0.237428 0.532548 0.263389 0.627740
0 0.266583 0.499387 0.244063 0.418316 0.221902 0.424472 0.244422 0.505543
0 0.321790 0.860075 0.289020 0.768319 0.266056 0.776520 0.298826 0.868276
0 0.696013 0.262851 0.675903 0.179895 0.654303 0.185131 0.674413 0.268087
0 0.590201 0.808636 0.559958 0.714126 0.539491 0.720675 0.569734 0.815185
0 0.220592 0.985518 0.200944 0.905285 0.176275 0.911327 0.195924 0.991559
0 0.776201 0.380664 0.757114 0.290679 0.740621 0.294177 0.759709 0.384162
0 0.650439 0.411798 0.628397 0.316283 0.608427 0.320892 0.630469 0.416406
0 0.106250 0.370312 0.056250 0.370312 0.056250 0.417187 0.106250 0.417187
0 0.524449 0.307169 0.503401 0.222978 0.476930 0.229596 0.497978 0.313787
0 0.869279 0.630617 0.845366 0.517886 0.819630 0.523346 0.843543 0.636076
0 0.562529 0.297759 0.538473 0.213561 0.519281 0.219045 0.543337 0.303243
0 0.017188 0.493750 0.000000 0.493750 0.000000 0.560937 0.017188 0.560937
0 0.698989 0.399081 0.677482 0.313051 0.639614 0.322518 0.661121 0.408548
0 0.819892 0.079147 0.803486 -0.002885 0.774639 0.002885 0.791046 0.084916
0 0.713230 0.106569 0.695748 0.024150 0.680569 0.027370 0.698052 0.109788
0 0.182667 0.247571 0.163176 0.173506 0.143718 0.178627 0.163208 0.252692
0 0.734447 0.655774 0.710799 0.555272 0.688069 0.560620 0.711716 0.661122
0 0.863544 0.220586 0.846386 0.139083 0.822053 0.144206 0.839212 0.225709
0 0.468389 0.173197 0.451623 0.089363 0.432692 0.093149 0.449459 0.176983
0 0.577482 0.427574 0.556489 0.333107 0.534816 0.337923 0.555809 0.432390
0 0.460613 0.713709 0.430189 0.607223 0.413473 0.611999 0.443897 0.718485
0 0.932212 0.858738 0.912411 0.765677 0.886586 0.771172 0.906386 0.864233
0 0.146197 0.256221 0.125147 0.182547 0.099351 0.189917 0.120401 0.263591
0 0.768097 0.244993 0.750289 0.159510 0.729573 0.163826 0.747382 0.249308
0 0.732046 0.778567 0.705041 0.684051 0.685643 0.689593 0.712647 0.784110
0 0.905048 0.487740 0.884195 0.383474 0.853846 0.389543 0.874700 0.493810
0 0.481388 0.578335 0.456007 0.481890 0.436549 0.487010 0.461929 0.583456
0 0.264292 0.368994 0.238403 0.282698 0.184361 0.298911 0.210249 0.385206
0 0.415722 0.832249 0.378673 0.748889 0.344169 0.764224 0.381218 0.847584
0 0.614652 0.913001 0.590772 0.829422 0.568897 0.835672 0.592777 0.919251
0 0.717187 0.173438 0.675000 0.173438 0.675000 0.264063 0.717187 0.264063
0 0.107078 0.785381 0.076500 0.685306 0.024140 0.701304 0.054718 0.801379
0 0.445037 0.458272 0.424265 0.375184 0.404412 0.380147 0.425184 0.463235
0 0.143253 0.896955 0.115778 0.802755 0.093518 0.809248 0.120993 0.903447
0 0.232021 0.233872 0.210201 0.159684 0.189645 0.165729 0.211465 0.239918
0 0.510065 0.823100 0.474446 0.729601 0.452744 0.737868 0.488363 0.831368
0 0.130711 0.527909 0.094585 0.443615 0.073087 0.452829 0.109213 0.537123
0 0.322291 0.615519 0.289907 0.516461 0.265936 0.524297 0.298321 0.623356
0 0.631310 0.678425 0.609675 0.570252 0.568810 0.578425 0.590445 0.686599
0 0.822858 0.637401 0.801684 0.538590 0.758255 0.547896 0.779428 0.646707
0 0.581995 0.690018 0.553032 0.579959 0.532881 0.585261 0.561844 0.695321
0 0.901011 0.749357 0.875827 0.648621 0.851930 0.654596 0.877114 0.755331
0 0.881142 0.866213 0.862114 0.776778 0.843889 0.780655 0.862918 0.870091
0 0.303919 0.215282 0.284306 0.140100 0.263443 0.145542 0.283056 0.220725
0 0.087846 0.660356 0.055827 0.569635 0.003111 0.588240 0.035130 0.678962
0 0.630488 0.416235 0.608399 0.313155 0.585671 0.318026 0.607759 0.421105
0 0.451815 0.176592 0.433480 0.089498 0.405997 0.095283 0.424333 0.182377
0 0.746637 0.097750 0.728413 0.021211 0.709824 0.025637 0.728048 0.102176
0 0.678442 0.537012 0.656558 0.433559 0.641372 0.436771 0.663257 0.540225
0 0.537767 0.437489 0.517342 0.352872 0.494278 0.358439 0.514703 0.443057
0 0.165690 0.251024 0.146317 0.178378 0.123561 0.184446 0.142933 0.257093
0 0.791459 0.511636 0.769467 0.410838 0.748342 0.415447 0.770334 0.516245
0 0.441692 0.586796 0.415075 0.487424 0.395159 0.492759 0.421776 0.592130
0 0.481801 0.450919 0.462941 0.366048 0.443585 0.370349 0.462445 0.455221
0 0.107280 0.903831 0.078914 0.810629 0.054231 0.818142 0.082596 0.911343
0 0.295612 0.493013 0.272923 0.406796 0.230469 0.417969 0.253157 0.504186
0 0.849357 0.869301 0.827757 0.782904 0.804228 0.788787 0.825827 0.875184
0 0.533513 0.697468 0.512641 0.598326 0.487048 0.603714 0.507920 0.702856
0 0.296562 0.362470 0.275016 0.282160 0.252654 0.288160 0.274201 0.368469
0 0.497849 0.575445 0.469904 0.472981 0.452584 0.477704 0.480529 0.580168
0 0.132913 0.401376 0.109948 0.324828 0.088876 0.331150 0.111841 0.407698
0 0.376094 0.951719 0.367812 0.926875 0.356562 0.930625 0.364844 0.955469
0 0.944398 0.742125 0.919495 0.639403 0.896151 0.645062 0.921054 0.747784
0 0.468278 0.831006 0.433068 0.737952 0.414635 0.744927 0.449844 0.837981
0 0.655087 0.274075 0.639462 0.188138 0.623512 0.191038 0.639137 0.276975
0 0.905059 0.623708 0.887120 0.510093 0.867382 0.513209 0.885321 0.626824
0 0.764724 0.093603 0.746967 0.013695 0.726618 0.018217 0.744375 0.098125
0 0.842193 0.635344 0.824033 0.530016 0.805144 0.533273 0.823304 0.638601
0 0.689913 0.789456 0.661176 0.691750 0.638336 0.698467 0.667073 0.796173
0 0.890586 0.626375 0.867045 0.513376 0.841337 0.518732 0.864879 0.631731
0 0.195221 0.243017 0.173304 0.169296 0.155650 0.174545 0.177567 0.248266
0 0.054020 0.528223 0.036202 0.464076 0.012267 0.470724 0.030086 0.534872
0 0.371526 0.602239 0.341483 0.508104 0.320513 0.514796 0.350557 0.608931
0 0.475501 0.710348 0.445254 0.604481 0.427300 0.609611 0.457547 0.715478
0 0.667727 0.792593 0.637287 0.696202 0.615377 0.703121 0.645816 0.799512
0 0.998437 0.756250 0.993750 0.756250 0.993750 0.800000 0.998437 0.800000
0 0.714219 0.782344 0.687969 0.686094 0.661659 0.693269 0.687909 0.789519
0 0.227032 0.983977 0.203092 0.901897 0.176393 0.909685 0.200332 0.991765
0 0.456710 0.323713 0.434007 0.232904 0.413051 0.238143 0.435754 0.328952
0 0.365625 0.845313 0.336875 0.759062 0.318594 0.765156 0.347344 0.851406
0 0.357629 0.347702 0.337592 0.267555 0.317371 0.272610 0.337408 0.352757
0 0.477378 0.318970 0.455305 0.228470 0.433112 0.233883 0.455185 0.324383
0 0.451176 0.833682 0.415496 0.740915 0.396545 0.748204 0.432225 0.840971
0 0.544632 0.302728 0.523017 0.220588 0.502943 0.225870 0.524559 0.308011
0 0.174336 0.888415 0.150372 0.797353 0.127607 0.803344 0.151571 0.894406
0 0.458620 0.583480 0.434164 0.482163 0.416447 0.486440 0.440902 0.587756
0 0.173467 0.391509 0.151533 0.314741 0.124499 0.322465 0.146433 0.399233
0 0.107127 0.638113 0.087548 0.566322 0.068642 0.571478 0.088221 0.643269
0 0.537603 0.816574 0.503350 0.723601 0.485248 0.730271 0.519501 0.823243
0 0.729223 0.255025 0.714527 0.166850 0.697044 0.169764 0.711740 0.257939
0 0.511178 0.161298 0.490228 0.084483 0.466034 0.091082 0.486983 0.167897
0 0.180064 0.518075 0.149478 0.430141 0.129479 0.437097 0.160065 0.525032
0 0.367395 0.733300 0.333465 0.628116 0.310776 0.635435 0.344706 0.740619
0 0.865903 0.869450 0.846460 0.779524 0.828345 0.783441 0.847789 0.873367
0 0.592855 0.917739 0.570734 0.834783 0.552353 0.839685 0.574475 0.922640
0 0.119853 0.899724 0.097335 0.809651 0.078585 0.814338 0.101103 0.904412
0 0.513399 0.443780 0.495130 0.358521 0.466212 0.364718 0.484482 0.449977
0 0.796204 0.376037 0.774093 0.272851 0.749870 0.278041 0.771982 0.381227
0 0.764430 0.384283 0.740257 0.287592 0.716360 0.293566 0.740533 0.390257
0 0.154064 0.891960 0.132208 0.801804 0.114007 0.806216 0.135863 0.896372
0 0.617025 0.133102 0.594487 0.052967 0.575075 0.058426 0.597613 0.138562
0 0.158646 0.523525 0.129828 0.441505 0.110695 0.448227 0.139513 0.530247
0 0.579412 0.294210 0.558640 0.211121 0.538419 0.216176 0.559191 0.299265
0 0.397855 0.468781 0.375263 0.385191 0.356963 0.390137 0.379555 0.473727
0 0.392040 0.728390 0.361439 0.621285 0.335024 0.628833 0.365625 0.735937
0 0.645312 0.193750 0.603125 0.193750 0.603125 0.282813 0.645312 0.282813
0 0.026562 0.228125 0.025000 0.214062 0.016940 0.214958 0.018502 0.229021
0 0.748425 0.249471 0.730479 0.165124 0.710919 0.169286 0.728865 0.253633
0 0.825613 0.876351 0.806996 0.787919 0.787309 0.792063 0.805927 0.880496
0 0.698222 0.533073 0.676735 0.429221 0.656637 0.433379 0.678123 0.537231
0 0.396085 0.469099 0.375864 0.378107 0.321103 0.390276 0.341324 0.481268
0 0.575000 0.837500 0.464063 0.837500 0.464063 0.940625 0.575000 0.940625
0 0.920889 0.746096 0.899420 0.644119 0.876583 0.648927 0.898052 0.750904
0 0.010937 0.290625 0.006562 0.260000 -0.004375 0.261563 0.000000 0.292187
0 0.651287 0.123897 0.631434 0.044485 0.609007 0.050092 0.628860 0.129504
0 0.339849 0.480560 0.316580 0.391714 0.290782 0.398471 0.314052 0.487317
0 0.420873 0.331981 0.401075 0.250987 0.376895 0.256898 0.396693 0.337892
0 0.499265 0.312684 0.476654 0.222243 0.452757 0.228217 0.475368 0.318658
0 0.557433 0.813677 0.520637 0.719386 0.501024 0.727039 0.537821 0.821331
0 0.570937 0.809688 0.540156 0.717344 0.524687 0.722500 0.555469 0.814844
0 0.248041 0.503007 0.223311 0.422635 0.205743 0.428041 0.230473 0.508412
0 0.867349 0.358190 0.847091 0.261961 0.824254 0.266769 0.844513 0.362997
0 0.080985 0.667040 0.054275 0.573555 0.027241 0.581279 0.053950 0.674764
0 0.171950 0.992226 0.146387 0.912344 0.125410 0.919056 0.150973 0.998939
0 0.080802 0.273318 0.062755 0.199328 0.026785 0.208101 0.044832 0.282091
0 0.665899 0.539801 0.641614 0.439628 0.624442 0.443791 0.648726 0.543964
0 0.688765 0.900489 0.667549 0.813696 0.641043 0.820176 0.662259 0.906969
0 0.845313 0.265625 0.792188 0.265625 0.792188 0.371875 0.845313 0.371875
0 0.629711 0.547456 0.605373 0.442614 0.584140 0.447543 0.608478 0.552385
0 0.385316 0.194703 0.369102 0.117689 0.349258 0.121867 0.365472 0.198881
0 0.675822 0.269063 0.656007 0.186199 0.635379 0.191132 0.655195 0.273996
0 0.200472 0.990713 0.176828 0.907960 0.156397 0.913797 0.180041 0.996551
0 0.730103 0.102451 0.711550 0.024115 0.693524 0.028384 0.712077 0.106720
0 0.721434 0.526091 0.697763 0.426147 0.673741 0.431836 0.697412 0.531781
0 0.664184 0.408902 0.645183 0.320229 0.630030 0.323476 0.649032 0.412149
0 0.707996 0.896048 0.686489 0.810018 0.665901 0.815165 0.687408 0.901195
0 0.565595 0.560987 0.541592 0.462307 0.522972 0.466836 0.546975 0.565516
0 0.441207 0.328064 0.415854 0.236406 0.396430 0.241779 0.421782 0.333437
0 0.892647 0.351838 0.868474 0.255147 0.844210 0.261213 0.868382 0.357904
0 0.410938 0.834375 0.385164 0.749692 0.346367 0.761500 0.372140 0.846183
0 0.750919 0.777114 0.726654 0.680055 0.705331 0.685386 0.729596 0.782445
0 0.770554 0.772562 0.745728 0.677079 0.725882 0.682239 0.750708 0.777722
0 0.958249 0.853174 0.939133 0.763053 0.911811 0.768849 0.930927 0.858970
0 0.716228 0.831033 0.714032 0.809066 0.710783 0.809390 0.712980 0.831358
0 0.348519 0.853477 0.315831 0.760443 0.286587 0.770718 0.319274 0.863752
0 0.566085 0.145588 0.546783 0.068382 0.528401 0.072978 0.547702 0.150184
0 0.527049 0.441452 0.509375 0.354687 0.490705 0.358491 0.508379 0.445255
0 0.815716 0.232333 0.800950 0.141273 0.784203 0.143989 0.798969 0.235049
0 0.836539 0.762518 0.817349 0.662303 0.792464 0.667068 0.811654 0.767283
0 0.555909 0.433990 0.534487 0.331162 0.513023 0.335633 0.534445 0.438462
0 0.843308 0.072416 0.826776 -0.004733 0.802553 0.000457 0.819085 0.077607
0 0.350583 0.202566 0.333654 0.128076 0.309476 0.133571 0.326406 0.208061
0 0.610937 0.803125 0.579531 0.708906 0.557031 0.716406 0.588437 0.810625
0 0.697596 0.112981 0.680889 0.029447 0.650541 0.035517 0.667248 0.119050
0 0.562269 0.694028 0.536618 0.586296 0.497609 0.595584 0.523260 0.703316
0 0.023755 0.287574 0.003453 0.219286 -0.013503 0.224327 0.006799 0.292615
0 0.751287 0.777022 0.727022 0.679963 0.706066 0.685202 0.730331 0.782261
0 0.648621 0.542923 0.623713 0.443290 0.603860 0.448254 0.628768 0.547886
0 0.601287 0.287960 0.580607 0.205239 0.557077 0.211121 0.577757 0.293842
0 0.727100 0.892520 0.706711 0.805866 0.685374 0.810886 0.705763 0.897541
0 0.803125 0.146875 0.767188 0.146875 0.767188 0.239063 0.803125 0.239063
0 0.769231 0.650841 0.746935 0.539363 0.721394 0.544471 0.743690 0.655950
0 0.621011 0.281243 0.601533 0.200546 0.580200 0.205695 0.599679 0.286392
0 0.347397 0.962694 0.325891 0.878624 0.308872 0.882977 0.330378 0.967047
0 0.609645 0.421180 0.586054 0.320385 0.571650 0.323756 0.595241 0.424551
0 0.789456 0.240442 0.770968 0.153551 0.746001 0.158863 0.764489 0.245754
0 0.722518 0.394761 0.700919 0.308364 0.659375 0.318750 0.680974 0.405147
0 0.664534 0.903213 0.640654 0.819634 0.617129 0.826356 0.641008 0.909935
0 0.062590 0.670930 0.035146 0.577622 0.020596 0.581902 0.048039 0.675209
0 0.628674 0.129123 0.612165 0.052081 0.594345 0.055899 0.610854 0.132942
0 0.200534 0.793636 0.156631 0.788758 0.146227 0.882393 0.190130 0.887271
0 0.424982 0.463199 0.406452 0.379816 0.384283 0.384743 0.402812 0.468125
0 0.368639 0.199029 0.352156 0.121323 0.332401 0.125514 0.348884 0.203220
0 0.532771 0.155310 0.512677 0.078283 0.489334 0.084372 0.509428 0.161399
0 0.479481 0.937559 0.455483 0.853567 0.434434 0.859581 0.458432 0.943573
0 0.317344 0.356719 0.290937 0.277500 0.269844 0.284531 0.296250 0.363750
0 0.852275 0.498699 0.830724 0.396328 0.803320 0.402097 0.824872 0.504468
0 0.856662 0.758171 0.835053 0.657332 0.816806 0.661242 0.838415 0.762081
0 0.488463 0.827568 0.453082 0.733219 0.431849 0.741182 0.467230 0.835531
0 0.425788 0.185102 0.409892 0.107387 0.387873 0.111891 0.403769 0.189606
0 0.537330 0.926112 0.513387 0.842617 0.494661 0.847986 0.518605 0.931482
0 0.523561 0.927887 0.500371 0.843630 0.475078 0.850591 0.498268 0.934848
0 0.498483 0.932472 0.473200 0.849538 0.452340 0.855898 0.477623 0.938832
0 0.789694 0.880986 0.767964 0.794008 0.747461 0.799131 0.769191 0.886108
0 0.767554 0.885272 0.747324 0.798521 0.726763 0.803316 0.746993 0.890066
0 0.747491 0.889143 0.725232 0.800621 0.704733 0.805776 0.726992 0.894297
0 0.726255 0.892005 0.704667 0.805031 0.685486 0.809791 0.707074 0.896766
0 1.011530 0.837220 0.967680 0.750423 0.939460 0.764680 0.983310 0.851477
0 0.874788 0.752242 0.853491 0.652050 0.833113 0.656381 0.854409 0.756574
0 0.811796 0.766928 0.794603 0.664304 0.767810 0.668793 0.785003 0.771416
0 0.791535 0.767767 0.768199 0.669373 0.745998 0.674638 0.769334 0.773033
0 0.434339 0.837081 0.396058 0.744425 0.381603 0.750397 0.419883 0.843053
0 0.268758 0.866139 0.255897 0.775767 0.230314 0.779407 0.243175 0.869780
0 0.300634 0.861348 0.262859 0.770597 0.242032 0.779267 0.279807 0.870017
0 0.413707 0.722694 0.382035 0.617314 0.359364 0.624128 0.391036 0.729508
0 0.421694 0.720492 0.391865 0.615246 0.382915 0.617783 0.412744 0.723029
0 0.444390 0.716445 0.412730 0.609295 0.391031 0.615706 0.422690 0.722857
0 0.493465 0.706634 0.461763 0.598857 0.442350 0.604568 0.474052 0.712345
0 0.507532 0.700701 0.483999 0.600394 0.467077 0.604364 0.490609 0.704671
0 0.522414 0.698413 0.494793 0.600259 0.477941 0.605001 0.505561 0.703155
0 0.655410 0.674481 0.632256 0.562255 0.611204 0.566599 0.634357 0.678825
0 0.678021 0.669626 0.655218 0.558389 0.632343 0.563079 0.655146 0.674315
0 0.699250 0.663147 0.678393 0.553882 0.655772 0.558199 0.676629 0.667465
0 0.712567 0.662686 0.694085 0.551635 0.674808 0.554843 0.693290 0.665894
0 0.778391 0.646946 0.763222 0.541906 0.748578 0.544021 0.763747 0.649061
0 0.825055 0.637556 0.801902 0.528631 0.776025 0.534131 0.799178 0.643057
0 0.748200 0.518910 0.724974 0.416979 0.703156 0.421950 0.726382 0.523881
0 0.729492 0.523175 0.704255 0.413908 0.693649 0.416357 0.718886 0.525625
0 0.873520 0.492211 0.853738 0.389660 0.830538 0.394135 0.850320 0.496686
0 0.824521 0.503031 0.802915 0.401383 0.782860 0.405646 0.804466 0.507294
0 0.803922 0.507917 0.782780 0.408452 0.768872 0.411409 0.790013 0.510873
0 0.607710 0.549757 0.584436 0.456968 0.570141 0.460554 0.593414 0.553343
0 0.589063 0.506250 0.581250 0.506250 0.581250 0.510938 0.589063 0.510938
0 0.593073 0.552454 0.569498 0.459966 0.553962 0.463926 0.577536 0.556414
0 0.578212 0.555751 0.554338 0.459659 0.540217 0.463167 0.564091 0.559259
0 0.547397 0.562795 0.521597 0.462611 0.504480 0.467019 0.530280 0.567203
0 0.529331 0.566155 0.506013 0.466712 0.489969 0.470474 0.513287 0.569917
0 0.515460 0.571081 0.488679 0.469027 0.468899 0.474218 0.495680 0.576272
0 0.406685 0.593493 0.376554 0.496871 0.358616 0.502464 0.388747 0.599087
0 0.413250 0.591964 0.386504 0.495538 0.373005 0.499282 0.399750 0.595708
0 0.421719 0.591043 0.396875 0.492486 0.386986 0.494979 0.411830 0.593535
0 0.388962 0.598893 0.360023 0.496462 0.336666 0.503061 0.365606 0.605492
0 0.367281 0.603203 0.339294 0.507031 0.328985 0.510031 0.356972 0.606203
0 0.358785 0.605689 0.328999 0.507129 0.313099 0.511934 0.342886 0.610494
0 0.346586 0.608143 0.315213 0.508961 0.305096 0.512162 0.336469 0.611343
0 0.337306 0.609388 0.303530 0.511453 0.286969 0.517164 0.320745 0.615100
0 0.305385 0.615584 0.274932 0.521248 0.257616 0.526837 0.288069 0.621174
0 0.269220 0.623831 0.236280 0.532048 0.223988 0.536460 0.256929 0.628242
0 0.314216 0.486237 0.290365 0.402758 0.269375 0.408756 0.293225 0.492234
0 0.595918 0.422986 0.574951 0.336166 0.555357 0.340898 0.576324 0.427718
0 0.739478 0.388873 0.718806 0.301941 0.699541 0.306523 0.720212 0.393454
0 0.814453 0.370820 0.789387 0.272285 0.768027 0.277719 0.793092 0.376254
0 0.400057 0.336332 0.376795 0.257722 0.356934 0.263599 0.380197 0.342209
0 0.378269 0.341149 0.357467 0.261370 0.335224 0.267169 0.356027 0.346949
0 0.340469 0.350154 0.319712 0.269721 0.302716 0.274107 0.323473 0.354541
0 0.209821 0.382225 0.187627 0.305652 0.173089 0.309865 0.195284 0.386438
0 0.195264 0.385376 0.174105 0.308420 0.150493 0.314913 0.171653 0.391868
0 0.903580 0.862251 0.884294 0.771520 0.861005 0.776470 0.880291 0.867201
0 1.011128 0.837740 0.968284 0.750038 0.940107 0.763803 0.982951 0.851505
0 0.281183 0.219527 0.263762 0.146196 0.244498 0.150773 0.261919 0.224103
0 0.263186 0.224562 0.240911 0.140996 0.209622 0.149336 0.231897 0.232902
0 0.487233 0.166100 0.467373 0.090202 0.447471 0.095409 0.467330 0.171308
0 0.404952 0.188885 0.389947 0.101666 0.364662 0.106016 0.379667 0.193235
