0 0.24457667198095728 0.5315697711495624 0.20057822686681917 0.183982054747871 0.13455412220420673 0.19233953635073334 0.17855256731834485 0.5399272527524246
0 0.30447795654781135 0.5302123930094575 0.2645785356671027 0.17325506895944126 0.19983110123275422 0.1804923070363386 0.23973052211346285 0.5374496310863548
0 0.34398214041413 0.5258653409221816 0.3118695083034388 0.1777352092107323 0.26756618396952525 0.18182188894920093 0.29967881608021646 0.5299520206606503
0 0.3939068583083488 0.529418948601543 0.37187541941034297 0.17622743493809814 0.31184765968127537 0.17997185650400058 0.3338790985792813 0.5331633701674455
0 0.46875 0.18945312500000006 0.3723958328125 0.18945312500000006 0.37239583281250005 0.529296875 0.46875 0.529296875
0 0.5104166671875 0.20507812500000008 0.4583333328125 0.20507812500000008 0.4583333328125 0.529296875 0.5104166671875 0.529296875
0 0.5416666671875 0.23828125000000008 0.5026041671875 0.23828125000000008 0.5026041671875 0.529296875 0.5416666671875 0.529296875
0 0.5937500000000001 0.2646484375000001 0.5403645828125001 0.2636718750000001 0.5354732406373622 0.5310652498495896 0.5888586578248622 0.5320418123495896
0 0.653924509984501 0.21936307987071527 0.58739193737803 0.21502062782752396 0.5667564133996272 0.5311863525632385 0.6332889860060982 0.5355288046064299
0 0.7179146765767198 0.19809167354082152 0.6427523231901946 0.1905924819560659 0.6090650267997757 0.5282310723716473 0.684227380186301 0.5357302639564029
0 0.7723922798484685 0.19992966977193224 0.7176154055874657 0.19280422235731803 0.6740928977314037 0.5273834847718303 0.7288697719924064 0.5345089321864445
0 0.7929461327245936 0.2899857452676274 0.7579629908042322 0.28583959552871807 0.7356639088048398 0.4739881187134459 0.770647050725201 0.4781342684523552
0 0.8381671992315984 0.27599345506549916 0.7976862199691023 0.27201637662837524 0.7729115015355178 0.5241876322371443 0.813392480798014 0.5281647106742683
0 0.8532142350493975 0.2819169581614639 0.8364504263160952 0.2799053012475781 0.8086091549912799 0.5119159110884137 0.8253729637245822 0.5139275680022996
0 0.3203988748058966 0.5625533074080828 0.1879580282481233 0.5614830781309439 0.1851704148944306 0.9064501616569981 0.3176112614522039 0.9075203909341371
0 0.3907659883106601 0.5645185349055506 0.2981449785825373 0.5630216298475139 0.2926941849777578 0.9002895178700339 0.38531519470588055 0.9017864229280705
0 0.4479166671875001 0.560546875 0.3750000000000001 0.560546875 0.3750000000000001 0.892578125 0.44791666718750023 0.892578125
0 0.5201808316810765 0.8926418614827968 0.5093652264161603 0.5609632942570407 0.4399403509617926 0.5632271488520508 0.45075595622670883 0.894905716077807
0 0.5677083328125 0.560546875 0.515625 0.560546875 0.5156250000000001 0.8876953125 0.5677083328125001 0.8876953125
0 0.6083019677330129 0.6158952736915009 0.5682329854638779 0.6148872487787228 0.5613518157014997 0.8884136921279611 0.6014207979706347 0.8894217170407392
0 0.6388384225237419 0.5962935505306118 0.5966483932257343 0.5956886754376225 0.5924511274224399 0.888447906665564 0.6346411567204475 0.8890527817585534
0 0.6975075327306733 0.8821168108634664 0.681181161159601 0.5555893794420198 0.6167588840399002 0.5588104932980048 0.6330852556109725 0.8853379247194514
0 0.7099485787720332 0.6342389661980185 0.686197915625 0.6328125 0.6714869567382589 0.8777499752617388 0.6952376198852921 0.8791764414597572
0 0.734375 0.5859375000000001 0.6796875 0.5859375 0.6796875000000001 0.8818359375 0.7343750000000001 0.8818359375
0 0.7703323180741469 0.6293597897621289 0.737500459805762 0.6268819139141895 0.7186578178788595 0.8765469444121505 0.7514896761472445 0.8790248202600901
0 0.8001510205036112 0.6296091021418035 0.7687478133920236 0.626536005498231 0.7443091308187846 0.8762687992868363 0.7757123379303723 0.8793418959304088
0 0.8321626688699958 0.6274277695430308 0.797368145424812 0.6243349242517087 0.7749526717908497 0.876509103503462 0.8097471952360336 0.8796019487947841