0 0.41734781163228696 0.1687978485378899 0.37808252229394135 0.16542752376427816 0.3216750360468971 0.8225915708853023 0.36094032538524284 0.825961895658914
0 0.36921931106935524 0.24199286375061102 0.31004848989212863 0.2372829392836767 0.2633933609682025 0.8234117211651772 0.32256418214542903 0.8281216456321114
0 0.4527737809758299 0.18208207782353397 0.4209530058710624 0.17894188110860543 0.3601342594157636 0.7952407403193954 0.3919550345205311 0.798380937034324
0 0.47547667014536454 0.15397400109475243 0.4526061634454644 0.15164817129666935 0.3869434828954813 0.7973268777478099 0.4098139895953815 0.799652707545893
0 0.49355361399658265 0.156878142889097 0.4729118574040913 0.1547479723994169 0.40657951982658097 0.7975209209118937 0.42722127641907226 0.7996510914015739
0 0.5159330563147952 0.14400717194075932 0.494000550431063 0.1416414433569181 0.4230270454351853 0.799631893547836 0.4449595513189175 0.8019976221316772
0 0.5952225749797648 0.18646001857730254 0.5137368684844474 0.17638353354445702 0.43907182373908193 0.7801787956570516 0.5205575302343993 0.790255280689897
0 0.6706699025258255 0.19790537856099624 0.5991566291057644 0.18762298418569862 0.5100199210327341 0.8075620317974854 0.581533194452795 0.817844426172783
0 0.7425411408858901 0.20680707803955026 0.6733617381884086 0.19489066863381038 0.5685288649675131 0.8034863710430532 0.6377082676649946 0.815402780448793
0 0.8215147617930185 0.23509623093735935 0.7429436075331493 0.22061559312911788 0.6300614550824122 0.8331080213524853 0.7086326093422814 0.8475886591607269
0 0.8468752949522441 0.2520943238905098 0.8201504004561487 0.24683855540437394 0.7008205273354424 0.8536153336806207 0.7275454218315379 0.8588711021667566
0 0.8985106610652285 0.24064359229603674 0.8485494058881636 0.2310127696120179 0.7185040949792365 0.9056412178839395 0.7684653501563012 0.9152720405679583
0 0.9321835933530812 0.24046416128952863 0.8989084434320473 0.23391102698268154 0.7631943849465751 0.9230325116099033 0.796469534867609 0.9295856459167504
0 0.9587430313688715 0.2466731315896289 0.9306979302526338 0.24079615993795844 0.7870723637952663 0.9261820649437986 0.815117464911504 0.932059036595469
0 0.9791449574194946 0.24683840273669255 0.9564074113282073 0.2420091570617306 0.8117104760027132 0.923285997726369 0.8344480220940005 0.9281152434013309
0 0.9954113031690881 0.2571764656763416 0.9758844327328641 0.2529459003904423 0.8317034749269056 0.9184368436058861 0.8512303453631296 0.9226674088917853
0 1.0092934461216079 0.25669454434597816 0.9906949335027007 0.2527015608325541 0.8478371841603936 0.9181041714166405 0.8664356967793008 0.9220971549300646