0 0.7211356908576905 0.33510246799580556 0.7078062323523395 0.226542732415826 0.04869355196296285 0.3074715876369972 0.06202301046831373 0.4160313232169767
0 0.6922976978485947 0.22844694217490816 0.6830146816718903 0.1528428404389898 0.04458004760205928 0.23123275447487077 0.05386306377876375 0.30683685621078916
0 0.6606391157867406 0.16420700868949853 0.6552978245762188 0.11608647962258929 0.04153537370318557 0.18421299543122047 0.04687666491370743 0.23233352449812966
0 0.5943835947468964 0.3518703538257749 0.5894817527259532 0.30781506042359685 0.06645749689457252 0.3660097080406767 0.07135933891551574 0.41006500144285474
0 0.6803818381158068 0.4095092002508717 0.672294171582944 0.34129180272950865 0.0643339590487189 0.41336988900779803 0.07242162558158163 0.48158728652916105
0 0.6851167694416835 0.44775362961727405 0.6803562481480538 0.4089822949352627 0.07552343654850593 0.4832464259568212 0.08028395784213564 0.5220177606388325
0 0.5559681377729373 0.48330933768086864 0.5529467185203174 0.4622006165952719 0.08090006733240854 0.5297675162785997 0.08392148658502838 0.5508762373641966
0 0.6749918951591877 0.5062037351006994 0.6664246677748661 0.45000897819327773 0.08618898507122413 0.5384693845334753 0.09475621245554569 0.594664141440897
0 0.7417891204526411 0.5564794060012349 0.7305160513443709 0.48734005268881575 0.0610284867009907 0.5964990080705501 0.07230155580926091 0.6656383613829693
0 0.6411423553433631 0.6138890263559326 0.6345562746524793 0.5720819013132612 0.08081637312587861 0.6593152537500494 0.08740245381676236 0.7011223787927208
0 0.6485679120083481 0.6545206551675092 0.6413610832130981 0.6103201319562133 0.08782385815917164 0.7005735435208509 0.09503068695442163 0.7447740667321469
0 0.6738247623707209 0.712422658920549 0.663382579498293 0.6486618057069874 0.0871762581680807 0.7430277289393192 0.09761844104050843 0.8067885821528809
0 0.7812429501612072 0.7691317112609625 0.7574302571036359 0.625669789706025 0.09012377639319613 0.7364334280865465 0.11393646945076738 0.8798953496414839
0 0.7224273667441663 0.8087244317415008 0.717698244008727 0.7795954246151949 0.10473246224475749 0.8791110175091417 0.1094615849801968 0.9082400246354474
0 0.918325003219602 0.8380964242939282 0.8988027009467118 0.7162496453449636 0.08745557481788706 0.8462437574680421 0.10697787709077725 0.9680905364170067