0 0.8340364463314138 0.2034799400697911 0.8241459150731052 0.0654832556989211 0.3769377107040477 0.09753566872934524 0.3868282419623562 0.23553235310021522
0 0.7820953809710276 0.16793938546795734 0.7741287968749999 0.12091988125000001 0.3850636077573061 0.186839771293402 0.39303019185333377 0.23385927551135932
0 0.7498537530330613 0.19569759718854418 0.7460290517493179 0.17515103661111553 0.3981442654787059 0.23990909592863013 0.4019689667624494 0.26045565650605873
0 0.7415343699285986 0.21070604635573478 0.7392953924527641 0.19712843461522367 0.4047020287741656 0.2523036023219889 0.40694100625 0.2658812140625
0 0.7538825798799552 0.2616456326555606 0.7440804176489106 0.20398767760266834 0.4009320374195388 0.2623247464293875 0.41073419965058333 0.3199827014822798
0 0.7655373924838103 0.3232784293294448 0.7563137876903667 0.261035619961163 0.40654953037495767 0.31286630230169343 0.4157731351684012 0.3751091116699753
0 0.7707833712110388 0.3777915818390701 0.7631723419092027 0.3236362948056853 0.4130971067588695 0.3728361609412635 0.42070813606070556 0.42699144797464833
0 0.7872181595827754 0.4385960467909003 0.7785198395178238 0.37670429132874517 0.4255434290089484 0.4263118969146191 0.4342417490739 0.4882036523767743
0 0.7618789914359653 0.4974394697390877 0.7550883368861788 0.4409936131810073 0.43028673615713053 0.4800685002012644 0.437077390706917 0.5365143567593448
0 0.7629587294204165 0.5631070147844831 0.7576396634650894 0.5035247652708001 0.44375892329971317 0.5315457341444765 0.4490779892550402 0.5911279836581593
0 0.7744403223014908 0.6179312771741471 0.7704347594085997 0.5650566009827414 0.450479012444107 0.5892951015225618 0.45448457533699804 0.6421697777139677
0 0.7795909052462014 0.6534561169218859 0.7771190808310994 0.6158800843959373 0.456858983637472 0.6369474157295335 0.45933080805257404 0.674523448255482
0 0.7866415347945452 0.7058547969250171 0.7835328585269734 0.6526669020790969 0.46212255674097324 0.6714523903976266 0.46523123300854496 0.7246402852435467
0 0.8066381296299712 0.7530064042136694 0.8032889531650765 0.6950849845342251 0.4684569099012633 0.7144458980822358 0.471806086366158 0.7723673177616801
0 0.8283016788914367 0.7752912969686728 0.8252509850135358 0.7315086764461499 0.47443306865705415 0.7559530348905269 0.47748376253495517 0.7997356554130498
0 0.8218108416329934 0.8069448361830522 0.8199613959765376 0.7745653813458487 0.48076785501395075 0.7939393956455075 0.48261730067040665 0.8263188504827111
0 0.841334594888749 0.841155293097796 0.8383544538408865 0.7952060274036062 0.4846244559415217 0.8181479671859757 0.48760459698938413 0.8640972328801654