0 0.210229 0.998224 0.197338 0.852119 0.177228 0.853894 0.190119 0.999999
0 0.112500 0.582812 0.056250 0.582812 0.056250 0.789062 0.112500 0.789062
0 0.237360 0.997916 0.224732 0.849985 0.194919 0.852530 0.207547 1.000461
0 0.865286 0.468356 0.851279 0.258248 0.820064 0.260329 0.834071 0.470437
0 0.372015 0.159587 0.351966 -0.004813 0.308745 0.000458 0.328794 0.164857
0 0.270441 0.998284 0.256685 0.846977 0.222733 0.850064 0.236488 1.001370
0 0.743673 0.474861 0.733895 0.259752 0.696331 0.261459 0.706108 0.476569
0 0.196225 0.998190 0.181714 0.853079 0.110551 0.860195 0.125062 1.005306
0 0.668450 0.154627 0.661022 -0.001343 0.631550 0.000060 0.638978 0.156031
0 0.814816 0.725423 0.799945 0.532096 0.765414 0.534752 0.780285 0.728079
0 0.721175 0.996628 0.707217 0.809187 0.678453 0.811329 0.692412 0.998770
0 0.723249 0.152887 0.710711 -0.001755 0.687342 0.000139 0.699881 0.154782
0 0.577778 0.744274 0.557940 0.541930 0.516853 0.545958 0.536690 0.748302
0 0.083856 0.164896 0.062091 -0.006113 0.008471 0.000712 0.030236 0.171720
0 0.508448 0.997632 0.494682 0.826541 0.444165 0.830606 0.457931 1.001697
0 0.275457 0.161928 0.257069 -0.003563 0.221570 0.000381 0.239958 0.165873
0 0.560154 0.484332 0.548154 0.268332 0.506269 0.270659 0.518269 0.486659
0 0.517732 0.486155 0.504471 0.265138 0.456456 0.268019 0.469717 0.489036
0 0.094714 0.162093 0.063669 -0.000892 0.029636 0.005590 0.060681 0.168576
0 0.796845 0.993925 0.787401 0.802686 0.730768 0.805483 0.740212 0.996722
0 0.894551 0.977864 0.887712 0.793221 0.869508 0.793896 0.876346 0.978538
0 0.682590 0.736948 0.661049 0.532307 0.613630 0.537299 0.635171 0.741939
0 0.959520 0.462406 0.948154 0.254981 0.911470 0.256991 0.922836 0.464417
0 0.634645 0.738702 0.613234 0.536830 0.587482 0.539562 0.608893 0.741434
0 0.727572 0.732548 0.703488 0.533857 0.659299 0.539214 0.683382 0.737904
0 0.914311 0.148340 0.906178 -0.002108 0.864029 0.000171 0.872162 0.150618
0 0.075978 0.997004 0.061675 0.862555 0.020978 0.866884 0.035281 1.001333
0 0.890269 0.466963 0.873063 0.254760 0.847555 0.256828 0.864761 0.469031
0 0.595374 0.998222 0.587265 0.819826 0.541550 0.821904 0.549659 1.000300
0 0.913821 0.956940 0.906621 0.791356 0.884177 0.792332 0.891377 0.957916
0 0.872048 0.149685 0.866094 -0.001129 0.829330 0.000322 0.835283 0.151136
0 0.029688 0.004688 0.000000 0.004688 0.000000 0.167187 0.029688 0.167187
0 0.799623 0.151413 0.791283 -0.001485 0.763978 0.000005 0.772317 0.152902
0 0.125000 0.998437 0.113876 0.859390 0.063076 0.863454 0.074200 1.002501
0 0.074848 0.785151 0.047737 0.575040 0.010752 0.579812 0.037863 0.789923
0 0.923986 0.465539 0.910457 0.255827 0.874216 0.258165 0.887746 0.467877
0 0.175028 0.502911 0.152235 0.281999 0.109044 0.286455 0.131837 0.507368
0 0.555440 0.997500 0.539225 0.822381 0.494413 0.826530 0.510627 1.001649
0 0.414429 0.159219 0.401309 -0.003136 0.354832 0.000620 0.367952 0.162975
0 0.354818 0.493553 0.341183 0.268574 0.307782 0.270598 0.321418 0.495577
0 0.879983 0.984197 0.870162 0.795158 0.859315 0.795721 0.869135 0.984761
0 0.389679 0.491910 0.373342 0.271361 0.336967 0.274056 0.353304 0.494605
0 0.299785 0.766760 0.281794 0.556873 0.223118 0.561902 0.241109 0.771789
0 0.290963 0.496980 0.275311 0.275235 0.231741 0.278311 0.247394 0.500055
0 0.698675 0.154511 0.690457 -0.001636 0.658309 0.000056 0.666527 0.156203
0 0.035938 0.584375 0.000000 0.584375 0.000000 0.789062 0.035938 0.789062
0 0.790734 0.472105 0.777868 0.259817 0.731259 0.262642 0.744125 0.474930
0 0.834176 0.470114 0.819607 0.255212 0.777111 0.258093 0.791681 0.472995
0 0.429990 0.490277 0.414591 0.269549 0.372933 0.272455 0.388333 0.493183
0 0.835108 0.988066 0.819925 0.798281 0.769808 0.802290 0.784991 0.992076
0 0.242754 0.770136 0.222250 0.562823 0.169827 0.568008 0.190331 0.775321
0 0.248438 0.281250 0.189063 0.281250 0.189063 0.501563 0.248438 0.501563
0 0.574552 0.156007 0.560028 -0.003753 0.516919 0.000166 0.531442 0.159926
0 0.998437 0.000000 0.953125 0.000000 0.953125 0.148438 0.998437 0.148438
0 0.450707 0.755319 0.432096 0.553696 0.381636 0.558354 0.400248 0.759977
0 0.998437 0.537500 0.954688 0.537500 0.954688 0.607813 0.998437 0.607813
0 0.241397 0.161838 0.221058 -0.005962 0.163896 0.000967 0.184235 0.168767
0 0.471965 0.488709 0.455585 0.267584 0.414664 0.270615 0.431043 0.491740
0 0.443294 0.159174 0.435644 -0.001474 0.402238 0.000117 0.409888 0.160764
0 0.666789 0.997325 0.655621 0.813059 0.627269 0.814777 0.638436 0.999044
0 0.640083 0.994546 0.632568 0.816079 0.584085 0.818121 0.591600 0.996587
0 0.400020 0.758462 0.380017 0.552724 0.333130 0.557283 0.353132 0.763020
0 0.184937 0.162180 0.163299 -0.005935 0.110278 0.000889 0.131917 0.169004
0 0.910075 0.718571 0.901124 0.527633 0.871721 0.529011 0.880671 0.719949
0 0.609858 0.740432 0.590569 0.535972 0.557666 0.539076 0.576955 0.743536
0 0.936268 0.716801 0.921599 0.526103 0.895910 0.528079 0.910579 0.718778
0 0.838849 0.149812 0.829030 -0.002377 0.786917 0.000340 0.796736 0.152529
0 0.304291 0.997735 0.285851 0.844073 0.252272 0.848102 0.270712 1.001765
0 0.960938 0.526563 0.920312 0.526563 0.920312 0.715625 0.960938 0.715625
0 0.535744 0.747491 0.520000 0.542813 0.477344 0.546094 0.493088 0.750772
0 0.875428 0.994911 0.859797 0.795616 0.817198 0.798958 0.832829 0.998252
0 0.042482 0.997746 0.024397 0.867532 -0.010477 0.872375 0.007608 1.002589
0 0.848386 0.725461 0.833180 0.532134 0.798790 0.534839 0.813995 0.728165
0 0.130607 0.163255 0.110289 -0.005381 0.063009 0.000315 0.083326 0.168952
0 0.755193 0.730296 0.732270 0.530544 0.702691 0.533938 0.725613 0.733690
0 0.484631 0.157505 0.470146 -0.001831 0.426895 0.002100 0.441381 0.161437
0 0.668852 0.477690 0.649565 0.265523 0.607723 0.269326 0.627011 0.481493
0 0.740628 0.976601 0.728007 0.808329 0.704041 0.810127 0.716661 0.978399
0 0.328525 0.161414 0.309947 -0.005793 0.255240 0.000286 0.273819 0.167492
0 0.196186 0.774711 0.167796 0.569675 0.114892 0.577000 0.143282 0.782036
0 0.324577 0.494508 0.304746 0.273889 0.271134 0.276910 0.290965 0.497529
0 0.094382 0.505976 0.072447 0.274436 0.044898 0.277046 0.066833 0.508586
0 0.402497 0.997784 0.387743 0.835489 0.344634 0.839408 0.359388 1.001703
0 0.352032 0.762321 0.328511 0.536516 0.278242 0.541752 0.301764 0.767557
0 0.691072 0.997409 0.681153 0.812254 0.654110 0.813703 0.664029 0.998858
0 0.944347 0.954017 0.934835 0.790417 0.903238 0.792254 0.912750 0.955854
0 0.593731 0.482466 0.581760 0.266986 0.546712 0.268933 0.558683 0.484413
0 0.531134 0.157377 0.515832 -0.003294 0.470263 0.001046 0.485565 0.161717
0 0.987345 0.462223 0.977726 0.250586 0.948595 0.251910 0.958215 0.463547
0 0.784798 0.729315 0.763388 0.534484 0.731187 0.538022 0.752597 0.732853
0 0.777658 0.151158 0.762915 -0.002587 0.730975 0.000476 0.745717 0.154221
0 0.958413 0.147859 0.949695 -0.002519 0.905934 0.000018 0.914652 0.150396
0 0.033033 0.509118 0.015294 0.278511 -0.013860 0.280754 0.003879 0.511360
0 0.613362 0.155657 0.600129 -0.003136 0.560043 0.000205 0.573276 0.158998
0 0.885776 0.720638 0.870394 0.528368 0.832822 0.531374 0.848204 0.723644
0 0.625661 0.481114 0.612363 0.263911 0.580658 0.265853 0.593956 0.483055
0 0.065776 0.508060 0.047198 0.285129 0.014224 0.287877 0.032802 0.510808
0 0.704777 0.477508 0.697199 0.265334 0.652558 0.266929 0.660135 0.479102
0 0.459673 0.998316 0.448778 0.831262 0.388606 0.835186 0.399501 1.002240
0 0.745861 0.152962 0.739010 -0.001178 0.710594 0.000085 0.717445 0.154225
0 0.205821 0.501185 0.185961 0.277055 0.153777 0.279907 0.173637 0.504037
0 0.496040 0.750847 0.474968 0.545396 0.431198 0.549885 0.452270 0.755336
