0 0.3040012766158441 0.13519934048910215 0.11289977229698622 0.1339854979644567 0.10771949484161603 0.9495433602163817 0.2988209991604739 0.9507572027410273
0 0.11758755296885133 0.9463553515396443 0.1146148137703843 0.3568717425157729 0.06775227172188616 0.35710806819736074 0.07072501092035319 0.946591677221232
0 0.265934870182209 0.36829077489746415 0.1800104573417563 0.36679095659711514 0.16982987268499322 0.9500354461471723 0.2557542855254459 0.9515352644475215
0 0.26639048125825243 0.40160308796995486 0.20661369137498697 0.40116560338110085 0.20260756868075336 0.9485520957077966 0.2623843585640188 0.9489895802966506
0 0.30512776619894977 0.3611611972795408 0.2660712151796559 0.360479462689325 0.2556179515423296 0.9593465737745195 0.2946745025616235 0.9600283083647353
0 0.3482263187512458 0.3540997957023665 0.3052641123419394 0.35334988771670606 0.2947654007292534 0.9548207667589583 0.3377276071385598 0.9555706747446188
0 0.3868298584037452 0.26882303171568467 0.34972613441136885 0.26817538374116545 0.3375912568560065 0.9633819854907454 0.3746949808483827 0.9640296334652645
0 0.49486279980591064 0.1795922803412156 0.45154087264153864 0.17835804030098906 0.42913656671841566 0.9647510252439275 0.4724584938827877 0.9659852652841542
0 0.5393923196012487 0.09196818612263917 0.49763624753997665 0.09019077019997648 0.4606135146116658 0.9599500000733509 0.5023695866729379 0.9617274159960134
0 0.46936283828183845 0.11196664344218914 0.39172108275036766 0.10857378843166762 0.3543808018071791 0.9630650518298811 0.4320225573386499 0.9664579068404027
0 0.5394575865954788 0.09197096431890281 0.49763624753889524 0.09019077020315186 0.4606135146931395 0.9599500000782193 0.5024348537497232 0.9617301941939702
0 0.584500457624298 0.24900988538407137 0.5256449011625667 0.2464592806643716 0.49426274652305435 0.9706068367364873 0.5531183029847858 0.973157441456187
0 0.670941663614539 0.2713524556757361 0.6281420043555346 0.26931294156321045 0.5943828113542833 0.977757148170455 0.6371824706132877 0.9797966622829806
0 0.6324440610664769 0.2264049191128906 0.5851548068430861 0.22407959270026961 0.5483842890856319 0.9718672377896376 0.5956735433090226 0.9741925642022584
0 0.7171060279771436 0.26946391887288695 0.6684709863674191 0.2672753605166814 0.6363388484009028 0.9813289120611657 0.6849738900106274 0.9835174704173711
0 0.7561157966361041 0.31450545127101753 0.7136473073726818 0.31252620848801216 0.6829188937911271 0.971863867048885 0.7253873830545494 0.9738431098318904
0 0.7707164400195705 0.3538377585949627 0.7524067474602928 0.3529205842520434 0.7217581966359173 0.9647623211191918 0.7400678891951951 0.9656794954621111
0 0.8014547971588893 0.317965261513047 0.7557147278878442 0.31587130092426496 0.7256799544618013 0.9719450706060627 0.7714200237328466 0.9740390311948449
0 0.8429724331041084 0.18315330880394204 0.7211437833561518 0.17733937904371586 0.6835988951595378 0.964077991749891 0.8054275449074944 0.969891921510117
0 0.884381859163278 0.1759994991332224 0.8383736291624171 0.17400565443469296 0.803714059868344 0.9737797978213842 0.849722289869205 0.9757736425199137
0 0.9642494000582131 0.24003421973140604 0.8800986084222122 0.2363095821848606 0.8465229124244351 0.9948857825894363 0.9306737040604359 0.9986104201359817