0 0.297341 0.997870 0.270792 0.903053 0.250392 0.908765 0.276940 1.003582
0 0.175000 0.654687 0.079688 0.654687 0.079688 0.868750 0.175000 0.868750
0 0.327708 0.997103 0.295930 0.895413 0.266214 0.904699 0.297993 1.006389
0 0.853325 0.399405 0.798185 0.194599 0.767254 0.202927 0.822394 0.407733
0 0.309021 0.190470 0.259096 0.033015 0.217023 0.046356 0.266948 0.203811
0 0.358989 0.998121 0.328862 0.886220 0.296026 0.895060 0.326153 1.006961
0 0.734737 0.428851 0.684373 0.219001 0.646788 0.228021 0.697152 0.437871
0 0.281014 0.997612 0.255189 0.907223 0.186468 0.926857 0.212294 1.017246
0 0.601803 0.128736 0.563356 -0.007307 0.534354 0.000889 0.572802 0.136932
0 0.852143 0.661510 0.801115 0.473729 0.767254 0.482930 0.818281 0.670712
0 0.812527 0.946036 0.762823 0.763126 0.733959 0.770969 0.783663 0.953879
0 0.653161 0.117004 0.619068 -0.005731 0.595617 0.000783 0.629710 0.123518
0 0.623546 0.725003 0.565395 0.530421 0.525282 0.542409 0.583433 0.736991
0 0.025000 0.176563 0.000000 0.176563 0.000000 0.256250 0.025000 0.256250
0 0.603870 0.987334 0.557033 0.821060 0.507793 0.834931 0.554631 1.001204
0 0.214339 0.210379 0.166186 0.051755 0.132208 0.062070 0.180361 0.220694
0 0.556728 0.473622 0.503490 0.263090 0.461846 0.273621 0.515084 0.484153
0 0.515378 0.483027 0.459878 0.267965 0.412244 0.280258 0.467744 0.495320
0 0.030418 0.249256 0.001146 0.159003 -0.020137 0.165906 0.009134 0.256159
0 0.886250 0.928530 0.840109 0.741659 0.784200 0.755464 0.830341 0.942335
0 0.978845 0.894155 0.936743 0.713718 0.918220 0.718040 0.960322 0.898477
0 0.725335 0.697674 0.663181 0.500854 0.616743 0.515519 0.678896 0.712339
0 0.944485 0.376379 0.893750 0.173437 0.857353 0.182537 0.908088 0.385478
0 0.678339 0.709223 0.618722 0.514114 0.592999 0.521974 0.652616 0.717083
0 0.767906 0.684702 0.706324 0.493112 0.663181 0.506980 0.724763 0.698569
0 0.839693 0.076029 0.818968 -0.009175 0.777343 0.000950 0.798068 0.086154
0 0.154868 0.997776 0.143510 0.940986 0.102644 0.949159 0.114002 1.005950
0 0.877632 0.393251 0.819848 0.188115 0.794035 0.195386 0.851820 0.400522
0 0.689168 0.971139 0.646931 0.796909 0.601674 0.807880 0.643911 0.982111
0 0.993975 0.868733 0.954741 0.707876 0.931972 0.713429 0.971206 0.874287
0 0.797904 0.085882 0.777096 -0.007757 0.741360 0.000184 0.762169 0.093824
0 0.153125 0.100000 -0.084375 0.100000 -0.084375 1.085938 0.153125 1.085938
0 0.728395 0.100697 0.701035 -0.006636 0.674626 0.000095 0.701986 0.107429
0 0.209382 0.997341 0.184097 0.925097 0.137883 0.941272 0.163168 1.013516
0 0.137656 0.861406 0.070469 0.659844 0.034375 0.671875 0.101563 0.873437
0 0.910020 0.385485 0.856629 0.181204 0.820430 0.190665 0.873821 0.394946
0 0.181840 0.564564 0.120696 0.350560 0.077565 0.362883 0.138709 0.576887
0 0.649354 0.978281 0.600447 0.808735 0.556451 0.821426 0.605359 0.990972
0 0.351194 0.180916 0.307469 0.024430 0.261751 0.037204 0.305475 0.193691
0 0.356805 0.521681 0.300232 0.302460 0.267011 0.311034 0.323584 0.530255
0 0.965993 0.903033 0.919853 0.718474 0.908824 0.721232 0.954963 0.905790
0 0.390476 0.512841 0.332922 0.299069 0.296612 0.308845 0.354166 0.522616
0 0.354780 0.800159 0.296783 0.598170 0.239515 0.614613 0.297511 0.816603
0 0.294647 0.536154 0.236722 0.320254 0.193244 0.331919 0.251168 0.547819
0 0.629687 0.123438 0.596967 -0.007445 0.564982 0.000551 0.597702 0.131434
0 0.100839 0.871078 0.045162 0.672230 0.009229 0.682291 0.064906 0.881139
0 0.781451 0.417106 0.726187 0.210787 0.679613 0.223262 0.734877 0.429581
0 0.822605 0.406795 0.767567 0.198229 0.725427 0.209349 0.780466 0.417915
0 0.429972 0.504081 0.372518 0.289588 0.331332 0.300620 0.388786 0.515113
0 0.918717 0.917678 0.872827 0.731825 0.823209 0.744076 0.869099 0.929929
0 0.299398 0.813618 0.239450 0.613790 0.187987 0.629229 0.247936 0.829057
0 0.253357 0.545248 0.194385 0.334635 0.150976 0.346789 0.209948 0.557402
0 0.507638 0.148746 0.464568 -0.006304 0.421374 0.005695 0.464443 0.160745
0 0.922682 0.058924 0.909908 -0.008137 0.865967 0.000232 0.878740 0.067293
0 0.501311 0.759940 0.442966 0.564483 0.393352 0.579293 0.451698 0.774750
0 0.998437 0.442188 0.954688 0.442188 0.954688 0.503125 0.998437 0.503125
0 0.181935 0.217581 0.130042 0.056136 0.074557 0.073970 0.126451 0.235415
0 0.470665 0.494655 0.412253 0.279785 0.372051 0.290714 0.430462 0.505584
0 0.380241 0.176397 0.340389 0.019480 0.307537 0.027823 0.347389 0.184740
0 0.759475 0.957740 0.712949 0.777110 0.684509 0.784435 0.731035 0.965065
0 0.732587 0.959250 0.690816 0.784899 0.642591 0.796453 0.684362 0.970804
0 0.451453 0.773378 0.392834 0.574074 0.346731 0.587634 0.405349 0.786938
0 0.126262 0.228873 0.073818 0.067924 0.022649 0.084597 0.075093 0.245545
0 0.945404 0.636305 0.898897 0.450276 0.869485 0.457629 0.915993 0.643658
0 0.654658 0.716461 0.596039 0.517158 0.563640 0.526687 0.622258 0.725990
0 0.967739 0.630331 0.921232 0.444301 0.894393 0.451011 0.940901 0.637040
0 0.764533 0.091693 0.740045 -0.008981 0.702009 0.000272 0.726497 0.100945
0 0.394095 0.997318 0.355584 0.877936 0.323582 0.888260 0.362092 1.007642
0 0.994942 0.622979 0.947393 0.438727 0.918898 0.446081 0.966447 0.630332
0 0.584564 0.735312 0.524863 0.538299 0.482581 0.551112 0.542282 0.748125
0 0.962013 0.914511 0.910655 0.720930 0.869365 0.731884 0.920723 0.925465
0 0.117188 0.998437 0.103803 0.951592 0.076356 0.959434 0.089741 1.006279
0 0.884769 0.655483 0.834155 0.467487 0.800198 0.476629 0.850812 0.664625
0 0.073754 0.240070 0.021123 0.080532 -0.023984 0.095412 0.028647 0.254950
0 0.794806 0.677487 0.734647 0.485730 0.705723 0.494804 0.765882 0.686562
0 0.419731 0.167153 0.376155 0.012461 0.333644 0.024436 0.377219 0.179128
0 0.660396 0.445550 0.603268 0.239891 0.563055 0.251061 0.620183 0.456720
0 0.827286 0.921426 0.783272 0.758575 0.759108 0.765106 0.803122 0.927957
0 0.267520 0.199999 0.217389 0.039051 0.163989 0.055684 0.214120 0.216632
0 0.255075 0.827838 0.187132 0.630480 0.136064 0.648061 0.204007 0.845419
0 0.326946 0.527123 0.265920 0.313532 0.231869 0.323261 0.292895 0.536851
0 0.103317 0.582947 0.037933 0.359553 0.010378 0.367618 0.075761 0.591012
0 0.497477 0.997319 0.453311 0.850100 0.410880 0.862830 0.455046 1.010049
0 0.404874 0.786038 0.339550 0.568291 0.290238 0.583085 0.355562 0.800831
0 0.783438 0.951250 0.736852 0.770732 0.709444 0.777805 0.756029 0.958323
0 1.018857 0.862477 0.984489 0.702096 0.953544 0.708727 0.987912 0.869108
0 0.588938 0.464397 0.535535 0.253927 0.500719 0.262761 0.554122 0.473231
0 0.465271 0.158137 0.420814 0.002535 0.376238 0.015271 0.420696 0.170873
0 0.971626 0.370442 0.922179 0.163383 0.892527 0.170465 0.941974 0.377523
0 0.823779 0.671131 0.765463 0.482929 0.734019 0.492672 0.792335 0.680874
0 0.705906 0.106133 0.675460 -0.008039 0.643659 0.000441 0.674105 0.114614
0 0.883311 0.067361 0.863177 -0.010659 0.820316 0.000402 0.840450 0.078422
0 0.044107 0.598150 0.001623 0.446421 -0.027181 0.454486 0.015303 0.606215
0 0.546344 0.140330 0.503184 -0.010731 0.463561 0.000590 0.506722 0.151651
0 0.921131 0.642208 0.868910 0.455705 0.831586 0.466156 0.883807 0.652659
0 0.620794 0.457595 0.564931 0.246286 0.532465 0.254869 0.588329 0.466178
0 0.075678 0.590654 0.014534 0.376651 -0.017659 0.385849 0.043485 0.599853
0 0.698713 0.438603 0.646875 0.231250 0.602390 0.242371 0.654228 0.449724
0 0.556019 0.997270 0.513310 0.834200 0.454752 0.849537 0.497461 1.012607
0 0.675733 0.112584 0.643317 -0.006274 0.619519 0.000216 0.651935 0.119075
0 0.212011 0.557879 0.149122 0.340389 0.117886 0.349421 0.180775 0.566911
0 0.544545 0.747395 0.484577 0.549240 0.441616 0.562241 0.501584 0.760397
