0 0.226066 0.801005 0.201167 0.789896 0.117000 0.978546 0.141899 0.989655
0 1.013945 0.124654 0.955027 0.095648 0.805056 0.400277 0.863973 0.429283
0 0.590969 0.802709 0.563668 0.788009 0.461267 0.978182 0.488568 0.992883
0 0.112412 0.729282 0.097319 0.499868 0.086449 0.500583 0.101542 0.729997
0 0.427673 0.802242 0.394793 0.784835 0.296052 0.971347 0.328932 0.988754
0 0.574688 0.197813 0.550302 0.192075 0.497208 0.417725 0.521593 0.423463
0 0.797187 0.508085 0.773007 0.497973 0.677895 0.725415 0.702075 0.735527
0 1.022890 0.178254 0.993165 0.162902 0.866823 0.407521 0.896548 0.422874
0 0.850857 0.160759 0.818999 0.147281 0.708132 0.409330 0.739990 0.422808
0 0.190625 0.145313 0.134375 0.145313 0.134375 0.426563 0.190625 0.426563
0 0.818767 0.511135 0.798161 0.501946 0.696520 0.729867 0.717127 0.739057
0 1.029973 0.273458 0.993218 0.251581 0.903288 0.402664 0.940042 0.424542
0 0.882705 0.159106 0.848384 0.144397 0.734510 0.410102 0.768831 0.424811
0 0.702507 0.801294 0.677353 0.788311 0.583352 0.970440 0.608506 0.983422
0 1.015625 0.506250 0.980000 0.488438 0.859375 0.729688 0.895000 0.747500
0 0.345437 0.492875 0.300594 0.486469 0.266063 0.728187 0.310906 0.734594
0 0.373380 0.155202 0.344398 0.151982 0.314425 0.421742 0.343407 0.424962
0 0.558944 0.801439 0.529518 0.785723 0.426287 0.979007 0.455712 0.994723
0 0.725024 0.156683 0.676899 0.143558 0.603630 0.412212 0.651755 0.425337
0 0.071605 0.732394 0.049628 0.500414 0.027687 0.502492 0.049664 0.734473
0 0.242415 0.108508 0.192463 0.107547 0.186367 0.424527 0.236319 0.425488
0 0.156600 0.734079 0.141730 0.481277 0.093917 0.484089 0.108788 0.736891
0 0.463974 0.521403 0.430955 0.511969 0.373113 0.714416 0.406132 0.723850
0 0.907826 0.801923 0.864834 0.775590 0.743496 0.973692 0.786489 1.000025
0 0.672922 0.485659 0.631858 0.473024 0.553142 0.728851 0.594206 0.741486
0 0.461892 0.159176 0.422137 0.152160 0.375058 0.418944 0.414812 0.425960
0 0.134438 0.426480 0.132747 0.135656 0.079788 0.135964 0.081478 0.426788
0 0.934891 0.529556 0.909297 0.517525 0.807579 0.733905 0.833174 0.745936
0 0.523162 0.501280 0.506043 0.496314 0.438887 0.727824 0.456006 0.732789
0 0.126835 0.800720 0.093658 0.787697 0.019401 0.976876 0.052578 0.989899
0 0.317188 0.159375 0.246875 0.159375 0.246875 0.423438 0.317188 0.423438
0 1.021976 0.581672 0.987453 0.560428 0.887292 0.723189 0.921815 0.744434
0 0.330336 0.800345 0.304322 0.786487 0.207267 0.968678 0.233281 0.982536
0 0.758630 0.138634 0.731673 0.130210 0.642705 0.414908 0.669662 0.423332
0 0.974542 0.501589 0.940221 0.486880 0.833782 0.735237 0.868103 0.749946
0 1.031397 0.515360 0.985097 0.489637 0.859729 0.715301 0.906029 0.741023
0 1.008513 0.675970 0.986827 0.666676 0.961853 0.724946 0.983540 0.734240
0 0.641230 0.803880 0.603094 0.782294 0.493079 0.976654 0.531214 0.998240
0 1.028438 0.894688 0.982187 0.871563 0.932188 0.971563 0.978438 0.994688
0 0.681693 0.804413 0.646072 0.785374 0.542298 0.979531 0.577919 0.998570
0 0.172054 0.802698 0.133147 0.786371 0.052153 0.979377 0.091060 0.995704
0 0.309021 0.800573 0.277789 0.785778 0.189151 0.972904 0.220383 0.987698
0 0.037400 0.732371 0.015332 0.503211 -0.003429 0.505018 0.018638 0.734177
0 0.426222 0.467576 0.363969 0.447787 0.275624 0.725705 0.337877 0.745494
0 0.846672 0.801709 0.828132 0.790865 0.720233 0.975337 0.738773 0.986181
0 0.430607 0.513511 0.399724 0.505790 0.347426 0.714982 0.378309 0.722702
0 0.885907 0.511275 0.844858 0.489589 0.720597 0.724796 0.761646 0.746483
0 0.020313 0.564063 0.000000 0.564063 0.000000 0.732812 0.020313 0.732812
0 0.685685 0.127120 0.647854 0.117032 0.568393 0.415009 0.606224 0.425097
0 0.107033 0.730620 0.086128 0.497184 0.049852 0.500433 0.070757 0.733869
0 0.221984 0.731138 0.218679 0.498150 0.189818 0.498560 0.193123 0.731547
0 0.195853 0.732429 0.188706 0.489441 0.143754 0.490763 0.150901 0.733751
0 0.854616 0.153290 0.827549 0.143161 0.726289 0.413769 0.753356 0.423897
0 0.999029 0.802640 0.974738 0.785381 0.845457 0.967331 0.869748 0.984591
0 0.352188 0.801875 0.327813 0.789688 0.235000 0.975313 0.259375 0.987500
0 0.483357 0.183210 0.458334 0.178489 0.412576 0.421005 0.437599 0.425726
0 0.524425 0.802285 0.492188 0.784375 0.390035 0.968249 0.422273 0.986159
0 1.014844 0.335156 0.981094 0.323906 0.952656 0.409219 0.986406 0.420469
0 0.054468 0.730930 0.029309 0.502822 0.010751 0.504869 0.035910 0.732976
0 0.088261 0.802420 0.030792 0.781217 -0.039509 0.971771 0.017960 0.992973
0 0.860680 0.155670 0.831572 0.144475 0.728117 0.413458 0.757225 0.424654
0 0.014063 0.171875 0.000000 0.171875 0.000000 0.425000 0.014063 0.425000
0 1.016515 0.240308 0.994953 0.227640 0.891335 0.404011 0.912897 0.416678
0 1.026333 0.830176 0.992486 0.806833 0.882746 0.965956 0.916593 0.989299
0 0.596062 0.505511 0.559889 0.493180 0.481084 0.724340 0.517257 0.736671
0 0.631010 0.485577 0.598569 0.475255 0.518129 0.728069 0.550569 0.738391
0 0.420312 0.160039 0.374723 0.152821 0.332445 0.419838 0.378034 0.427056
0 0.815817 0.809038 0.778125 0.787500 0.672163 0.972933 0.709856 0.994471
0 0.772228 0.803652 0.727092 0.784937 0.649130 0.972962 0.694266 0.991678
0 0.500066 0.519208 0.466628 0.509803 0.409652 0.712383 0.443091 0.721787
0 0.936855 0.154356 0.915551 0.143783 0.784468 0.407905 0.805772 0.418478
0 0.550824 0.499861 0.523989 0.491662 0.452388 0.725990 0.479223 0.734190
0 0.346877 0.158768 0.310467 0.154577 0.279644 0.422353 0.316054 0.426544
0 0.484789 0.801946 0.441903 0.778359 0.333433 0.975576 0.376320 0.999163
0 0.088086 0.426179 0.076881 0.134844 0.004752 0.137618 0.015957 0.428954
0 0.730113 0.802779 0.706356 0.789867 0.606085 0.974367 0.629842 0.987278
0 0.766957 0.803423 0.737323 0.786572 0.630914 0.973706 0.660548 0.990556
0 0.553531 0.160537 0.490858 0.147570 0.434683 0.419083 0.497356 0.432050
0 0.771846 0.505624 0.746548 0.495462 0.656019 0.720821 0.681317 0.730983
0 0.615235 0.191516 0.567798 0.181139 0.516127 0.417346 0.563564 0.427723
0 0.200173 0.801155 0.172647 0.789509 0.096781 0.968830 0.124306 0.980476
0 0.907702 0.156049 0.877350 0.142341 0.756498 0.409941 0.786850 0.423648
0 0.744328 0.503146 0.714533 0.491973 0.627718 0.723480 0.657513 0.734653
0 0.825623 0.132472 0.784432 0.115783 0.665291 0.409833 0.706482 0.426522
0 0.335314 0.474485 0.231339 0.447674 0.162282 0.715480 0.266257 0.742291
0 0.625921 0.190546 0.577601 0.185762 0.554671 0.417356 0.602990 0.422140
0 0.274209 0.802599 0.231934 0.782469 0.141708 0.971944 0.183982 0.992075
0 1.022284 0.622332 0.994519 0.606466 0.927308 0.724087 0.955072 0.739952
0 0.921250 0.509063 0.883125 0.490000 0.768750 0.718750 0.806875 0.737813
0 0.825977 0.801431 0.805129 0.789685 0.700721 0.975010 0.721568 0.986755
0 0.387931 0.803467 0.358229 0.787556 0.260553 0.969884 0.290255 0.985795
0 0.714769 0.483624 0.677897 0.471706 0.596239 0.724334 0.633111 0.736252
0 0.971946 0.800260 0.926509 0.771724 0.802761 0.968759 0.848198 0.997296
