0 0.904372108920176 0.152290886219799 0.09232780859749731 0.0721530492051727 0.07359610665275478 0.26196316096043765 0.8856404069754336 0.34210099797506394
0 0.6872941895544542 0.08480188521725462 0.10024920481876727 0.0292182054499052 0.0958323650786014 0.07586649553610325 0.6828773498142884 0.13145017530345265
0 0.6659273256767917 0.1956875294673858 0.08694206792559014 0.12459708277314356 0.07646892165031052 0.20989401896682103 0.6554541794015121 0.2809844656610633
0 0.6289587321912767 0.21854558600753954 0.08494261644328874 0.15757453549646294 0.0782882210554427 0.21694858762780472 0.6223043368034307 0.2779196381388813
0 0.6632084453048057 0.28193656928292615 0.0687146562583616 0.20894190331673562 0.06395413378927425 0.24771324370206327 0.6584479228357184 0.3207079096682538
0 0.6662021911174587 0.32166000757730795 0.06912364586810839 0.24834798115507778 0.06388707249611432 0.29099644912995326 0.6609656177454647 0.36430847555218343
0 0.7462625530713606 0.37478162255733555 0.056132806380759036 0.2900443429305303 0.051610311084588814 0.3268771105966767 0.7417400577751904 0.41161439022348195
0 0.8248612470018001 0.485265260890624 0.04489580297581791 0.38285615188387834 0.039265302315784366 0.4257390164062363 0.8192307463417665 0.5281481254129818
0 0.9076226841462354 0.5404000713941987 0.04589044513951943 0.4177312329847106 0.04008998285652919 0.45847870736536445 0.9018222218632452 0.5811475457748525
0 0.8998330433870507 0.4330493655672196 0.052760758052496526 0.3186251727012966 0.04246768291078908 0.3948239071212362 0.8895399682453432 0.5092480999871591
0 0.9076148279826508 0.5403965537246775 0.04585864086796537 0.41793824333577084 0.040064857009365684 0.45870990735021877 0.9018210441240513 0.5811682177391255
0 0.7491627487464031 0.5505997914531358 0.03153278669202253 0.4506192065590039 0.02331935494824754 0.5095726995482956 0.7409493170026281 0.6095532844424276
0 0.7159993013327763 0.6518522473923961 0.015003724996255796 0.5439160637051771 0.008491963586542816 0.5862069413926397 0.7094875399230633 0.6941431250798588
0 0.7653812352401471 0.6134856331690621 0.02526958798605271 0.5011003071381648 0.01816828934265243 0.547865788204308 0.7582799365967469 0.6602511142352053
0 0.7137533638220598 0.6936067761825591 0.007264900502253491 0.584206038039151 -0.00031208210819061444 0.6331367024194636 0.7061763812116156 0.7425374405628716
0 0.6641063648736505 0.7320588164876266 0.011573570682459799 0.6327631117241816 0.005179907114371729 0.6747797846824147 0.6577127013055625 0.7740754894458597
0 0.6198788580771956 0.7662637484754 0.01438869927919475 0.6733054209465021 0.011681609131268056 0.6909382300462472 0.6171717679292689 0.7838965575751452
0 0.6555203059281703 0.7730001421742436 0.004352328232992131 0.6907612875500285 -0.0012898396934555411 0.7354360230539412 0.6498781380017228 0.8176748776781564
0 0.7945648564865155 0.7506574151702821 0.013968663700911899 0.654812238906061 -0.0010269803227710094 0.7769419390068342 0.7795692124628326 0.8727871152710553
0 0.7885158973777882 0.8742116757793067 0.001321575391198504 0.7524894924655487 -0.005651536800306878 0.79758558074043 0.7815427851862828 0.919307764054188
0 0.722519409734623 0.9056731702884127 0.00026522966038817765 0.7971108614161958 -0.012255536058863804 0.8804102631367707 0.709998644015371 0.9889725720089876