0 0.871719 0.310796 0.867089 0.213546 0.848307 0.214441 0.852938 0.311690
0 0.469968 0.483987 0.445695 0.482559 0.439752 0.583588 0.464025 0.585016
0 0.559375 0.634375 0.528125 0.634375 0.528125 0.870313 0.559375 0.870313
0 0.529688 0.720313 0.506250 0.720313 0.506250 0.807813 0.529688 0.807813
0 0.238742 0.587439 0.225519 0.488264 0.195326 0.492290 0.208549 0.591464
0 0.312500 0.362500 0.289063 0.362500 0.289063 0.460938 0.312500 0.460938
0 0.277126 0.611482 0.254444 0.610537 0.250550 0.703994 0.273232 0.704939
0 0.742188 0.234375 0.726562 0.234375 0.726562 0.314063 0.742188 0.314063
0 0.475000 0.720313 0.451563 0.720313 0.451563 0.812500 0.475000 0.812500
0 0.605734 0.484533 0.592689 0.480619 0.563317 0.578526 0.576362 0.582440
0 0.871422 0.357987 0.849978 0.356588 0.843951 0.448994 0.865396 0.450393
0 0.157813 0.370312 0.115625 0.370312 0.115625 0.462500 0.157813 0.462500
0 0.604063 0.378438 0.582031 0.371094 0.554844 0.452656 0.576875 0.460000
0 0.536588 0.316819 0.526415 0.212552 0.503954 0.214744 0.514126 0.319011
0 0.804022 0.604478 0.785008 0.594020 0.734204 0.686390 0.753218 0.696848
0 0.567425 0.317011 0.561822 0.210562 0.544518 0.211473 0.550121 0.317921
0 0.119605 0.463871 0.115933 0.357371 0.091716 0.358206 0.095389 0.464706
0 0.190679 0.462021 0.188764 0.368182 0.149941 0.368974 0.151856 0.462813
0 0.971217 0.309111 0.963118 0.185590 0.933940 0.187503 0.942039 0.311024
0 0.764124 0.312284 0.759707 0.215113 0.738940 0.216057 0.743357 0.313228
0 0.353394 0.321671 0.347662 0.226140 0.325772 0.227454 0.331504 0.322985
0 0.776563 0.604688 0.717187 0.604688 0.717187 0.693750 0.776563 0.693750
0 0.998857 0.485869 0.996781 0.377947 0.982334 0.378224 0.984409 0.486147
0 0.551204 0.369056 0.528714 0.362700 0.503148 0.453165 0.525638 0.459521
0 0.381250 0.723437 0.362500 0.723437 0.362500 0.814063 0.381250 0.814063
0 0.219182 0.321545 0.213039 0.226326 0.200139 0.227158 0.206282 0.322377
0 0.707812 0.220313 0.660937 0.220313 0.660937 0.314063 0.707812 0.314063
0 0.869823 0.487319 0.851864 0.476267 0.792690 0.572425 0.810649 0.583476
0 0.417838 0.584215 0.415509 0.484087 0.396043 0.484540 0.398372 0.584667
0 0.365625 0.250000 0.348438 0.250000 0.348438 0.321875 0.365625 0.321875
0 0.389063 0.835938 0.376563 0.835938 0.376563 0.918750 0.389063 0.918750
0 0.167692 0.460288 0.156322 0.369327 0.138053 0.371611 0.149423 0.462572
0 0.404687 0.357813 0.379688 0.357813 0.379688 0.459375 0.404687 0.459375
0 0.210938 0.487500 0.182813 0.487500 0.182813 0.589063 0.210938 0.589063
0 0.405031 0.320572 0.392947 0.201463 0.371430 0.203646 0.383513 0.322755
0 0.417656 0.614219 0.380156 0.601719 0.347031 0.701094 0.384531 0.713594
0 0.268750 0.359375 0.240625 0.359375 0.240625 0.460938 0.268750 0.460938
0 0.275417 0.587356 0.264576 0.485451 0.241762 0.487878 0.252603 0.589783
0 0.598776 0.619474 0.574083 0.599925 0.504379 0.687972 0.529072 0.707521
0 0.715388 0.633850 0.670212 0.602575 0.612613 0.685775 0.657788 0.717050
0 0.516268 0.480239 0.497886 0.475643 0.471783 0.580055 0.490165 0.584651
0 0.693750 0.314063 0.690847 0.238573 0.675245 0.239173 0.678148 0.314663
0 0.878341 0.602586 0.857597 0.594289 0.820959 0.685884 0.841703 0.694181
0 0.703365 0.837139 0.644231 0.797716 0.570913 0.907692 0.630048 0.947115
0 0.376329 0.321629 0.371727 0.208871 0.355969 0.209514 0.360571 0.322273
0 0.137500 0.590625 0.126923 0.506010 0.108654 0.508293 0.119231 0.592909
0 0.628459 0.358771 0.607886 0.352225 0.576571 0.450642 0.597145 0.457188
0 0.484375 0.220313 0.462500 0.220313 0.462500 0.320313 0.484375 0.320313
0 0.814178 0.312096 0.810116 0.216624 0.791333 0.217423 0.795396 0.312895
0 0.663746 0.497372 0.637439 0.489551 0.611473 0.576891 0.637780 0.584712
0 0.584251 0.373247 0.570312 0.370313 0.552590 0.454493 0.566529 0.457427
0 0.244186 0.321732 0.236548 0.214800 0.209898 0.216704 0.217536 0.323636
0 0.842534 0.492893 0.816713 0.477900 0.761667 0.572702 0.787488 0.587695
0 0.443750 0.487500 0.431250 0.487500 0.431250 0.582812 0.443750 0.582812
0 0.515122 0.365352 0.494888 0.361782 0.478356 0.455464 0.498590 0.459034
0 0.178125 0.726562 0.153125 0.726562 0.153125 0.820312 0.178125 0.820312
0 0.335162 0.459094 0.330262 0.363552 0.308445 0.364671 0.313344 0.460213
0 0.746094 0.838281 0.732812 0.825000 0.653125 0.904688 0.666406 0.917969
0 0.524378 0.500572 0.510250 0.497343 0.491466 0.579523 0.505594 0.582752
0 0.378125 0.359375 0.315625 0.359375 0.315625 0.459375 0.378125 0.459375
0 0.433067 0.585671 0.430721 0.487178 0.414808 0.487557 0.417153 0.586050
0 0.178125 0.231250 0.164063 0.231250 0.164063 0.323437 0.178125 0.323437
0 0.892813 0.598125 0.875469 0.592344 0.843437 0.688438 0.860781 0.694219
0 0.425000 0.721875 0.404687 0.721875 0.404688 0.814063 0.425000 0.814063
0 0.144694 0.324151 0.137928 0.229434 0.105727 0.231734 0.112492 0.326451
0 0.841250 0.605000 0.823750 0.596250 0.777813 0.688125 0.795312 0.696875
0 0.826930 0.310923 0.823235 0.216705 0.808429 0.217286 0.812124 0.311504
0 0.257813 0.604688 0.234375 0.604688 0.234375 0.706250 0.257813 0.706250
0 0.581250 0.718750 0.559375 0.718750 0.559375 0.807813 0.581250 0.807813
0 0.859175 0.353673 0.842476 0.350542 0.824151 0.448278 0.840849 0.451409
0 0.146346 0.321731 0.142606 0.254404 0.132654 0.254957 0.136394 0.322284
0 0.155964 0.463053 0.145789 0.371475 0.127268 0.373533 0.137443 0.465111
0 0.328125 0.484375 0.293750 0.484375 0.293750 0.585938 0.328125 0.585938
0 0.397900 0.582640 0.389129 0.490544 0.350049 0.494266 0.358820 0.586362
0 0.575000 0.829688 0.514063 0.829688 0.514063 0.915625 0.575000 0.915625
0 0.660938 0.717188 0.636547 0.716718 0.634798 0.807700 0.659188 0.808169
0 0.234375 0.840625 0.210938 0.840625 0.210938 0.925000 0.234375 0.925000
0 0.379688 0.364063 0.359375 0.364063 0.359375 0.460938 0.379688 0.460938
0 0.279688 0.839063 0.260938 0.839063 0.260938 0.920312 0.279688 0.920312
0 0.383332 0.321846 0.380361 0.268365 0.370582 0.268909 0.373553 0.322389
0 0.361671 0.815474 0.359111 0.723315 0.340462 0.723833 0.343022 0.815992
0 0.550926 0.317022 0.544981 0.227835 0.528388 0.228941 0.534334 0.318128
0 0.166800 0.707691 0.162403 0.608754 0.140329 0.609735 0.144726 0.708672
0 0.395313 0.492188 0.354688 0.492188 0.354688 0.584375 0.395313 0.584375
0 0.295510 0.321815 0.293605 0.217048 0.273413 0.217415 0.275318 0.322182
0 0.180941 0.461613 0.174885 0.367749 0.148382 0.369459 0.154438 0.463323
0 0.460470 0.611269 0.436373 0.600451 0.394122 0.694555 0.418219 0.705374
0 0.148438 0.323438 0.143400 0.227732 0.127819 0.228552 0.132856 0.324258
0 0.779687 0.225000 0.762500 0.225000 0.762500 0.312500 0.779687 0.312500
0 0.988969 0.308719 0.972844 0.195844 0.954687 0.198438 0.970812 0.311312
0 0.454688 0.725000 0.442188 0.725000 0.442188 0.809375 0.454688 0.809375
0 0.217188 0.218750 0.192188 0.218750 0.192188 0.321875 0.217188 0.321875
0 0.382387 0.606320 0.360933 0.598103 0.321460 0.701171 0.342914 0.709387
0 0.764039 0.832345 0.749924 0.819574 0.678074 0.898987 0.692189 0.911758
0 0.161600 0.818694 0.159330 0.727892 0.146213 0.728220 0.148483 0.819022
0 0.469103 0.350608 0.449258 0.349368 0.442552 0.456663 0.462397 0.457904
0 0.810452 0.485827 0.796176 0.477975 0.743393 0.573944 0.757669 0.581796
0 0.807427 0.358331 0.788804 0.351723 0.754191 0.449269 0.772814 0.455877
0 0.144636 0.709351 0.142097 0.615416 0.127370 0.615814 0.129909 0.709749
0 0.293750 0.360938 0.273438 0.360938 0.273438 0.460938 0.293750 0.460938
0 0.575000 0.225000 0.560937 0.225000 0.560937 0.315625 0.575000 0.315625
0 0.341811 0.363296 0.265815 0.360482 0.262153 0.459362 0.338149 0.462177
0 0.328625 0.604313 0.306531 0.601156 0.291406 0.707031 0.313500 0.710188
0 0.629721 0.315555 0.627769 0.227751 0.607675 0.228197 0.609626 0.316001
0 0.634900 0.844761 0.602735 0.822972 0.547033 0.905198 0.579198 0.926987
0 0.137978 0.462463 0.130846 0.369743 0.112206 0.371176 0.119338 0.463897
0 0.706926 0.838429 0.684903 0.822698 0.625992 0.905173 0.648015 0.920904
0 0.736227 0.354581 0.716014 0.345252 0.667492 0.450381 0.687706 0.459710
0 0.447767 0.361413 0.425291 0.360822 0.422745 0.457548 0.445222 0.458139
0 0.837650 0.802887 0.835342 0.710562 0.799388 0.711461 0.801696 0.803786
0 0.160421 0.323229 0.152402 0.222995 0.139174 0.224054 0.147193 0.324287
0 0.679749 0.313924 0.676403 0.236963 0.661350 0.237618 0.664696 0.314578
0 0.425000 0.357813 0.404687 0.357813 0.404687 0.459375 0.425000 0.459375
0 0.512500 0.317188 0.506243 0.224895 0.492139 0.225851 0.498396 0.318144
0 0.442188 0.720313 0.425000 0.720313 0.425000 0.810937 0.442188 0.810937
0 0.395313 0.492188 0.337500 0.492188 0.337500 0.584375 0.395313 0.584375
0 0.222704 0.460745 0.217470 0.353454 0.188538 0.354866 0.193771 0.462156
0 0.971875 0.382813 0.951562 0.382813 0.951562 0.485938 0.971875 0.485938
0 0.170626 0.588862 0.159525 0.485252 0.138339 0.487522 0.149440 0.591131
0 0.217576 0.928045 0.215580 0.840200 0.193681 0.840698 0.195677 0.928543
0 0.797479 0.312338 0.793653 0.224325 0.775820 0.225100 0.779646 0.313113
0 0.103125 0.325000 0.098328 0.248249 0.087141 0.248948 0.091938 0.325699
0 0.844285 0.310780 0.837287 0.217477 0.819846 0.218785 0.826844 0.312088
0 0.876372 0.710069 0.832419 0.707871 0.827778 0.800686 0.871731 0.802883
0 0.645496 0.608548 0.621599 0.594210 0.565625 0.687500 0.589522 0.701838
0 0.549375 0.835625 0.531250 0.826562 0.491250 0.906563 0.509375 0.915625
0 0.370742 0.582645 0.354210 0.488963 0.323280 0.494421 0.339812 0.588103
0 0.705299 0.366505 0.677425 0.355223 0.637976 0.452685 0.665850 0.463967
0 0.200187 0.927800 0.194358 0.840376 0.182017 0.841199 0.187846 0.928623
0 0.621616 0.607141 0.601409 0.595353 0.546154 0.690074 0.566362 0.701862
0 0.642555 0.362592 0.579320 0.346783 0.552849 0.452665 0.616085 0.468474
0 0.575625 0.615938 0.551250 0.603750 0.506250 0.693750 0.530625 0.705938
0 0.470881 0.318424 0.462130 0.219242 0.446170 0.220650 0.454921 0.319832
0 0.909375 0.340625 0.882812 0.340625 0.882812 0.448438 0.909375 0.448438
0 0.131710 0.324925 0.128857 0.247890 0.106492 0.248718 0.109345 0.325753
0 0.823438 0.596875 0.757812 0.596875 0.757812 0.695313 0.823438 0.695313
0 0.595313 0.607813 0.576562 0.598438 0.527813 0.695938 0.546563 0.705313
0 0.701552 0.848308 0.660997 0.813992 0.587980 0.900286 0.628534 0.934601
0 0.466173 0.658924 0.429204 0.642494 0.405235 0.696424 0.442204 0.712854
0 0.220313 0.606250 0.201563 0.606250 0.201563 0.706250 0.220313 0.706250
0 0.574135 0.367402 0.546057 0.362448 0.529792 0.454614 0.557870 0.459569
0 0.133273 0.324783 0.128547 0.246802 0.097883 0.248661 0.102609 0.326641
0 0.723750 0.602500 0.704375 0.592813 0.655938 0.689688 0.675313 0.699375
0 0.525921 0.367310 0.511081 0.365332 0.498963 0.456216 0.513803 0.458195
0 1.003098 0.307355 0.996444 0.194235 0.972904 0.195620 0.979558 0.308739
0 0.420630 0.320067 0.414935 0.240339 0.397280 0.241601 0.402974 0.321328
0 0.507813 0.720313 0.490625 0.720313 0.490625 0.810937 0.507813 0.810937
0 0.479844 0.618281 0.429688 0.601562 0.398281 0.695781 0.448437 0.712500
0 0.168807 0.322932 0.163785 0.229200 0.151377 0.229865 0.156398 0.323597
0 0.562500 0.721875 0.545313 0.721875 0.545313 0.806250 0.562500 0.806250
0 0.562033 0.501131 0.539583 0.492899 0.509248 0.575631 0.531698 0.583862
0 0.590625 0.218750 0.570312 0.218750 0.570312 0.317188 0.590625 0.317188
0 0.592116 0.834568 0.576146 0.825385 0.528409 0.908406 0.544379 0.917588
0 0.854688 0.310937 0.852280 0.217049 0.839028 0.217389 0.841435 0.311277
0 0.693102 0.613455 0.616137 0.603193 0.604005 0.694180 0.680970 0.704442
0 0.609375 0.315625 0.606249 0.214014 0.586652 0.214617 0.589778 0.316228
0 0.260156 0.926035 0.253604 0.838675 0.237367 0.839893 0.243919 0.927253
0 0.770357 0.372172 0.735818 0.355918 0.691625 0.449827 0.726164 0.466081
0 0.799682 0.357416 0.778868 0.347842 0.732312 0.449051 0.753126 0.458625
0 0.165713 0.461949 0.157528 0.367824 0.125097 0.370644 0.133282 0.464769
0 0.664062 0.314063 0.662316 0.223231 0.643603 0.223591 0.645349 0.314422
0 0.844210 0.362727 0.823788 0.357281 0.799332 0.448989 0.819755 0.454435
0 0.295860 0.812349 0.289697 0.726071 0.257051 0.728403 0.263214 0.814681
0 0.365380 0.457771 0.362343 0.360601 0.306050 0.362360 0.309087 0.459530
0 0.500303 0.317905 0.490025 0.219236 0.474342 0.220869 0.484620 0.319538
0 0.309632 0.919689 0.306678 0.836982 0.286614 0.837699 0.289568 0.920406
0 0.957812 0.379688 0.935937 0.379688 0.935937 0.485938 0.957812 0.485938
0 0.439380 0.320067 0.433859 0.242782 0.415094 0.244123 0.420614 0.321407
0 0.808264 0.357718 0.791093 0.351422 0.755287 0.449074 0.772458 0.455370
0 0.678125 0.714063 0.659375 0.714063 0.659375 0.807813 0.678125 0.807813
0 0.334375 0.845313 0.329688 0.845313 0.329688 0.864062 0.334375 0.864062
0 0.203873 0.707292 0.200913 0.604061 0.164095 0.605117 0.167055 0.708348
0 0.810441 0.710845 0.756686 0.708619 0.752728 0.804215 0.806482 0.806441
0 0.761932 0.712429 0.741561 0.711565 0.738097 0.793216 0.758468 0.794080
0 0.744512 0.712861 0.726980 0.710898 0.716599 0.803649 0.734132 0.805611
0 0.710161 0.719534 0.702942 0.718960 0.696423 0.800854 0.703642 0.801429
0 0.726662 0.715337 0.710392 0.713735 0.701698 0.802031 0.717968 0.803633
0 0.743971 0.712853 0.726724 0.711046 0.716995 0.803912 0.734242 0.805719
0 0.672398 0.359116 0.655446 0.353146 0.620394 0.452668 0.637346 0.458638
0 0.699982 0.492154 0.681982 0.483705 0.639699 0.573790 0.657699 0.582238
0 0.717481 0.494066 0.698083 0.485412 0.658026 0.575203 0.677424 0.583856
0 0.743352 0.483964 0.726987 0.476239 0.679680 0.576454 0.696046 0.584180
0 0.775308 0.479000 0.755594 0.468152 0.696413 0.575701 0.716127 0.586549
0 0.789481 0.488473 0.773570 0.479987 0.722212 0.576284 0.738123 0.584770
0 0.224227 0.816083 0.223348 0.727044 0.206102 0.727214 0.206982 0.816253
0 0.207366 0.818173 0.206653 0.726911 0.196403 0.726992 0.197117 0.818253
0 0.239087 0.724950 0.226852 0.724950 0.226852 0.817708 0.239087 0.817708
0 0.190476 0.725942 0.177249 0.725942 0.177249 0.820685 0.190476 0.820685
0 0.199467 0.818187 0.198928 0.726424 0.188778 0.726483 0.189317 0.818246
0 0.433657 0.916287 0.431514 0.833770 0.419617 0.834079 0.421760 0.916596
0 0.403477 0.922534 0.402565 0.833988 0.388195 0.834136 0.389107 0.922681
0 0.421677 0.916220 0.420419 0.834121 0.402566 0.834395 0.403824 0.916494
0 0.617823 0.716489 0.597004 0.715944 0.594626 0.806904 0.615445 0.807448
0 0.332114 0.322889 0.325526 0.225446 0.300392 0.227145 0.306979 0.324589
0 0.361480 0.918935 0.360083 0.835648 0.345520 0.835892 0.346917 0.919180
0 0.377404 0.919094 0.375937 0.834627 0.360132 0.834902 0.361600 0.919368
0 0.331656 0.918425 0.326101 0.837185 0.312387 0.838123 0.317941 0.919363
0 0.346794 0.921968 0.343862 0.836478 0.329226 0.836980 0.332159 0.922470
0 0.792174 0.836640 0.771309 0.814853 0.680391 0.901925 0.701256 0.923712
0 0.552005 0.604021 0.522119 0.589171 0.469132 0.695807 0.499018 0.710658
0 0.527625 0.609493 0.511254 0.601789 0.467307 0.695176 0.483678 0.702880
