0 0.8604111323431395 0.40189200601042563 0.8507207707784458 0.34370436438128626 0.06176995930349993 0.47509340861644755 0.07146032086819361 0.5332810502455869
0 0.8649147881189835 0.3693722882992989 0.8515502292024877 0.29008635480670514 0.14520934009278416 0.4091482616519889 0.15857389900927982 0.4884341951445827
0 0.863651989189149 0.2867806035544755 0.852045277743245 0.2181840923829088 0.134258279668175 0.33963555433032505 0.14586499111407908 0.4082320655018917
0 0.824209013082762 0.22306547222378903 0.8134495162009518 0.159071656889807 0.12847735469114688 0.27423834600543423 0.13923685157295712 0.33823216133941625
0 0.8498396589457711 0.1563234067581502 0.8398824627789109 0.09458121492277705 0.11132024756871575 0.21207683146896553 0.12127744373557606 0.27381902330433866
0 0.8408337243664906 0.09643915140182677 0.8371215824119196 0.07412775303126262 0.09704103456207341 0.19726140901312833 0.10075317651664455 0.2195728073836925
0 0.85937285550031 0.43339030384067023 0.8543217204707348 0.40233075684246655 0.11856850028824788 0.5219844293123661 0.12361963531782308 0.5530439763105697
0 0.8939327416898291 0.45635498686556747 0.8884004274112943 0.421246257093315 0.14741974812888656 0.5380074734262499 0.15295206240742143 0.5731162031985022
0 0.9154945356206001 0.47887983108378107 0.9104239776761102 0.4460335699755812 0.1766524985737581 0.5593076741588956 0.18172305651824808 0.5921539352670955
0 0.886976254513866 0.5005698550037943 0.8819629807418476 0.4698491639409751 0.16711905584006753 0.5865037109519344 0.17213232961208597 0.6172244020147537
0 0.8650961037171546 0.5333873088052252 0.860299023998331 0.5005922140660617 0.14650813212246486 0.6050014813096102 0.15130521184128856 0.6377965760487736
0 0.8474944195994892 0.558522445721027 0.8436470913385092 0.5314548657065219 0.13718861632409404 0.631869370980921 0.141035944585074 0.6589369509954263
0 0.881550849862065 0.5578125747997905 0.877609423772873 0.5297678744596235 0.826032959848308 0.5370164746598332 0.8299743859375001 0.5650611750000001
0 0.8263425048968172 0.574726843272438 0.8218844961337567 0.5477570561108424 0.18950822842671985 0.6522865774636808 0.19396623718978043 0.6792563646252763
0 0.8521125521463588 0.5713720457584106 0.846680511759533 0.5446247304308505 0.1881827702660662 0.6783572670469804 0.19361481065289202 0.7051045823745404
0 0.8908817571353043 0.5986767182536699 0.8843301949679392 0.5639317068992818 0.19453993432113967 0.6939994086759782 0.2010914964885048 0.7287444200303662
0 0.9015665973037178 0.6586889706206353 0.8902396950648839 0.583692704991521 0.14330157396569293 0.6965049231090105 0.15462847620452683 0.7715011887381247
0 0.9138683150637954 0.7084597581757235 0.9041906309304742 0.6459607909653087 0.15529536052396672 0.7619238572273802 0.1649730446572879 0.824422824437795
0 0.9091711111305398 0.7650461293842287 0.8994686518352178 0.705199227077192 0.17920903844735325 0.8219686723044092 0.18891149774267527 0.8818155746114458
0 0.9011058471818929 0.804428334307563 0.8948935438406563 0.7654786818764356 0.2209478536494399 0.8729701433314541 0.2271601569906765 0.9119197957625815
0 0.8317328048737886 0.8739451002046537 0.8262991416034954 0.8417891118841101 0.28160808195945336 0.9338300647213194 0.2870417452297467 0.9659860530418628
0 0.9477047152287887 0.8414046997069867 0.941452798952939 0.7969199995788626 0.21680350749855837 0.8987628059027939 0.22305542377440823 0.943247506030918
0 0.9287024556103585 0.9246711030688679 0.9165795126213647 0.8499540135523418 0.2638873603456434 0.95585414701046 0.2760103033346374 1.0305712365269861