0 0.5850422511600272 0.15034325537614418 0.26288609144114405 0.09931873915406308 0.2514954937176609 0.17123615241337764 0.573651653436544 0.22226066863545874
0 0.5775098110115736 0.2228717401327432 0.2553536524592914 0.17184721756619417 0.2453031238610613 0.2353037581032019 0.5674592824133434 0.28632828066975097
0 0.5681293175206721 0.28209784225267037 0.24790223802756245 0.23137885497054925 0.23785170903104294 0.2948353969952121 0.5580787885241525 0.34555438427733326
0 0.5600078679549154 0.3458599182605625 0.2417098666695773 0.29544646760798704 0.23165933805912112 0.358903008018515 0.5499573393444591 0.40931645867109046
0 0.9217089867391332 0.17134890285785143 0.5789215784737538 0.15103209125096895 0.5744045047777112 0.2272446395174313 0.9171919130430906 0.24756145112431377
0 0.9104627236331098 0.24673675676914514 0.5742495417881149 0.2150716262511167 0.5678518749697877 0.2830006030841434 0.9040650568147826 0.3146657336021718
0 0.8989408849255435 0.30809971342088227 0.5654636979085914 0.2822022859932477 0.560402854217384 0.34736999127178136 0.8938800412343362 0.37326741869941593
0 0.8906850033787908 0.370318369447655 0.5581353259306421 0.34312085553970884 0.5524330572211988 0.41284368485661915 0.8849827346693477 0.44004119876456527
0 0.44118766019382827 0.39603567072442614 0.40619983672624055 0.3909237136792493 0.3331229464377928 0.8910846724621122 0.3681107699053805 0.8961966295072891
0 0.4755395946095229 0.4015091906076189 0.44019377760361333 0.39631323056051493 0.36788280549305796 0.8882127764709337 0.4032286224989675 0.8934087365180376
0 0.5086024739990432 0.40245711377492255 0.4745300303682015 0.3974788995687298 0.39896963559376586 0.9146377009062647 0.4330420792246076 0.9196159151124572
0 0.5428254001543055 0.40364765136829533 0.5088744440854176 0.39864755659932366 0.4451954521550164 0.8310318927835706 0.4791464082239042 0.8360319875525422
0 0.5738659399510085 0.4128179001819947 0.5415997469004529 0.4080278487463619 0.47866483052173264 0.8319627873965771 0.5109310235722884 0.83675283883221
0 0.6058433252248359 0.4136041214256784 0.5740460600211797 0.40885336529153726 0.49616529551464783 0.9301167712325699 0.5279625607183039 0.9348675273667111
0 0.6404887194781739 0.419105621607898 0.6058719739591568 0.41386057447232183 0.5171203138303144 0.9996119611913512 0.5517370593493315 1.0048570083269275
0 0.6766810439872548 0.42056866727872155 0.6413281159049412 0.4151312120767175 0.551484597694475 0.9992705419577306 0.5868375257767886 1.0047079971597346
0 0.7133400286963278 0.4265206139364481 0.6766875314064837 0.4207154286497123 0.5869028100937901 0.9875938471736039 0.6235553073836342 0.9933990324603397
0 0.7506625597812536 0.42809536335225973 0.7159391418352203 0.4225957143848394 0.6770770995555095 0.6679609993891601 0.7118005175015427 0.6734606483565806
0 0.7841269348439741 0.4290590411115437 0.753261673858654 0.4241704640883528 0.7278003354326407 0.5849270302274105 0.7586655964179607 0.5898156072506013
0 0.8169212732865763 0.4342531538913053 0.7860560120103379 0.42936457700976033 0.7592546041759995 0.5985820150131984 0.7901198654522379 0.6034705918947434
0 0.848456570003124 0.43491129469089407 0.8175913098014176 0.4300227177357957 0.7867696893361569 0.6246227709284489 0.8176349495378632 0.6295113478835472
0 0.8672611968362212 0.5159477198245934 0.8363959361313876 0.5110591425743458 0.8116046316579661 0.6675852720829499 0.8424698923627997 0.6724738493331974
0 1.023510326611298 0.12872203713388258 0.9251273074691012 0.11313969683579757 0.7856615730887464 0.9936916391463633 0.8840445922309431 1.0092739794444483