0 0.338566 0.920110 0.332022 0.835037 0.313860 0.836434 0.320404 0.921507
0 0.368772 0.921627 0.362094 0.837039 0.344767 0.838407 0.351445 0.922994
0 0.888479 0.207930 0.865685 0.207278 0.863005 0.301086 0.885799 0.301737
0 0.518998 0.701239 0.516736 0.590379 0.487125 0.590983 0.489387 0.701843
0 0.506821 0.924381 0.497136 0.842065 0.474925 0.844678 0.484610 0.926994
0 0.562500 0.720313 0.470313 0.720313 0.470313 0.818750 0.562500 0.818750
0 0.265704 0.573140 0.259588 0.475280 0.237409 0.476666 0.243525 0.574526
0 0.270787 0.449775 0.265570 0.366312 0.243391 0.367698 0.248608 0.451161
0 0.249849 0.814137 0.236539 0.717643 0.213539 0.720816 0.226849 0.817310
0 0.739062 0.221875 0.717187 0.221875 0.717187 0.309375 0.739062 0.309375
0 0.522395 0.819993 0.513771 0.721681 0.493505 0.723459 0.502129 0.821770
0 0.126615 0.915373 0.123358 0.833941 0.096838 0.835001 0.100095 0.916434
0 0.795312 0.346875 0.778125 0.346875 0.778125 0.440625 0.795312 0.440625
0 0.664088 0.443669 0.662414 0.346580 0.643320 0.346909 0.644993 0.443998
0 0.140667 0.288809 0.091258 0.280574 0.083488 0.327196 0.132897 0.335431
0 0.562603 0.316693 0.559163 0.228961 0.534201 0.229939 0.537642 0.317672
0 0.834375 0.587500 0.807813 0.587500 0.807813 0.704688 0.834375 0.704688
0 0.601827 0.313863 0.596767 0.227856 0.578265 0.228944 0.583324 0.314952
0 0.017188 0.373437 0.000000 0.373437 0.000000 0.456250 0.017188 0.456250
0 0.714565 0.441040 0.710052 0.353050 0.672251 0.354989 0.676763 0.442978
0 0.900000 0.070313 0.871875 0.070313 0.871875 0.153125 0.900000 0.153125
0 0.789062 0.075000 0.775000 0.075000 0.775000 0.157813 0.789062 0.157813
0 0.242188 0.109375 0.220312 0.109375 0.220312 0.185938 0.242188 0.185938
0 0.695312 0.596875 0.673438 0.596875 0.673438 0.700000 0.695312 0.700000
0 0.912500 0.218750 0.889062 0.218750 0.889062 0.301563 0.912500 0.301563
0 0.535937 0.087500 0.518750 0.087500 0.518750 0.171875 0.535937 0.171875
0 0.589063 0.348438 0.567187 0.348438 0.567187 0.443750 0.589063 0.443750
0 0.416386 0.699722 0.408566 0.590236 0.391799 0.591434 0.399619 0.700920
0 0.846875 0.845313 0.821875 0.845313 0.821875 0.939063 0.846875 0.939063
0 0.203478 0.186539 0.198458 0.111249 0.172532 0.112977 0.177551 0.188267
0 0.814063 0.218750 0.793750 0.218750 0.793750 0.304688 0.814063 0.304688
0 0.668180 0.819154 0.660717 0.722132 0.641480 0.723612 0.648943 0.820634
0 0.898463 0.465678 0.869128 0.465181 0.867352 0.569971 0.896687 0.570468
0 0.464698 0.571762 0.459614 0.472624 0.440433 0.473608 0.445517 0.572746
0 0.292187 0.234375 0.237500 0.234375 0.237500 0.323437 0.292187 0.323437
0 0.347385 0.806718 0.328685 0.717892 0.292382 0.725535 0.311083 0.814361
0 0.526023 0.926126 0.517162 0.841943 0.495364 0.844238 0.504225 0.928420
0 0.762500 0.221875 0.737500 0.221875 0.737500 0.307813 0.762500 0.307813
0 0.051563 0.595313 0.000000 0.595313 0.000000 0.698438 0.051563 0.698438
0 0.453673 0.446712 0.449897 0.361741 0.430837 0.362588 0.434614 0.447559
0 0.067188 0.595313 0.032813 0.595313 0.032813 0.814063 0.067188 0.814063
0 0.292404 0.182425 0.286413 0.106541 0.265613 0.108183 0.271604 0.184067
0 0.441594 0.817442 0.427130 0.720328 0.404917 0.723636 0.419380 0.820751
0 0.132332 0.449159 0.114363 0.359315 0.092127 0.363762 0.110096 0.453606
0 0.301123 0.574545 0.290152 0.472149 0.265436 0.474797 0.276407 0.577193
0 0.590625 0.590625 0.548438 0.590625 0.548438 0.700000 0.590625 0.700000
0 0.787500 0.600000 0.742188 0.600000 0.742188 0.700000 0.787500 0.700000
0 0.539511 0.701465 0.534040 0.588398 0.513700 0.589382 0.519171 0.702449
0 0.839063 0.721875 0.814063 0.721875 0.814063 0.826562 0.839063 0.826562
0 0.796875 0.845313 0.778125 0.845313 0.778125 0.937500 0.796875 0.937500
0 0.367188 0.101563 0.251563 0.101563 0.251563 0.182813 0.367188 0.182813
0 0.061166 0.570808 0.050667 0.476315 -0.003354 0.482317 0.007146 0.576810
0 0.643750 0.339063 0.621875 0.339063 0.621875 0.443750 0.643750 0.443750
0 0.520399 0.084495 0.492608 0.083970 0.490926 0.173119 0.518717 0.173643
0 0.823649 0.157553 0.821794 0.077764 0.803308 0.078193 0.805164 0.157983
0 0.667188 0.465625 0.650000 0.465625 0.650000 0.571875 0.667188 0.571875
0 0.549215 0.445222 0.545883 0.358572 0.523260 0.359442 0.526593 0.446093
0 0.223585 0.185690 0.219780 0.111486 0.197483 0.112629 0.201288 0.186833
0 0.781250 0.468750 0.760938 0.468750 0.760938 0.570313 0.781250 0.570313
0 0.424212 0.571745 0.418567 0.470149 0.399096 0.471231 0.404740 0.572827
0 0.493010 0.446455 0.489948 0.360738 0.470888 0.361419 0.473949 0.447136
0 0.028249 0.813203 0.022957 0.716191 -0.001601 0.717530 0.003691 0.814543
0 0.300000 0.362500 0.256250 0.362500 0.256250 0.450000 0.300000 0.450000
0 0.762500 0.845313 0.737500 0.845313 0.737500 0.934375 0.762500 0.934375
0 0.490625 0.598437 0.465625 0.598437 0.465625 0.698438 0.490625 0.698438
0 0.328894 0.321659 0.324341 0.239707 0.301841 0.240957 0.306394 0.322909
0 0.480995 0.571724 0.475462 0.466588 0.458158 0.467498 0.463691 0.572635
0 0.159762 0.326120 0.154508 0.247304 0.133974 0.248673 0.139228 0.327489
0 0.354057 0.921658 0.346511 0.834882 0.328711 0.836430 0.336257 0.923206
0 0.883078 0.827806 0.880458 0.722989 0.857542 0.723561 0.860163 0.828379
0 0.398978 0.816194 0.384607 0.717992 0.365616 0.720771 0.379987 0.818973
0 0.698438 0.223438 0.682813 0.223438 0.682813 0.309375 0.698438 0.309375
0 0.871951 0.589168 0.851801 0.588832 0.849898 0.702967 0.870049 0.703303
0 0.843750 0.075000 0.821875 0.075000 0.821875 0.157813 0.843750 0.157813
0 0.807904 0.595460 0.791189 0.594945 0.787913 0.701431 0.804628 0.701945
0 0.623634 0.821650 0.616785 0.720631 0.594272 0.722157 0.601121 0.823176
0 0.854688 0.589063 0.829688 0.589063 0.829688 0.703125 0.854688 0.703125
0 0.253888 0.183355 0.248116 0.108318 0.231746 0.109577 0.237518 0.184614
0 0.055934 0.433679 0.052964 0.368331 0.029149 0.369414 0.032120 0.434762
0 0.351959 0.571703 0.343454 0.474752 0.321039 0.476718 0.329543 0.573669
0 0.429688 0.700000 0.425762 0.590096 0.407538 0.590746 0.411463 0.700651
0 0.601960 0.819992 0.592994 0.721376 0.570594 0.723412 0.579559 0.822029
0 0.981250 0.850000 0.925000 0.850000 0.925000 0.940625 0.981250 0.940625
0 0.651485 0.819539 0.641646 0.721148 0.614882 0.723824 0.624722 0.822215
0 0.131581 0.915239 0.125110 0.831121 0.098465 0.833171 0.104936 0.917289
0 0.493174 0.317103 0.490084 0.224393 0.468597 0.225109 0.471688 0.317819
0 0.294774 0.809159 0.287274 0.719159 0.268524 0.720722 0.276024 0.810722
0 0.390739 0.319989 0.387413 0.238492 0.368567 0.239261 0.371893 0.320758
0 0.514574 0.316971 0.510737 0.224878 0.488510 0.225804 0.492347 0.317897
0 0.381678 0.815023 0.365189 0.717738 0.346885 0.720840 0.363374 0.818125
0 0.583527 0.314996 0.579500 0.230440 0.559753 0.231381 0.563780 0.315936
0 0.098438 0.810937 0.095063 0.718134 0.073188 0.718930 0.076563 0.811733
0 0.440918 0.571783 0.438128 0.468564 0.421207 0.469021 0.423996 0.572240
0 0.201794 0.324683 0.196716 0.245978 0.169611 0.247727 0.174689 0.326431
0 0.084375 0.478125 0.064063 0.478125 0.064063 0.553125 0.084375 0.553125
0 0.390625 0.782813 0.389063 0.782813 0.389063 0.790625 0.390625 0.790625
0 0.045470 0.193637 0.042932 0.120017 0.028025 0.120531 0.030563 0.194151
0 0.777794 0.217562 0.761117 0.216728 0.756651 0.306036 0.773328 0.306870
0 0.580330 0.169932 0.574691 0.090982 0.550817 0.092687 0.556456 0.171637
0 0.181405 0.449985 0.172169 0.357627 0.151593 0.359684 0.160829 0.452042
0 0.320522 0.699649 0.308990 0.590090 0.286622 0.592444 0.298155 0.702003
0 0.779688 0.845313 0.762500 0.845313 0.762500 0.935937 0.779688 0.935937
0 0.504515 0.926341 0.498178 0.841855 0.479727 0.843239 0.486064 0.927725
0 0.044350 0.810914 0.040789 0.718323 0.022367 0.719032 0.025928 0.811623
0 0.523438 0.359375 0.495312 0.359375 0.495312 0.446875 0.523438 0.446875
0 0.814063 0.334375 0.790625 0.334375 0.790625 0.439063 0.814063 0.439063
0 0.781723 0.440427 0.777920 0.341534 0.754217 0.342446 0.758020 0.441338
0 0.078928 0.810915 0.076285 0.718401 0.058041 0.718922 0.060684 0.811436
0 0.689342 0.163850 0.684229 0.082040 0.665260 0.083226 0.670373 0.165035
0 0.187290 0.427801 0.182431 0.384070 0.176601 0.384718 0.181460 0.428449
0 0.619713 0.313601 0.615280 0.229377 0.595761 0.230404 0.600194 0.314628
0 0.404687 0.359375 0.384375 0.359375 0.384375 0.448437 0.404687 0.448437
0 0.345495 0.699793 0.338582 0.589190 0.312318 0.590832 0.319230 0.701435
0 0.685937 0.226563 0.664062 0.226563 0.664062 0.310938 0.685937 0.310938
0 0.028825 0.127199 0.015293 0.114897 -0.010655 0.143439 0.002878 0.155741
0 0.793750 0.218750 0.775000 0.218750 0.775000 0.306250 0.793750 0.306250
0 0.739063 0.845313 0.720313 0.845313 0.720313 0.934375 0.739063 0.934375
0 0.685937 0.467187 0.667188 0.467187 0.667188 0.571875 0.685937 0.571875
0 0.404687 0.354688 0.348438 0.354688 0.348438 0.446875 0.404687 0.446875
0 0.489760 0.924327 0.479399 0.841442 0.455937 0.844375 0.466298 0.927260
0 0.859375 0.723438 0.837500 0.723438 0.837500 0.826562 0.859375 0.826562
0 0.064062 0.192188 0.058854 0.120999 0.037474 0.122563 0.042683 0.193752
0 0.723569 0.162431 0.721835 0.080918 0.701398 0.081353 0.703133 0.162866
0 0.345313 0.356250 0.318750 0.356250 0.318750 0.446875 0.345313 0.446875
0 0.460534 0.316854 0.452802 0.235671 0.428469 0.237988 0.436201 0.319171
0 0.538455 0.314966 0.532544 0.222358 0.508308 0.223905 0.514219 0.316513
0 0.489036 0.818051 0.474045 0.718112 0.454791 0.721000 0.469781 0.820939
0 0.503939 0.816565 0.493068 0.720537 0.477641 0.722284 0.488512 0.818311
0 0.250040 0.449436 0.246728 0.366631 0.229443 0.367322 0.232755 0.450127
0 0.887500 0.339063 0.865625 0.339063 0.865625 0.435938 0.887500 0.435938
0 0.053812 0.574875 0.048510 0.479423 0.020904 0.480957 0.026207 0.576409
0 0.075183 0.913136 0.068244 0.829860 0.047554 0.831584 0.054494 0.914860
0 0.136034 0.189990 0.134247 0.114921 0.097846 0.115788 0.099633 0.190857
0 0.998437 0.850000 0.982812 0.850000 0.982812 0.942187 0.998437 0.942187
0 0.651563 0.470313 0.634375 0.470313 0.634375 0.571875 0.651563 0.571875
0 0.600259 0.929644 0.598175 0.842082 0.571850 0.842709 0.573935 0.930271
0 0.865383 0.437318 0.862384 0.338356 0.832392 0.339265 0.835391 0.438227
0 0.616156 0.571830 0.613889 0.465296 0.593453 0.465731 0.595720 0.572265
0 0.450000 0.098438 0.431250 0.098438 0.431250 0.176563 0.450000 0.176563
0 0.718922 0.309123 0.717000 0.224578 0.696556 0.225043 0.698478 0.309587
0 0.103816 0.916621 0.098147 0.831582 0.077717 0.832944 0.083386 0.917983
0 0.807051 0.157694 0.804627 0.077701 0.786651 0.078245 0.789075 0.158238
0 0.709375 0.468750 0.685937 0.468750 0.685937 0.570312 0.709375 0.570312
0 0.678125 0.353125 0.664062 0.353125 0.664062 0.443750 0.678125 0.443750
0 0.620768 0.929473 0.615476 0.841259 0.595080 0.842483 0.600373 0.930696
0 0.550073 0.571799 0.547689 0.471707 0.530660 0.472112 0.533044 0.572204
0 0.476793 0.318216 0.471577 0.224322 0.452712 0.225370 0.457928 0.319264
0 0.914062 0.337500 0.889062 0.337500 0.889062 0.435938 0.914062 0.435938
0 0.342187 0.807812 0.335073 0.718882 0.294334 0.722141 0.301448 0.811072
0 0.688217 0.821557 0.682403 0.722726 0.661153 0.723976 0.666967 0.822807
0 0.706608 0.821801 0.702800 0.722789 0.683537 0.723530 0.687345 0.822542
0 0.873437 0.846875 0.846875 0.846875 0.846875 0.939063 0.873437 0.939063
0 0.720313 0.845313 0.701563 0.845313 0.701563 0.932813 0.720313 0.932813
0 0.277426 0.813126 0.264593 0.715596 0.234845 0.719511 0.247678 0.817041
0 0.637050 0.165529 0.634258 0.087337 0.616033 0.087988 0.618826 0.166180
0 0.539062 0.359375 0.520312 0.359375 0.520312 0.446875 0.539062 0.446875
0 0.867240 0.211272 0.851079 0.210584 0.847232 0.300979 0.863393 0.301667
0 0.775354 0.723775 0.751144 0.723309 0.749190 0.824924 0.773400 0.825390
0 0.567187 0.340625 0.546875 0.340625 0.546875 0.445312 0.567187 0.445312
0 0.923438 0.071875 0.900000 0.071875 0.900000 0.151563 0.923438 0.151563
0 0.415657 0.176494 0.414023 0.101326 0.389578 0.101857 0.391213 0.177025
0 0.544691 0.818262 0.532965 0.720544 0.510230 0.723272 0.521956 0.820990
0 0.773438 0.076563 0.743750 0.076563 0.743750 0.160938 0.773438 0.160938
0 0.518798 0.701238 0.516888 0.590469 0.478107 0.591137 0.480017 0.701907
0 0.077586 0.191972 0.071530 0.119300 0.054720 0.120700 0.060776 0.193373
0 0.686612 0.821815 0.683950 0.723322 0.663230 0.723882 0.665892 0.822375
0 0.634375 0.470313 0.615625 0.470313 0.615625 0.571875 0.634375 0.571875
0 0.640654 0.312408 0.638997 0.227912 0.617100 0.228341 0.618757 0.312837
0 0.639668 0.929627 0.637236 0.842065 0.617156 0.842622 0.619588 0.930185
0 0.850056 0.214150 0.835044 0.213872 0.833393 0.303020 0.848405 0.303298
0 0.731250 0.589063 0.706250 0.589063 0.706250 0.701562 0.731250 0.701563
0 0.664230 0.309791 0.659223 0.227187 0.638089 0.228468 0.643095 0.311072
0 0.253824 0.920068 0.249903 0.833811 0.233177 0.834572 0.237097 0.920828
0 0.621924 0.445158 0.620234 0.342061 0.607609 0.342268 0.609299 0.445365
0 0.835938 0.217188 0.810937 0.217188 0.810937 0.304688 0.835938 0.304688
0 0.735995 0.442098 0.734332 0.353981 0.693368 0.354754 0.695031 0.442871
0 0.577047 0.927694 0.569795 0.840668 0.546002 0.842651 0.553254 0.929677
0 0.035758 0.574760 0.027936 0.478938 0.013650 0.480104 0.021472 0.575926
0 0.701562 0.084375 0.684375 0.084375 0.684375 0.162500 0.701562 0.162500
0 0.145967 0.724916 0.103233 0.709960 0.072223 0.798559 0.114957 0.813516
0 0.434375 0.362500 0.410938 0.362500 0.410938 0.448437 0.434375 0.448437
0 0.434375 0.098438 0.414062 0.098438 0.414062 0.178125 0.434375 0.178125
0 0.602591 0.168519 0.598255 0.090462 0.575409 0.091731 0.579745 0.169788
0 0.388374 0.922546 0.380910 0.836714 0.360210 0.838514 0.367674 0.924346
0 0.350076 0.319840 0.341262 0.238318 0.319682 0.240651 0.328495 0.322173
0 0.843750 0.467188 0.817187 0.467188 0.817187 0.570313 0.843750 0.570313
0 0.795313 0.721875 0.775000 0.721875 0.775000 0.825000 0.795313 0.825000
0 0.418750 0.720313 0.385938 0.720313 0.385938 0.818750 0.418750 0.818750
0 0.492188 0.096875 0.470313 0.096875 0.470313 0.175000 0.492188 0.175000
0 0.447921 0.924562 0.441860 0.837913 0.422427 0.839272 0.428488 0.925921
0 0.434083 0.923435 0.428918 0.836198 0.402731 0.837748 0.407896 0.924985
0 0.408601 0.922706 0.401113 0.836328 0.379386 0.838211 0.386874 0.924590
0 0.704152 0.932891 0.700981 0.843296 0.679861 0.844044 0.683032 0.933639
0 0.681605 0.932480 0.679854 0.843419 0.658744 0.843834 0.660496 0.932895
0 0.661175 0.932095 0.657807 0.840880 0.636685 0.841660 0.640053 0.932875
0 0.639808 0.930480 0.636775 0.840918 0.617024 0.841586 0.620057 0.931148
0 0.930240 0.936204 0.905395 0.842187 0.874827 0.850265 0.899672 0.944282
0 0.982232 0.848163 0.923819 0.847888 0.923380 0.941251 0.981792 0.941526
0 0.814153 0.722222 0.793320 0.722222 0.793320 0.824653 0.814153 0.824653
0 0.754005 0.721965 0.726864 0.720785 0.722344 0.824741 0.749485 0.825921
0 0.729493 0.822529 0.727123 0.721433 0.704313 0.721968 0.706682 0.823064
0 0.365691 0.816063 0.347511 0.717473 0.332129 0.720309 0.350309 0.818899
0 0.199735 0.718006 0.173611 0.718006 0.173611 0.809028 0.199735 0.809028
0 0.229862 0.812001 0.211781 0.715380 0.189607 0.719530 0.207688 0.816151
0 0.369293 0.699886 0.360222 0.590224 0.336630 0.592175 0.345700 0.701837
0 0.377563 0.699393 0.370267 0.590245 0.360985 0.590866 0.368280 0.700014
0 0.400604 0.700154 0.391914 0.588762 0.369355 0.590522 0.378045 0.701914
0 0.450646 0.700760 0.442045 0.588747 0.421869 0.590296 0.430470 0.702310
0 0.467856 0.697700 0.462114 0.594348 0.445013 0.595298 0.450754 0.698650
0 0.480672 0.698737 0.474062 0.596986 0.456592 0.598120 0.463201 0.699872
0 0.616402 0.588294 0.594907 0.588294 0.594907 0.702877 0.616402 0.702877
0 0.639220 0.589286 0.616071 0.589286 0.616071 0.702877 0.639220 0.702877
0 0.662698 0.589534 0.639881 0.589534 0.639881 0.700893 0.662698 0.700893
0 0.679108 0.590859 0.659585 0.589989 0.654575 0.702456 0.674098 0.703326
0 0.748758 0.595717 0.733993 0.594741 0.726992 0.700640 0.741756 0.701616
0 0.791925 0.591122 0.765814 0.590167 0.761741 0.701486 0.787852 0.702441
0 0.738845 0.570100 0.737319 0.465568 0.714944 0.465895 0.716470 0.570427
0 0.719658 0.570383 0.717691 0.458256 0.706808 0.458447 0.708775 0.570574
0 0.868949 0.465618 0.845325 0.465171 0.843353 0.569594 0.866977 0.570041
0 0.816799 0.466518 0.796296 0.466518 0.796296 0.570437 0.816799 0.570437
0 0.795635 0.469246 0.781415 0.469246 0.781415 0.570933 0.795635 0.570933
0 0.595011 0.571064 0.591538 0.475464 0.576809 0.475999 0.580282 0.571599
0 0.584375 0.525000 0.576562 0.525000 0.576562 0.528125 0.584375 0.528125
0 0.580133 0.570658 0.576303 0.475291 0.560282 0.475934 0.564112 0.571302
0 0.564912 0.570794 0.561538 0.471838 0.546996 0.472334 0.550370 0.571290
0 0.533306 0.571277 0.528899 0.467918 0.511239 0.468671 0.515646 0.572030
0 0.514935 0.570807 0.512802 0.468689 0.496327 0.469033 0.498460 0.571151
0 0.500343 0.572742 0.495366 0.467350 0.474939 0.468315 0.479917 0.573707
0 0.389286 0.572048 0.379902 0.471273 0.361193 0.473015 0.370576 0.573790
0 0.396025 0.571918 0.389912 0.472038 0.375929 0.472894 0.382042 0.572774
0 0.404500 0.572778 0.400691 0.471209 0.390500 0.471591 0.394310 0.573160
0 0.370828 0.573646 0.363817 0.467436 0.339599 0.469035 0.346610 0.575245
0 0.348724 0.573354 0.341344 0.473464 0.330636 0.474255 0.338016 0.574145
0 0.339897 0.574019 0.331253 0.471420 0.314702 0.472814 0.323346 0.575413
0 0.327454 0.573883 0.317388 0.470346 0.306827 0.471373 0.316893 0.574910
0 0.318118 0.573172 0.305442 0.470354 0.288055 0.472498 0.300731 0.575315
0 0.285606 0.572596 0.275433 0.473989 0.257333 0.475856 0.267507 0.574463
0 0.248518 0.573143 0.235380 0.476518 0.222440 0.478277 0.235577 0.574902
0 0.321137 0.447911 0.315164 0.361298 0.293385 0.362800 0.299359 0.449413
0 0.609834 0.444611 0.607376 0.355330 0.587226 0.355884 0.589684 0.445166
0 0.757349 0.441091 0.755203 0.351762 0.735406 0.352237 0.737552 0.441567
0 0.834439 0.439022 0.830407 0.337428 0.808384 0.338302 0.812416 0.439896
0 0.436221 0.319239 0.430649 0.237503 0.410005 0.238910 0.415578 0.320646
0 0.413956 0.319312 0.410195 0.236950 0.387233 0.237998 0.390994 0.320360
0 0.375110 0.320261 0.371529 0.237269 0.353992 0.238026 0.357574 0.321017
0 0.240649 0.324467 0.234860 0.244953 0.219764 0.246052 0.225554 0.325566
0 0.225755 0.324522 0.221058 0.244849 0.196613 0.246291 0.201310 0.325964
0 0.819444 0.845486 0.795635 0.845486 0.795635 0.938244 0.819444 0.938244
0 0.929739 0.936630 0.906065 0.841936 0.875642 0.849542 0.899315 0.944235
0 0.344278 0.180161 0.342484 0.104811 0.322689 0.105282 0.324483 0.180632
0 0.325627 0.181344 0.321213 0.094973 0.288874 0.096626 0.293288 0.182997
0 0.556933 0.170742 0.553288 0.092373 0.532738 0.093329 0.536383 0.171698
0 0.474868 0.086806 0.449405 0.086806 0.449405 0.175347 0.474868 0.175347
