0 0.896204 0.253809 0.876811 0.252517 0.870285 0.350415 0.889678 0.351708
0 0.471587 0.480433 0.447740 0.477452 0.435072 0.578798 0.458918 0.581779
0 0.524696 0.723795 0.507979 0.721462 0.495456 0.811212 0.512173 0.813544
0 0.508014 0.722307 0.484182 0.719799 0.474876 0.808211 0.498707 0.810719
0 0.231250 0.460938 0.201563 0.460938 0.201563 0.560937 0.231250 0.560937
0 0.328291 0.343481 0.305610 0.341419 0.296593 0.440599 0.319275 0.442661
0 0.267517 0.587687 0.244647 0.584568 0.231982 0.677444 0.254852 0.680562
0 0.766359 0.261058 0.750777 0.260238 0.746556 0.340444 0.762137 0.341264
0 0.453597 0.717551 0.429003 0.714869 0.418936 0.807151 0.443529 0.809834
0 0.606950 0.495905 0.593481 0.490517 0.555334 0.585884 0.568804 0.591272
0 0.885838 0.397960 0.864178 0.394138 0.847882 0.486483 0.869542 0.490305
0 0.174714 0.335385 0.131669 0.330602 0.121303 0.423895 0.164348 0.428678
0 0.617134 0.390743 0.596179 0.381218 0.560542 0.459621 0.581496 0.469146
0 0.560238 0.217973 0.536866 0.216743 0.531392 0.320731 0.554765 0.321961
0 0.793325 0.635841 0.775401 0.623105 0.713760 0.709859 0.731684 0.722595
0 0.591074 0.218885 0.573076 0.218412 0.570281 0.324629 0.588279 0.325103
0 0.129939 0.317352 0.105268 0.316849 0.103067 0.424712 0.127738 0.425215
0 0.204656 0.336382 0.165458 0.333582 0.158852 0.426079 0.198049 0.428878
0 0.994319 0.236061 0.965028 0.235084 0.960913 0.358541 0.990204 0.359517
0 0.788086 0.243932 0.765753 0.243162 0.762357 0.341644 0.784690 0.342414
0 0.376952 0.211357 0.354991 0.210544 0.351415 0.307113 0.373375 0.307926
0 0.769067 0.640182 0.753104 0.628780 0.695144 0.709924 0.711106 0.721326
0 0.998460 0.429711 0.985940 0.429527 0.984331 0.538947 0.996851 0.539131
0 0.565194 0.376078 0.543642 0.367457 0.508728 0.454741 0.530280 0.463362
0 0.356633 0.709497 0.336400 0.708232 0.330715 0.799185 0.350948 0.800450
0 0.244730 0.198571 0.231526 0.197876 0.226502 0.293336 0.239706 0.294031
0 0.731250 0.242188 0.684375 0.242188 0.684375 0.335938 0.731250 0.335938
0 0.869456 0.527203 0.852569 0.514268 0.784106 0.603650 0.800993 0.616585
0 0.418139 0.475738 0.398929 0.474365 0.391823 0.573858 0.411033 0.575230
0 0.392789 0.239260 0.375599 0.237197 0.367074 0.308236 0.384264 0.310299
0 0.356485 0.823006 0.342523 0.821363 0.332786 0.904133 0.346747 0.905775
0 0.173438 0.334375 0.154688 0.334375 0.154688 0.428125 0.173438 0.428125
0 0.420586 0.348372 0.394793 0.346161 0.385996 0.448800 0.411788 0.451010
0 0.204688 0.457813 0.185938 0.457813 0.185938 0.557813 0.204688 0.557813
0 0.425000 0.192188 0.403125 0.192188 0.403125 0.312500 0.425000 0.312500
0 0.411306 0.610274 0.376282 0.590817 0.324985 0.683152 0.360009 0.702609
0 0.286015 0.336726 0.256621 0.333787 0.246473 0.435272 0.275866 0.438212
0 0.268750 0.462500 0.245313 0.462500 0.245313 0.564063 0.268750 0.564063
0 0.586719 0.630469 0.564062 0.607813 0.484375 0.687500 0.507031 0.710156
0 0.700538 0.655917 0.657659 0.620184 0.593110 0.697643 0.635989 0.733376
0 0.519811 0.481225 0.501577 0.474527 0.463636 0.577809 0.481871 0.584507
0 0.719352 0.260566 0.702869 0.259068 0.696017 0.334439 0.712500 0.335938
0 0.865625 0.640625 0.845000 0.630313 0.800313 0.719688 0.820938 0.730000
0 0.666334 0.856454 0.609760 0.812452 0.530168 0.914784 0.586743 0.958786
0 0.403370 0.197243 0.386883 0.196309 0.380501 0.309067 0.396987 0.310000
0 0.132658 0.551661 0.123823 0.467723 0.105604 0.469640 0.114439 0.553579
0 0.643260 0.373854 0.623276 0.365361 0.582666 0.460914 0.602650 0.469408
0 0.507189 0.220569 0.491584 0.220012 0.488073 0.318324 0.503678 0.318881
0 0.839379 0.250884 0.820557 0.249586 0.814044 0.344018 0.832866 0.345316
0 0.664272 0.515413 0.639041 0.504738 0.603480 0.588792 0.628711 0.599467
0 0.597835 0.383938 0.584375 0.379688 0.558446 0.461795 0.571906 0.466046
0 0.270278 0.189719 0.242969 0.188281 0.237323 0.295550 0.264632 0.296987
0 0.842088 0.529495 0.818113 0.511974 0.753699 0.600119 0.777674 0.617640
0 0.447083 0.481826 0.433756 0.480258 0.422483 0.576083 0.435810 0.577650
0 0.530130 0.367983 0.509906 0.362205 0.483491 0.454658 0.503715 0.460436
0 0.157697 0.691744 0.132428 0.689131 0.122656 0.783594 0.147925 0.786208
0 0.346331 0.347328 0.323954 0.346180 0.319046 0.441882 0.341423 0.443030
0 0.711125 0.864312 0.699313 0.848562 0.608813 0.916438 0.620625 0.932188
0 0.524662 0.504027 0.510143 0.499329 0.484167 0.579620 0.498686 0.584317
0 0.394396 0.347904 0.330614 0.341829 0.321085 0.441889 0.384867 0.447963
0 0.432971 0.480592 0.415982 0.479378 0.408955 0.577760 0.425944 0.578974
0 0.209029 0.199116 0.194096 0.197759 0.185694 0.290177 0.200628 0.291534
0 0.881181 0.639402 0.864427 0.631906 0.823150 0.724172 0.839904 0.731667
0 0.403806 0.713065 0.382089 0.710779 0.372303 0.803746 0.394020 0.806032
0 0.168790 0.193836 0.136128 0.192953 0.133545 0.288533 0.166207 0.289416
0 0.829808 0.641226 0.814303 0.630889 0.756851 0.717067 0.772356 0.727404
0 0.853757 0.252627 0.837520 0.251311 0.829873 0.345623 0.846110 0.346940
0 0.245485 0.578657 0.221529 0.577060 0.214726 0.679107 0.238682 0.680704
0 0.558152 0.727426 0.535209 0.725387 0.527357 0.813716 0.550301 0.815756
0 0.875938 0.394063 0.859531 0.388594 0.827813 0.483750 0.844219 0.489219
0 0.225045 0.203474 0.208979 0.202879 0.205625 0.293438 0.221691 0.294033
0 0.162500 0.335938 0.142188 0.335938 0.142188 0.428125 0.162500 0.428125
0 0.329688 0.465625 0.295313 0.465625 0.295313 0.567187 0.329688 0.567187
0 0.390625 0.479687 0.351563 0.479687 0.351563 0.571875 0.390625 0.571875
0 0.541138 0.839985 0.524765 0.828803 0.469266 0.910070 0.485639 0.921252
0 0.637671 0.732832 0.612976 0.730088 0.602801 0.821665 0.627496 0.824409
0 0.198438 0.809375 0.175000 0.809375 0.175000 0.895312 0.198438 0.895312
0 0.393571 0.353077 0.373968 0.351155 0.364605 0.446652 0.384208 0.448574
0 0.243085 0.814192 0.223977 0.813186 0.219678 0.894868 0.238786 0.895874
0 0.404835 0.257918 0.395168 0.257606 0.393450 0.310877 0.403117 0.311189
0 0.337659 0.707154 0.318004 0.705750 0.311342 0.799024 0.330996 0.800428
0 0.575065 0.234707 0.557925 0.233805 0.553220 0.323196 0.570360 0.324098
0 0.153760 0.573550 0.130384 0.572351 0.125304 0.671410 0.148680 0.672609
0 0.393750 0.479687 0.351563 0.479687 0.351563 0.571875 0.393750 0.571875
0 0.325821 0.197542 0.304812 0.195560 0.294967 0.299908 0.315977 0.301891
0 0.191915 0.335143 0.164795 0.333787 0.160092 0.427848 0.187212 0.429204
0 0.449862 0.607301 0.426341 0.593789 0.374877 0.683374 0.398398 0.696886
0 0.173968 0.192399 0.158553 0.191918 0.155530 0.288649 0.170945 0.289131
0 0.808425 0.255903 0.789961 0.253960 0.780672 0.342209 0.799135 0.344152
0 0.998437 0.248438 0.985938 0.248438 0.985938 0.360938 0.998437 0.360938
0 0.478653 0.640711 0.476519 0.615108 0.440054 0.618147 0.442187 0.643750
0 0.245063 0.191488 0.220258 0.189938 0.213844 0.292564 0.238649 0.294115
0 0.372500 0.594063 0.351250 0.583438 0.301875 0.682188 0.323125 0.692813
0 0.728949 0.858918 0.716219 0.845279 0.638446 0.917867 0.651177 0.931506
0 0.138610 0.691369 0.125291 0.690259 0.117651 0.781940 0.130970 0.783050
0 0.486740 0.349873 0.465709 0.346368 0.448057 0.452280 0.469088 0.455785
0 0.811284 0.519148 0.797756 0.509679 0.734773 0.599654 0.748301 0.609123
0 0.824059 0.393561 0.807110 0.384521 0.758018 0.476568 0.774968 0.485608
0 0.133348 0.579154 0.117043 0.577867 0.109717 0.670668 0.126022 0.671956
0 0.307873 0.339477 0.284500 0.338247 0.279243 0.438134 0.302616 0.439365
0 0.600079 0.234588 0.588390 0.234272 0.585940 0.324916 0.597629 0.325232
0 0.357635 0.347135 0.281494 0.336752 0.267974 0.435903 0.344114 0.446285
0 0.319393 0.586489 0.297335 0.580974 0.271599 0.683915 0.293658 0.689430
0 0.656733 0.242842 0.635443 0.241162 0.628436 0.329918 0.649726 0.331598
0 0.599501 0.859374 0.569702 0.833151 0.504424 0.907331 0.534223 0.933554
0 0.146961 0.332962 0.127775 0.332600 0.126038 0.424666 0.145224 0.425028
0 0.673438 0.862500 0.654687 0.843750 0.582813 0.915625 0.601563 0.934375
0 0.751879 0.381511 0.732448 0.369683 0.672647 0.467929 0.692078 0.479756
0 0.463892 0.356748 0.440659 0.353650 0.427668 0.451085 0.450901 0.454183
0 0.813487 0.745454 0.776377 0.741648 0.766874 0.834303 0.803984 0.838109
0 0.182857 0.189213 0.171163 0.188841 0.167987 0.288889 0.179681 0.289261
0 0.703289 0.256677 0.686727 0.256040 0.683731 0.333930 0.700293 0.334567
0 0.440123 0.352324 0.421574 0.350392 0.411245 0.449544 0.429794 0.451476
0 0.535983 0.226776 0.520535 0.226252 0.517364 0.319789 0.532813 0.320313
0 0.420993 0.713217 0.402441 0.711298 0.392967 0.802882 0.411518 0.804801
0 0.396752 0.481759 0.339238 0.476282 0.330439 0.568673 0.387953 0.574150
0 0.234614 0.324539 0.204737 0.323149 0.199691 0.431635 0.229569 0.433025
0 0.979688 0.431250 0.957812 0.431250 0.957812 0.535938 0.979688 0.535938
0 0.166727 0.554446 0.160749 0.449832 0.139346 0.451055 0.145324 0.555669
0 0.181402 0.808656 0.159728 0.807211 0.153830 0.895672 0.175505 0.897117
0 0.822037 0.256865 0.803365 0.255661 0.797642 0.344354 0.816315 0.345559
0 0.128203 0.207895 0.115311 0.207564 0.113308 0.285678 0.126200 0.286008
0 0.867628 0.255698 0.848437 0.254688 0.843551 0.347522 0.862742 0.348532
0 0.853938 0.749000 0.807781 0.742406 0.794594 0.834719 0.840750 0.841312
0 0.631250 0.621875 0.610337 0.607933 0.550240 0.698077 0.571154 0.712019
0 0.514712 0.838852 0.496952 0.827999 0.449947 0.904916 0.467707 0.915769
0 0.362500 0.476562 0.331250 0.476562 0.331250 0.570312 0.362500 0.570312
0 0.718840 0.389188 0.691433 0.374799 0.642464 0.468075 0.669871 0.482463
0 0.164063 0.806250 0.145313 0.806250 0.145313 0.895312 0.164063 0.895312
0 0.610778 0.619955 0.591778 0.606071 0.526648 0.695195 0.545649 0.709080
0 0.652665 0.375276 0.587592 0.359007 0.561949 0.461581 0.627022 0.477849
0 0.567733 0.629836 0.547242 0.610165 0.476738 0.683606 0.497229 0.703277
0 0.493149 0.217436 0.478080 0.216917 0.474631 0.316959 0.489699 0.317479
0 0.925322 0.384557 0.897650 0.381530 0.885810 0.489781 0.913482 0.492808
0 0.157849 0.210354 0.134892 0.208919 0.130064 0.286156 0.153022 0.287591
0 0.813120 0.635887 0.794335 0.623207 0.732729 0.714475 0.751514 0.727155
0 0.586058 0.619351 0.567668 0.607091 0.506851 0.698317 0.525240 0.710577
0 0.664063 0.867188 0.626563 0.829688 0.546875 0.909375 0.584375 0.946875
0 0.451264 0.657040 0.417416 0.635885 0.385815 0.686447 0.419663 0.707602
0 0.211222 0.576364 0.191280 0.574654 0.182672 0.675077 0.202615 0.676787
0 0.588610 0.377165 0.561032 0.369054 0.534733 0.458469 0.562311 0.466580
0 0.156250 0.209375 0.125000 0.209375 0.125000 0.287500 0.156250 0.287500
0 0.713075 0.626383 0.694806 0.614562 0.635572 0.706105 0.653841 0.717927
0 0.541501 0.369730 0.526008 0.365936 0.503390 0.458292 0.518883 0.462086
0 1.029688 0.246875 0.989062 0.246875 0.989062 0.362500 1.029688 0.362500
0 0.444134 0.232994 0.425408 0.232325 0.422506 0.313583 0.441232 0.314252
0 0.484419 0.719774 0.468169 0.718447 0.460830 0.808346 0.477080 0.809672
0 0.471819 0.620096 0.427776 0.594188 0.376241 0.681796 0.420284 0.707704
0 0.196326 0.195949 0.182506 0.195102 0.176681 0.290250 0.190501 0.291096
0 0.539116 0.727498 0.522481 0.726082 0.515352 0.809850 0.531987 0.811266
0 0.562287 0.507567 0.541547 0.497512 0.502533 0.577980 0.523273 0.588036
0 0.617060 0.229225 0.601000 0.227957 0.593238 0.326275 0.609298 0.327543
0 0.557644 0.842736 0.542568 0.831968 0.486930 0.909861 0.502006 0.920629
0 0.881536 0.255516 0.866601 0.254235 0.858503 0.348720 0.873438 0.350000
0 0.699517 0.654877 0.653419 0.613389 0.577823 0.697384 0.623921 0.738873
0 0.636479 0.226668 0.615438 0.225616 0.610361 0.327159 0.631402 0.328211
0 0.220802 0.811074 0.203627 0.810622 0.201325 0.898102 0.218500 0.898554
0 0.783222 0.402656 0.750007 0.382216 0.695286 0.471137 0.728501 0.491577
0 0.814085 0.389973 0.793842 0.377914 0.736250 0.474588 0.756492 0.486647
0 0.173438 0.332813 0.139063 0.332813 0.139063 0.428125 0.173438 0.428125
0 0.691746 0.242802 0.671573 0.241121 0.664062 0.331250 0.684235 0.332931
0 0.857449 0.400449 0.836729 0.392680 0.803532 0.481207 0.824251 0.488977
0 0.268002 0.703768 0.235565 0.702609 0.232452 0.789775 0.264889 0.790934
0 0.380907 0.348399 0.324829 0.342168 0.313853 0.440949 0.369931 0.447180
0 0.520312 0.220313 0.503125 0.220313 0.503125 0.320313 0.520312 0.320313
0 0.272825 0.814770 0.252568 0.813704 0.248144 0.897764 0.268400 0.898830
0 0.965724 0.428179 0.943872 0.427474 0.940438 0.533915 0.962290 0.534620
0 0.462355 0.237994 0.443074 0.237223 0.439956 0.315161 0.459238 0.315932
0 0.821666 0.391170 0.804668 0.382965 0.759441 0.476648 0.776439 0.484854
0 0.657380 0.733149 0.636995 0.730601 0.625625 0.821563 0.646010 0.824111
0 0.320770 0.707241 0.304790 0.705851 0.296981 0.795661 0.312960 0.797051
0 0.192203 0.572438 0.155515 0.569436 0.147097 0.672304 0.183786 0.675306
0 0.786701 0.742140 0.733473 0.734308 0.719544 0.828966 0.772771 0.836799
0 0.738293 0.738645 0.718123 0.735656 0.706143 0.816498 0.726313 0.819487
0 0.720923 0.737253 0.703692 0.733469 0.683673 0.824626 0.700904 0.828411
0 0.686062 0.740299 0.678942 0.738973 0.663899 0.819738 0.671019 0.821064
0 0.702911 0.737850 0.686898 0.734556 0.669022 0.821460 0.685036 0.824754
0 0.720385 0.737189 0.703421 0.733589 0.684039 0.824929 0.701003 0.828529
0 0.686180 0.377909 0.669945 0.370199 0.624682 0.465511 0.640918 0.473221
0 0.699706 0.513100 0.682688 0.502816 0.631220 0.587988 0.648239 0.598272
0 0.716910 0.516832 0.698523 0.506198 0.649300 0.591309 0.667687 0.601943
0 0.743696 0.509489 0.728228 0.500095 0.670704 0.594817 0.686172 0.604211
0 0.775995 0.507893 0.757522 0.495044 0.687424 0.595817 0.705897 0.608667
0 0.789100 0.518795 0.774164 0.508693 0.713021 0.599094 0.727957 0.609196
0 0.201131 0.696882 0.183962 0.695249 0.175529 0.783892 0.192698 0.785525
0 0.184541 0.695005 0.174339 0.694014 0.165509 0.784850 0.175711 0.785842
0 0.217003 0.696445 0.204834 0.695166 0.195139 0.787416 0.207307 0.788695
0 0.168554 0.692351 0.155399 0.690968 0.145496 0.785191 0.158651 0.786574
0 0.176910 0.693713 0.166809 0.692711 0.157753 0.784028 0.167854 0.785029
0 0.397001 0.824783 0.385137 0.823847 0.378643 0.906135 0.390507 0.907071
0 0.368187 0.821973 0.353881 0.820618 0.345532 0.908774 0.359839 0.910129
0 0.385930 0.823972 0.368146 0.822378 0.360816 0.904159 0.378599 0.905753
0 0.594548 0.727618 0.573900 0.724901 0.562027 0.815114 0.582675 0.817831
0 0.355181 0.208713 0.330006 0.207775 0.326372 0.305373 0.351547 0.306311
0 0.325765 0.819184 0.311256 0.817904 0.303939 0.900882 0.318448 0.902161
0 0.341639 0.819826 0.325892 0.818447 0.318522 0.902604 0.334269 0.903983
0 0.291808 0.817160 0.278071 0.816659 0.275103 0.898035 0.288841 0.898536
0 0.309545 0.818314 0.294938 0.817284 0.288918 0.902611 0.303525 0.903642
0 0.757308 0.869001 0.740190 0.844876 0.637154 0.917986 0.654272 0.942111
0 0.545075 0.612510 0.518421 0.593404 0.448521 0.690919 0.475175 0.710025
0 0.516029 0.611781 0.500552 0.602407 0.447085 0.690689 0.462561 0.700062
