0 0.7400433857131056 0.03850017804810872 0.7353590552243523 0.009860681008245397 0.23379143696358065 0.09189803254134027 0.2384757674523339 0.12053752958120359
0 0.7728121868724105 0.09888135792399312 0.7650604211987684 0.035109686688197306 0.23483819557507926 0.09956085079199692 0.24258996124872137 0.16333252202779275
0 0.7498921566149837 0.12623962694343377 0.7330725866418586 0.05322908707733964 0.2504966709879506 0.16440097261020076 0.26731624096107565 0.23741151247629486
0 0.7642444682312319 0.15851517731557213 0.7557529104227692 0.12211153113350129 0.25883415946389143 0.23802339003829925 0.2673257172723541 0.2744270362203701
0 0.8322223662172507 0.196060158223912 0.8208173349012282 0.1454357772978383 0.26363445077779163 0.27096201832899514 0.27503948209381396 0.3215863992550688
0 0.782559188335394 0.25267911490631534 0.7719776048655353 0.20686249338254434 0.2713466168528199 0.32248578491018126 0.2819282003226785 0.36830240643395223
0 0.7676281143492278 0.32075923557069663 0.7567727260942367 0.2702310198654384 0.28322859310633064 0.37196636412225076 0.2940839813613218 0.42249457982750893
0 0.775894734209205 0.35459273130964125 0.7690205604266901 0.3212817001354423 0.2992303685208789 0.41822914687143287 0.3061045423033938 0.4515401780456318
0 0.7497606690957223 0.3769880185400177 0.7451547462178609 0.3558029725000419 0.3179821303533191 0.44867622472208846 0.32258805323118034 0.4698612707620642
0 0.7429246774839959 0.4102858163464077 0.7374692039578774 0.38251880689910045 0.32879056628098613 0.46281321140698956 0.33424603980710466 0.4905802208542968
0 0.7905521730006362 0.4244656862068217 0.7859957294285194 0.40047288989925534 0.3374688868352712 0.48565209213385907 0.34202533040738803 0.5096448884414254
0 0.7936249451672085 0.45412736340415377 0.7882504227623817 0.4247161982540099 0.3767531571019723 0.49991217442586916 0.38212767950679905 0.5293233395760131
0 0.7783594025634695 0.5401782662185122 0.7686275428322962 0.4812419044677506 0.39727062105701005 0.5425621720506176 0.40700248078818324 0.6014985338013792
0 0.8559346649365989 0.46099065380461013 0.8522277165227259 0.44089703602118047 0.3946966910138657 0.5253041312286144 0.39840363942773865 0.5453977490120441
0 0.8514519964646509 0.5610820217422635 0.8462325328753654 0.5268022196854079 0.38729585828571444 0.5966801979431443 0.392515321875 0.63096
0 0.8557251852366985 0.5841514646804071 0.8524058968208422 0.5610596185540236 0.32844262448347894 0.6363756071798333 0.3317619128993353 0.6594674533062167
0 0.9016219898720157 0.6288622558391052 0.8951488498678684 0.5777221468299282 0.3150128493208465 0.651153776635668 0.321485989324994 0.702293885644845
0 0.9020785431947338 0.6647411324348158 0.8981528118918286 0.6312457069771498 0.35069649591338237 0.6954086894514602 0.35462222721628767 0.7289041149091262
0 0.8455167432646427 0.7437472384767537 0.8386596234135227 0.673057239034115 0.3570457961865569 0.7197750741068345 0.36390291603767677 0.7904650735494733
0 0.97660385692256 0.8346432366510609 0.9649869610683754 0.7152132079812553 0.34134510403251717 0.7758745222603117 0.3529619998867017 0.8953045509301173
0 0.9141085683994357 0.8751780501566703 0.9116553176033229 0.8424273176567068 0.336744451185807 0.8854920198197563 0.3391977019819197 0.9182427523197199
0 0.8960378091537538 0.8986056645273738 0.8930300574522059 0.8707433111811019 0.755873999062951 0.8855493601487154 0.7588817507644986 0.9134117134949873
0 0.7138592100834908 0.9126185792185921 0.7114760452666676 0.8853788809772952 0.32233749148653235 0.9194240933002545 0.3247206563033556 0.9466637915415514
0 0.8801912466083295 0.9313963680258214 0.8774676283720397 0.9002652833122997 0.8009370483703673 0.9069608445252969 0.803660666606657 0.9380919292388186
0 0.6281586617380666 0.9506404052040061 0.626256195258647 0.9203933413650975 0.332129274588102 0.9388932066826312 0.33403174106752165 0.9691402705215397