0 0.3106951345908668 0.7487917089579026 0.23309545832452577 0.08520772637359 0.18509850262793 0.09082050233198577 0.26269817889427105 0.7544044849162983
0 0.35234004028150323 0.7061174590556316 0.2829310523964584 0.08008177217344976 0.23209590891293855 0.08571789792812448 0.3015048967979834 0.7117535848103064
0 0.2924819401883795 0.9530203297534333 0.19345238860628766 0.1536353540225514 0.15330636421573335 0.15860873094843791 0.25233591579782516 0.9579937066793198
0 0.45883752446480813 0.8370839901887225 0.37645829973434347 0.053298231120398665 0.2812794443079574 0.06330193459426489 0.36365866903842203 0.8470876936625886
0 0.4612078598823314 0.6531165463851759 0.4261179230757274 0.13982152261060338 0.36871205519720773 0.1437459095282334 0.4038019920038117 0.6570409333028059
0 0.49457363667007365 0.6224085436055695 0.46338648462242293 0.2810489682934342 0.43017899652578045 0.28408285705851 0.46136614857343117 0.6254424323706453
0 0.5815944477529007 0.7984477922433829 0.5201233305246941 0.18465359350307192 0.48539325038348285 0.188131789993177 0.5468643676116896 0.801925988733488
0 0.5481960842401274 0.7717041251528178 0.4953659475016745 0.26905890790431086 0.4623447119819989 0.2725295793200793 0.5151748487204518 0.7751747965685862
0 0.6681583721470854 0.7851357652389411 0.5997009661793837 0.025837197659618293 0.4913480936560397 0.03560615666838436 0.5598054996237415 0.7949047242477072
0 0.685665479847242 0.7746068471410809 0.6363970764791111 0.24565881313780397 0.6194767840781745 0.24723483901846902 0.6687451874463054 0.7761828730217459
0 0.7207828304979707 0.6760428142922844 0.6666095506635354 0.16061848375977736 0.6102792090741607 0.16653904120598442 0.6644524889085959 0.6819633717384914
0 0.7520230569284934 0.6431421622785723 0.6990596846275412 0.049599473847719545 0.6466075777663489 0.05427991304410314 0.6995709500673011 0.647822601474956
0 0.7957935889670384 0.6423182958681481 0.7299797559218308 0.016141631745635255 0.6755918402659447 0.02185803321145704 0.7414056733111523 0.6480346973339699