0 0.944396 0.539378 0.923387 0.529087 0.860368 0.657741 0.881377 0.668032
0 0.919423 0.268053 0.877885 0.262861 0.856202 0.436322 0.897740 0.441514
0 0.483341 0.623894 0.462572 0.621298 0.443197 0.776298 0.463966 0.778894
0 0.567730 0.844807 0.543128 0.827893 0.452449 0.959789 0.477052 0.976703
0 0.555017 0.641987 0.539640 0.639829 0.518293 0.791931 0.533669 0.794090
0 0.265245 0.386655 0.247002 0.383615 0.221495 0.536655 0.239738 0.539696
0 0.256325 0.570970 0.217532 0.567737 0.203631 0.734547 0.242425 0.737780
0 0.859406 0.265406 0.834687 0.261875 0.811406 0.424844 0.836125 0.428375
0 0.393878 0.808341 0.364163 0.799055 0.319623 0.941581 0.349338 0.950867
0 0.587787 0.647660 0.575912 0.645785 0.552158 0.796229 0.564033 0.798104
0 0.881644 0.523785 0.865231 0.516840 0.808234 0.651561 0.824647 0.658505
0 0.776563 0.450000 0.620313 0.450000 0.620313 0.642188 0.776563 0.642188
0 0.584559 0.438235 0.554945 0.431654 0.518364 0.596268 0.547978 0.602849
0 0.820583 0.711153 0.797398 0.699277 0.734896 0.821304 0.758082 0.833179
0 0.723989 0.270249 0.701011 0.267251 0.683568 0.400982 0.706546 0.403979
0 0.807224 0.494191 0.783938 0.485951 0.730651 0.636543 0.753937 0.644783
0 0.998437 0.389063 0.985938 0.389063 0.985938 0.460938 0.998437 0.460938
0 0.879969 0.276156 0.856781 0.272844 0.834469 0.429031 0.857656 0.432344
0 0.357031 0.171094 0.335998 0.166887 0.304868 0.322536 0.325901 0.326743
0 0.774483 0.674544 0.739092 0.659529 0.671322 0.819273 0.706713 0.834287
0 1.002188 0.606563 0.985938 0.598438 0.945937 0.678438 0.962187 0.686563
0 0.659262 0.451090 0.622752 0.442614 0.583904 0.609963 0.620413 0.618438
0 0.400518 0.605235 0.383438 0.603438 0.366674 0.762693 0.383754 0.764491
0 0.843328 0.897110 0.826296 0.883692 0.737105 0.996895 0.754137 1.010314
0 0.323163 0.151153 0.304384 0.147454 0.271278 0.315531 0.290057 0.319230
0 0.362782 0.175224 0.343253 0.171112 0.311141 0.323645 0.330670 0.327756
0 0.353283 0.799713 0.340593 0.796373 0.303837 0.936043 0.316528 0.939382
0 0.169596 0.381513 0.150831 0.378162 0.125626 0.519308 0.144391 0.522659
0 0.383834 0.408954 0.366707 0.405529 0.335757 0.560276 0.352885 0.563702
0 0.284099 0.577046 0.257007 0.574480 0.241336 0.739886 0.268429 0.742453
0 0.457712 0.167738 0.417563 0.160438 0.384862 0.340288 0.425012 0.347588
0 0.423209 0.603645 0.400633 0.600873 0.380081 0.768223 0.402657 0.770995
0 0.279665 0.387607 0.264512 0.384360 0.231197 0.539832 0.246349 0.543079
0 0.505095 0.626904 0.484522 0.624197 0.463951 0.780536 0.484524 0.783243
0 0.822254 0.893062 0.802040 0.877104 0.706250 0.998438 0.726464 1.014396
0 0.795960 0.890206 0.774809 0.873285 0.678468 0.993712 0.699619 1.010633
0 0.417528 0.179840 0.404782 0.177590 0.376484 0.337946 0.389230 0.340195
0 0.592333 0.218070 0.552630 0.211026 0.524580 0.369129 0.564283 0.376173
0 0.660697 0.660577 0.639964 0.656430 0.609796 0.807272 0.630529 0.811418
0 0.618630 0.477163 0.593990 0.472236 0.566466 0.609856 0.591106 0.614784
0 0.334100 0.173388 0.315400 0.169988 0.288375 0.318625 0.307075 0.322025
0 0.793471 0.705981 0.774784 0.697043 0.716373 0.819175 0.735060 0.828113
0 0.465489 0.610495 0.444211 0.607916 0.423855 0.775855 0.445133 0.778435
0 0.153544 0.577204 0.135025 0.575423 0.121556 0.715504 0.140075 0.717285
0 0.406428 0.410859 0.377414 0.405769 0.349682 0.563842 0.378696 0.568932
0 0.704898 0.872890 0.688177 0.859969 0.594263 0.981505 0.610984 0.994425
0 0.516178 0.633557 0.497988 0.631567 0.481161 0.785415 0.499351 0.787405
0 0.393750 0.168750 0.289062 0.168750 0.289062 0.334375 0.393750 0.334375
0 0.483290 0.416599 0.454007 0.410092 0.416765 0.577684 0.446048 0.584191
0 0.266757 0.184404 0.244586 0.181045 0.225440 0.307406 0.247611 0.310765
0 0.962167 0.727871 0.920920 0.704383 0.839305 0.847707 0.880552 0.871195
0 0.342599 0.797401 0.323797 0.792626 0.288815 0.930369 0.307617 0.935144
0 0.891563 0.720000 0.862813 0.705625 0.795625 0.840000 0.824375 0.854375
0 0.941131 0.298846 0.915350 0.294939 0.893196 0.441157 0.918977 0.445063
0 0.543116 0.640037 0.529801 0.638229 0.509308 0.789131 0.522623 0.790939
0 1.013495 0.539804 0.991873 0.529765 0.925607 0.672491 0.947229 0.682530
0 0.350377 0.585726 0.323254 0.583640 0.309936 0.756774 0.337059 0.758860
0 0.509217 0.833523 0.478550 0.814214 0.393801 0.948817 0.424467 0.968125
0 0.934313 0.921438 0.908062 0.901750 0.837938 0.995250 0.864188 1.014938
0 0.633723 0.857732 0.610069 0.839887 0.515376 0.965410 0.539031 0.983254
0 0.234833 0.776501 0.176675 0.765423 0.149473 0.908233 0.207631 0.919311
0 0.378491 0.183467 0.356038 0.179257 0.328249 0.327465 0.350702 0.331675
0 0.596232 0.447886 0.581893 0.444301 0.542831 0.600551 0.557169 0.604136
0 0.219241 0.561043 0.187799 0.558077 0.171722 0.728494 0.203164 0.731460
0 1.008620 0.296855 0.980710 0.292627 0.956424 0.452915 0.984334 0.457143
0 0.712706 0.204218 0.672404 0.198723 0.645629 0.395072 0.685931 0.400567
0 0.370974 0.382632 0.322596 0.372957 0.287079 0.550541 0.335457 0.560216
0 0.363886 0.802182 0.352329 0.798880 0.313060 0.936321 0.324617 0.939623
0 0.683695 0.868359 0.668273 0.856463 0.573708 0.979048 0.589129 0.990944
0 0.536899 0.437380 0.505048 0.431010 0.473858 0.586959 0.505709 0.593329
0 0.780017 0.490669 0.756940 0.484178 0.714702 0.634359 0.737779 0.640850
0 0.233161 0.379596 0.213553 0.375468 0.181175 0.529261 0.200783 0.533389
0 0.749531 0.279844 0.722625 0.276000 0.704219 0.404844 0.731125 0.408687
0 0.320981 0.392905 0.302739 0.389322 0.271731 0.547182 0.289973 0.550765
0 0.384195 0.595458 0.351417 0.592008 0.333780 0.759559 0.366558 0.763009
0 0.664438 0.865125 0.642187 0.848437 0.548250 0.973688 0.570500 0.990375
0 0.824137 0.496790 0.805331 0.490074 0.751280 0.641417 0.770086 0.648133
0 0.506391 0.427396 0.478067 0.421914 0.447206 0.581364 0.475530 0.586846
0 0.875120 0.902524 0.849700 0.882752 0.760180 0.997849 0.785601 1.017620
0 0.305320 0.167766 0.290056 0.165417 0.266862 0.316176 0.282126 0.318524
0 0.811743 0.256437 0.785543 0.253354 0.766366 0.416356 0.792566 0.419438
0 0.447029 0.607228 0.425479 0.604582 0.404997 0.771365 0.426547 0.774011
0 0.553212 0.452321 0.534943 0.448475 0.504787 0.591715 0.523056 0.595561
0 0.449043 0.819148 0.428890 0.811684 0.378283 0.948323 0.398436 0.955786
0 0.172420 0.574226 0.150825 0.572189 0.136821 0.720632 0.158416 0.722669
0 0.146334 0.758954 0.118990 0.753486 0.088822 0.904327 0.116166 0.909796
0 0.219243 0.175367 0.201559 0.172209 0.179154 0.297673 0.196838 0.300831
0 0.985763 0.297424 0.969150 0.294333 0.940393 0.448903 0.957006 0.451994
0 0.640876 0.652470 0.616389 0.647668 0.585422 0.805597 0.609910 0.810399
0 0.537878 0.838674 0.515496 0.824156 0.430664 0.954941 0.453045 0.969459
0 0.869803 0.509538 0.848505 0.500741 0.788543 0.645913 0.809841 0.654710
0 0.511278 0.197053 0.468704 0.188245 0.435180 0.350274 0.477754 0.359083
0 0.726466 0.471707 0.690901 0.462007 0.647812 0.620000 0.683377 0.629700
0 0.177260 0.765223 0.145588 0.758244 0.113973 0.901728 0.145645 0.908707
0 0.974378 0.277793 0.944037 0.272603 0.914584 0.444785 0.944926 0.449975
0 0.616039 0.642171 0.587475 0.637660 0.561554 0.801824 0.590118 0.806334
0 0.585308 0.847089 0.566344 0.833589 0.478185 0.957431 0.497149 0.970932
0 0.576059 0.645836 0.552266 0.642554 0.531277 0.794724 0.555070 0.798005
0 0.543480 0.190747 0.511472 0.184892 0.479363 0.360421 0.511371 0.366276
0 0.693121 0.659208 0.662588 0.652712 0.628205 0.814312 0.658738 0.820809
0 0.733395 0.876339 0.711950 0.859556 0.614716 0.983800 0.636161 1.000583
0 0.672179 0.207449 0.645059 0.203167 0.615883 0.387952 0.643003 0.392234
0 0.601475 0.452902 0.589150 0.450223 0.556024 0.602600 0.568350 0.605280
0 0.465347 0.203745 0.448528 0.200742 0.422290 0.347675 0.439109 0.350678
0 0.430577 0.815648 0.398356 0.803993 0.344561 0.952720 0.376782 0.964375
0 0.524371 0.636909 0.508079 0.635099 0.491273 0.786357 0.507565 0.788167
0 0.235106 0.175975 0.217731 0.172848 0.194657 0.301038 0.212031 0.304166
0 0.790376 0.256786 0.751461 0.250642 0.726199 0.410633 0.765114 0.416778
0 0.603159 0.850195 0.585008 0.837433 0.494444 0.966235 0.512595 0.978997
0 0.723897 0.674724 0.693750 0.667188 0.656434 0.816452 0.686581 0.823989
0 0.263107 0.782426 0.236636 0.776544 0.205313 0.917500 0.231783 0.923382
0 0.763870 0.462163 0.728437 0.452500 0.680841 0.627019 0.716274 0.636683
0 0.198990 0.352222 0.174565 0.348064 0.144434 0.525083 0.168859 0.529241
0 0.835691 0.261942 0.812363 0.258407 0.787747 0.420871 0.811075 0.424405
0 0.917261 0.519822 0.886085 0.506832 0.825573 0.652062 0.856749 0.665052
0 0.446159 0.408608 0.408210 0.400358 0.371728 0.568175 0.409677 0.576424
0 0.552484 0.219118 0.535882 0.216415 0.511402 0.366791 0.528004 0.369493
0 0.322886 0.794669 0.285000 0.786250 0.252831 0.931011 0.290717 0.939430
0 0.950709 0.784524 0.922360 0.778556 0.904140 0.865099 0.932489 0.871067
0 0.409491 0.166199 0.390506 0.162835 0.360071 0.334577 0.379055 0.337942
0 0.847012 0.502854 0.822666 0.494114 0.769463 0.642323 0.793809 0.651063
0 0.773660 0.885153 0.743535 0.861208 0.642894 0.987821 0.673019 1.011767
0 0.324835 0.591213 0.299743 0.589283 0.287252 0.751664 0.312344 0.753594
0 0.993900 0.525435 0.967989 0.514107 0.901092 0.667127 0.927004 0.678455
0 0.862094 0.711757 0.838956 0.699684 0.769888 0.832051 0.793026 0.844124
