0 0.315559 0.725709 0.299427 0.431748 0.236944 0.435177 0.253076 0.729138
0 0.700253 0.271523 0.698403 -0.000414 0.632090 0.000037 0.633940 0.271974
0 0.491272 0.998345 0.482994 0.799667 0.372249 0.804281 0.380527 1.002960
0 0.744545 0.716467 0.700442 0.380793 0.632657 0.389699 0.676760 0.725373
0 0.862252 0.711704 0.827380 0.380424 0.798018 0.383515 0.832890 0.714795
0 0.231169 0.284830 0.201857 -0.002422 0.160231 0.001826 0.189542 0.289077
0 0.997891 0.000988 0.926784 -0.000836 0.920034 0.262413 0.991141 0.264236
0 0.308146 0.282710 0.293197 0.006995 0.264826 0.008534 0.279775 0.284248
0 0.631087 0.719832 0.582708 0.407565 0.539188 0.414307 0.587568 0.726574
0 1.014193 0.803110 0.951228 0.780442 0.873008 0.997720 0.935973 1.020388
0 0.818770 0.716743 0.786936 0.379974 0.733488 0.385026 0.765322 0.721795
0 0.684815 0.801798 0.651940 0.800859 0.646299 0.998287 0.679174 0.999226
0 0.979465 0.708934 0.956726 0.398174 0.927690 0.400299 0.950428 0.711059
0 0.280597 0.718524 0.239486 0.446163 0.205588 0.451279 0.246699 0.723641
0 0.495008 0.717897 0.436289 0.383455 0.356369 0.397486 0.415088 0.731929
0 0.541355 0.717732 0.493124 0.387005 0.443815 0.394196 0.492046 0.724923
0 0.275425 0.284086 0.259295 -0.001408 0.234287 0.000005 0.250417 0.285499
0 0.018750 0.589063 0.000000 0.589063 0.000000 0.701562 0.018750 0.701562
0 0.354256 0.281303 0.334664 0.023336 0.287881 0.026890 0.307473 0.284856
0 0.787597 0.800564 0.727374 0.794736 0.707706 0.997974 0.767928 1.003802
0 0.306682 0.282178 0.284825 -0.001958 0.253520 0.000450 0.275377 0.284586
0 0.185851 0.286466 0.161778 -0.002414 0.122080 0.000894 0.146153 0.289774
0 0.380408 0.998312 0.369621 0.801451 0.312409 0.804585 0.323196 1.001447
0 0.868750 0.000000 0.797435 -0.001844 0.790525 0.265340 0.861840 0.267184
0 0.935891 0.709831 0.911357 0.399062 0.876296 0.401830 0.900830 0.712599
0 0.650000 0.801562 0.579688 0.801562 0.579688 0.998437 0.650000 0.998437
0 0.946120 0.799274 0.904928 0.784736 0.832293 0.990534 0.873486 1.005072
0 0.706291 0.800383 0.686511 0.799693 0.679581 0.998379 0.699360 0.999069
0 0.406357 0.279598 0.391327 -0.000958 0.370906 0.000136 0.385936 0.280692
0 0.472616 0.277647 0.463903 0.007566 0.430571 0.008641 0.439283 0.278723
0 0.238391 0.284178 0.215465 -0.001117 0.195838 0.000460 0.218763 0.285755
0 0.504275 0.277088 0.491728 -0.001457 0.459305 0.000003 0.471852 0.278548
0 0.871899 0.800205 0.793169 0.790046 0.766372 0.997727 0.845101 1.007886
0 0.445452 0.277972 0.433130 0.015097 0.418927 0.015763 0.431250 0.278638
0 0.904816 0.715471 0.873207 0.367777 0.827280 0.371952 0.858888 0.719647
0 0.770312 0.410938 0.706250 0.410938 0.706250 0.715625 0.770312 0.715625
0 0.258179 0.285090 0.236705 -0.001229 0.215302 0.000376 0.236776 0.286695
0 0.351242 0.705631 0.304385 0.444014 0.269632 0.450238 0.316489 0.711856
0 0.819500 0.716815 0.787030 0.379490 0.713074 0.386609 0.745544 0.723933
0 0.897753 0.799275 0.874011 0.794306 0.831809 0.995938 0.855551 1.000908
0 0.388579 0.280241 0.369739 -0.002358 0.331471 0.000194 0.350311 0.282792
0 0.420879 0.279485 0.405520 -0.000816 0.389409 0.000067 0.404768 0.280368
0 0.957292 0.710619 0.933973 0.405683 0.911229 0.407423 0.934548 0.712358
0 0.927194 0.263895 0.923356 -0.000950 0.857790 0.000000 0.861628 0.264845
0 0.998437 0.856250 0.940625 0.856250 0.940625 0.998437 0.998437 0.998437
0 0.680121 0.720645 0.628320 0.373271 0.578469 0.380705 0.630270 0.728079
0 0.584909 0.998323 0.578745 0.801104 0.538599 0.802358 0.544762 0.999578
0 0.434642 0.279515 0.424868 -0.000649 0.403310 0.000103 0.413083 0.280267
0 0.999053 0.710363 0.988141 0.402107 0.957649 0.403186 0.968560 0.711442
0 0.825305 0.800381 0.789806 0.796437 0.767454 0.997599 0.802954 1.001543
0 0.585420 0.716111 0.538213 0.396155 0.492964 0.402831 0.540170 0.722787
0 0.546289 0.998038 0.537326 0.800860 0.484452 0.803264 0.493415 1.000441
0 0.609919 0.273994 0.602117 -0.002965 0.493313 0.000100 0.501114 0.277059
0 0.636151 0.273132 0.631352 -0.000413 0.603455 0.000076 0.608254 0.273622
0 0.836052 0.713529 0.802115 0.408098 0.784108 0.410099 0.818045 0.715530
0 0.793750 0.000000 0.701562 0.000000 0.701562 0.268750 0.793750 0.268750
0 0.325094 0.997919 0.312256 0.802142 0.267903 0.805050 0.280741 1.000827
0 0.998437 0.403125 0.987500 0.403125 0.987500 0.632813 0.998437 0.632813
0 0.725304 0.800124 0.707882 0.798963 0.694642 0.997559 0.712064 0.998721
0 0.414611 0.722044 0.357517 0.379476 0.295439 0.389823 0.352534 0.732390
