0 0.881250 0.232813 0.862500 0.232813 0.862500 0.331250 0.881250 0.331250
0 0.470274 0.483235 0.445902 0.481019 0.436949 0.579495 0.461322 0.581711
0 0.536200 0.720808 0.519183 0.719106 0.510102 0.809916 0.527119 0.811618
0 0.519031 0.720864 0.494646 0.719471 0.489579 0.808154 0.513963 0.809548
0 0.233256 0.574289 0.226964 0.473608 0.197197 0.475468 0.203490 0.576149
0 0.319078 0.351915 0.295615 0.351062 0.291983 0.450930 0.315447 0.451783
0 0.271390 0.599569 0.247856 0.597608 0.240043 0.691358 0.263578 0.693319
0 0.753125 0.246875 0.735938 0.246875 0.735938 0.326563 0.753125 0.326563
0 0.464273 0.717952 0.439455 0.716623 0.434461 0.809854 0.459278 0.811183
0 0.606638 0.490340 0.593465 0.485550 0.558930 0.580520 0.572103 0.585310
0 0.878335 0.377801 0.856898 0.375419 0.846608 0.468026 0.868045 0.470408
0 0.165247 0.351693 0.122338 0.349650 0.117937 0.442074 0.160846 0.444118
0 0.608907 0.382927 0.586827 0.374897 0.557402 0.455817 0.579482 0.463846
0 0.543750 0.215625 0.521875 0.215625 0.521875 0.318750 0.543750 0.318750
0 0.796875 0.610938 0.726562 0.610938 0.726562 0.707813 0.796875 0.707813
0 0.576562 0.214063 0.559375 0.214063 0.559375 0.320313 0.576562 0.320313
0 0.126908 0.338565 0.105441 0.337134 0.098417 0.442499 0.119884 0.443930
0 0.195313 0.351562 0.156250 0.351562 0.156250 0.445312 0.195313 0.445312
0 0.979688 0.210938 0.950000 0.210938 0.950000 0.334375 0.979688 0.334375
0 0.773438 0.229688 0.753125 0.229688 0.753125 0.326563 0.773438 0.326563
0 0.362500 0.218750 0.340625 0.218750 0.340625 0.314063 0.362500 0.314063
0 0.774150 0.624634 0.758086 0.614663 0.705868 0.698793 0.721931 0.708763
0 0.998437 0.403125 0.984375 0.403125 0.984375 0.512500 0.998437 0.512500
0 0.558515 0.371688 0.535991 0.364010 0.505385 0.453789 0.527909 0.461467
0 0.367272 0.715771 0.348412 0.715422 0.346705 0.807607 0.365564 0.807956
0 0.228125 0.210938 0.215625 0.210938 0.215625 0.307812 0.228125 0.307812
0 0.720313 0.229688 0.675000 0.229688 0.675000 0.325000 0.720313 0.325000
0 0.869839 0.506624 0.852532 0.494688 0.788244 0.587905 0.805551 0.599841
0 0.416673 0.480024 0.396432 0.479371 0.393209 0.579267 0.413450 0.579920
0 0.376563 0.243750 0.357812 0.243750 0.357812 0.315625 0.376563 0.315625
0 0.372257 0.829863 0.358385 0.829169 0.354228 0.912321 0.368099 0.913014
0 0.170864 0.444669 0.163658 0.350993 0.145257 0.352408 0.152463 0.446085
0 0.412618 0.352249 0.386746 0.350997 0.381779 0.453655 0.407651 0.454906
0 0.207014 0.573135 0.201346 0.471106 0.183346 0.472106 0.189014 0.574135
0 0.414828 0.316464 0.408954 0.196057 0.386523 0.197151 0.392396 0.317558
0 0.412284 0.609914 0.375377 0.595151 0.336261 0.692942 0.373168 0.707705
0 0.275317 0.347215 0.247555 0.346241 0.243996 0.447679 0.271758 0.448653
0 0.271389 0.575635 0.265654 0.472394 0.242548 0.473678 0.248284 0.576918
0 0.592951 0.625410 0.568997 0.603634 0.493488 0.686694 0.517442 0.708470
0 0.708033 0.644401 0.664237 0.610711 0.602608 0.690828 0.646405 0.724518
0 0.517533 0.479653 0.499139 0.474069 0.467481 0.578354 0.485875 0.583938
0 0.704752 0.248539 0.689101 0.248206 0.687472 0.324767 0.703123 0.325100
0 0.871714 0.621456 0.851273 0.612371 0.810809 0.703415 0.831250 0.712500
0 0.683534 0.845793 0.622236 0.804928 0.550601 0.912380 0.611899 0.953245
0 0.387578 0.203207 0.371443 0.202793 0.368554 0.315460 0.384689 0.315873
0 0.132466 0.571189 0.128242 0.486713 0.109383 0.487656 0.113607 0.572132
0 0.635886 0.365569 0.615522 0.357992 0.579168 0.455693 0.599532 0.463270
0 0.498437 0.220313 0.471875 0.220313 0.471875 0.320313 0.498437 0.320313
0 0.825421 0.232919 0.806354 0.232522 0.804370 0.327728 0.823438 0.328125
0 0.670313 0.510938 0.647812 0.499688 0.606562 0.582188 0.629063 0.593438
0 0.591664 0.377198 0.577077 0.373146 0.553573 0.457763 0.568159 0.461815
0 0.254919 0.201960 0.228383 0.201131 0.225026 0.308546 0.251563 0.309375
0 0.842788 0.510817 0.817909 0.494231 0.756611 0.586178 0.781490 0.602764
0 0.443859 0.484493 0.431177 0.484031 0.427701 0.579615 0.440384 0.580076
0 0.523529 0.366820 0.503309 0.361765 0.480331 0.453676 0.500551 0.458732
0 0.165625 0.707812 0.140625 0.707812 0.140625 0.803125 0.165625 0.803125
0 0.364297 0.354780 0.346084 0.354437 0.344252 0.451513 0.362465 0.451857
0 0.728397 0.851995 0.715363 0.836633 0.629306 0.909651 0.642340 0.925013
0 0.524605 0.502388 0.510955 0.498261 0.486133 0.580364 0.499783 0.584491
0 0.386421 0.353315 0.322453 0.349948 0.317162 0.450492 0.381129 0.453859
0 0.431804 0.482975 0.414775 0.482569 0.412428 0.581137 0.429457 0.581542
0 0.192813 0.214671 0.178298 0.213907 0.173450 0.306004 0.187966 0.306768
0 0.886366 0.618129 0.868729 0.611515 0.833219 0.706207 0.850856 0.712821
0 0.414453 0.717388 0.392516 0.716135 0.387204 0.809090 0.409141 0.810344
0 0.154688 0.210938 0.121875 0.210938 0.121875 0.306250 0.154688 0.306250
0 0.834117 0.622014 0.815954 0.612399 0.768142 0.702711 0.786305 0.712327
0 0.839558 0.234560 0.823563 0.233989 0.820205 0.328010 0.836200 0.328581
0 0.248438 0.590625 0.223438 0.590625 0.223438 0.692187 0.248438 0.692187
0 0.568912 0.722362 0.546169 0.721487 0.542753 0.810298 0.565496 0.811173
0 0.865804 0.372285 0.849431 0.368432 0.826562 0.465625 0.842935 0.469477
0 0.209375 0.218750 0.193750 0.218750 0.193750 0.307812 0.209375 0.307812
0 0.162176 0.443960 0.152058 0.352896 0.132508 0.355069 0.142626 0.446132
0 0.328125 0.475000 0.293750 0.475000 0.293750 0.576562 0.328125 0.576562
0 0.392188 0.485938 0.353125 0.485938 0.353125 0.578125 0.392188 0.578125
0 0.558170 0.836512 0.541221 0.826112 0.489726 0.910030 0.506674 0.920431
0 0.650238 0.725144 0.624652 0.723097 0.617309 0.814885 0.642895 0.816932
0 0.215625 0.825000 0.193750 0.825000 0.193750 0.910937 0.215625 0.910937
0 0.384667 0.358151 0.363865 0.357709 0.361809 0.454340 0.382611 0.454783
0 0.260555 0.826711 0.241558 0.826056 0.238749 0.907532 0.257746 0.908187
0 0.392188 0.262500 0.382812 0.262500 0.382812 0.315625 0.392188 0.315625
0 0.346911 0.716174 0.329333 0.715558 0.326114 0.807303 0.343691 0.807920
0 0.559375 0.229688 0.543750 0.229688 0.543750 0.320313 0.559375 0.320313
0 0.157865 0.590680 0.134974 0.590285 0.133249 0.690282 0.156141 0.690677
0 0.393750 0.485938 0.353125 0.485938 0.353125 0.578125 0.393750 0.578125
0 0.308713 0.206397 0.287634 0.205842 0.284870 0.310868 0.305949 0.311423
0 0.182813 0.351562 0.156250 0.351562 0.156250 0.445312 0.182813 0.445312
0 0.455023 0.608848 0.430684 0.596420 0.383638 0.688553 0.407976 0.700981
0 0.159525 0.304655 0.157689 0.209227 0.140989 0.209548 0.142824 0.304976
0 0.790625 0.239063 0.773438 0.239063 0.773438 0.326563 0.790625 0.326563
0 0.997932 0.334053 0.989256 0.221259 0.971213 0.222647 0.979890 0.335441
0 0.440625 0.721875 0.426563 0.721875 0.426563 0.806250 0.440625 0.806250
0 0.228125 0.203125 0.201563 0.203125 0.201563 0.307812 0.228125 0.307812
0 0.376751 0.599878 0.354697 0.590290 0.310654 0.691589 0.332708 0.701177
0 0.746094 0.846094 0.732813 0.832813 0.657031 0.908594 0.670312 0.921875
0 0.148607 0.709497 0.135315 0.709005 0.131961 0.799563 0.145253 0.800056
0 0.478248 0.349739 0.456671 0.347200 0.444097 0.454085 0.465673 0.456623
0 0.811603 0.502437 0.797704 0.493502 0.738256 0.585977 0.752155 0.594912
0 0.814913 0.374834 0.796496 0.367160 0.756601 0.462907 0.775018 0.470581
0 0.136878 0.597120 0.122028 0.596474 0.117945 0.690386 0.132795 0.691032
0 0.298438 0.350000 0.276563 0.350000 0.276563 0.450000 0.298438 0.450000
0 0.585938 0.228125 0.575000 0.228125 0.575000 0.320313 0.585938 0.320313
0 0.349265 0.354871 0.272316 0.348952 0.264770 0.447050 0.341719 0.452969
0 0.322638 0.595025 0.299675 0.590850 0.280575 0.695900 0.303538 0.700075
0 0.640744 0.234437 0.620199 0.234042 0.618516 0.321540 0.639061 0.321935
0 0.616636 0.852078 0.585605 0.828287 0.525399 0.906816 0.556430 0.930607
0 0.140745 0.443748 0.138969 0.351384 0.119084 0.351766 0.120861 0.444130
0 0.689787 0.848704 0.668445 0.831631 0.604573 0.911471 0.625915 0.928544
0 0.743747 0.367350 0.723719 0.356809 0.669930 0.459009 0.689957 0.469550
0 0.454836 0.357976 0.431379 0.356803 0.426504 0.454294 0.449961 0.455467
0 0.824012 0.728569 0.786770 0.727638 0.784470 0.819651 0.821712 0.820582
0 0.168750 0.204687 0.156250 0.204687 0.156250 0.306250 0.168750 0.306250
0 0.690753 0.246965 0.675357 0.246538 0.673222 0.323388 0.688618 0.323816
0 0.431933 0.354899 0.413240 0.353861 0.407779 0.452168 0.426471 0.453207
0 0.523909 0.318703 0.521728 0.224931 0.505530 0.225307 0.507711 0.319079
0 0.431544 0.716298 0.412845 0.715314 0.408020 0.807001 0.426718 0.807985
0 0.393907 0.486544 0.337320 0.484368 0.333759 0.576959 0.390346 0.579136
0 0.246875 0.304688 0.192188 0.304688 0.192188 0.448437 0.246875 0.448437
0 0.976562 0.406250 0.956250 0.406250 0.956250 0.510938 0.976562 0.510938
0 0.168704 0.571411 0.158230 0.466677 0.136417 0.468858 0.146890 0.573592
0 0.198464 0.825973 0.175558 0.824955 0.171679 0.912214 0.194586 0.913232
0 0.807846 0.240660 0.790191 0.240276 0.788283 0.328040 0.805938 0.328424
0 0.114063 0.228125 0.101563 0.228125 0.101563 0.304688 0.114063 0.304688
0 0.853125 0.235938 0.834375 0.235938 0.834375 0.329688 0.853125 0.329688
0 0.866139 0.729745 0.820522 0.724676 0.810213 0.817454 0.855831 0.822523
0 0.639423 0.615865 0.615986 0.600240 0.555649 0.690745 0.579087 0.706370
0 0.531802 0.837083 0.513177 0.826995 0.470126 0.906474 0.488750 0.916562
0 0.366516 0.575539 0.355519 0.482071 0.324787 0.485687 0.335783 0.579154
0 0.711759 0.377667 0.684371 0.364975 0.640305 0.460065 0.667693 0.472757
0 0.178125 0.823438 0.165625 0.823438 0.165625 0.910937 0.178125 0.910937
0 0.615518 0.613407 0.595894 0.600528 0.535980 0.691825 0.555605 0.704703
0 0.649369 0.369811 0.587443 0.351233 0.556049 0.455877 0.617976 0.474455
0 0.570506 0.620629 0.548174 0.606671 0.494364 0.692767 0.516696 0.706724
0 0.478125 0.218750 0.462500 0.218750 0.462500 0.317188 0.478125 0.317188
0 0.917969 0.361984 0.889924 0.360481 0.884104 0.469126 0.912148 0.470628
0 0.142188 0.228125 0.120313 0.228125 0.120313 0.306250 0.142188 0.306250
0 0.820538 0.619788 0.801506 0.607553 0.741550 0.700818 0.760582 0.713053
0 0.594712 0.617308 0.577043 0.605529 0.516226 0.696755 0.533894 0.708534
0 0.682685 0.858265 0.643022 0.822207 0.567301 0.905501 0.606964 0.941558
0 0.457055 0.655219 0.419507 0.638531 0.395860 0.691736 0.433409 0.708425
0 0.215761 0.591022 0.195655 0.590017 0.190637 0.690391 0.210743 0.691397
0 0.581460 0.371373 0.553417 0.364775 0.531983 0.455871 0.560026 0.462469
0 0.142188 0.228125 0.110938 0.228125 0.110938 0.306250 0.142188 0.306250
0 0.717761 0.613694 0.699026 0.603224 0.646148 0.697847 0.664883 0.708317
0 0.533193 0.367544 0.517893 0.364734 0.501100 0.456165 0.516400 0.458975
0 0.998437 0.220313 0.987500 0.220313 0.987500 0.334375 0.998437 0.334375
0 0.429688 0.235938 0.410938 0.235938 0.410938 0.315625 0.429688 0.315625
0 0.495313 0.720313 0.478217 0.719615 0.474506 0.810535 0.491601 0.811232
0 0.475725 0.619072 0.427738 0.597745 0.386952 0.689514 0.434939 0.710841
0 0.180002 0.212698 0.166264 0.212417 0.164351 0.306160 0.178089 0.306441
0 0.550045 0.723886 0.532887 0.723185 0.529393 0.808789 0.546551 0.809489
0 0.559189 0.502948 0.535363 0.495617 0.509721 0.578953 0.533547 0.586284
0 0.600025 0.223464 0.585275 0.223222 0.583659 0.321812 0.598409 0.322054
0 0.573991 0.838837 0.558883 0.829295 0.507645 0.910421 0.522754 0.919963
0 0.865899 0.236004 0.852547 0.235742 0.850706 0.329640 0.864058 0.329902
0 0.686838 0.623175 0.609700 0.609150 0.593225 0.699763 0.670363 0.713788
0 0.620333 0.218967 0.601660 0.218679 0.600074 0.321732 0.618748 0.322019
0 0.237500 0.825000 0.220313 0.825000 0.220313 0.912500 0.237500 0.912500
0 0.777521 0.387338 0.743028 0.368175 0.692541 0.459051 0.727034 0.478213
0 0.806562 0.372813 0.785937 0.362500 0.735625 0.463125 0.756250 0.473438
0 0.168803 0.444971 0.164655 0.349567 0.132040 0.350985 0.136188 0.446389
0 0.676973 0.231506 0.656991 0.230738 0.653455 0.322669 0.673438 0.323438
0 0.850649 0.381936 0.829762 0.375454 0.802034 0.464801 0.822921 0.471284
0 0.280348 0.802911 0.278481 0.715185 0.245252 0.715892 0.247118 0.803618
0 0.368750 0.353125 0.312500 0.353125 0.312500 0.451562 0.368750 0.451562
0 0.510141 0.318393 0.506031 0.219736 0.488353 0.220472 0.492464 0.319129
0 0.289063 0.826562 0.268750 0.826562 0.268750 0.909375 0.289063 0.909375
0 0.960938 0.403125 0.939063 0.403125 0.939063 0.509375 0.960938 0.509375
0 0.448437 0.240625 0.429688 0.240625 0.429688 0.317188 0.448437 0.317188
0 0.815035 0.373301 0.797646 0.366106 0.757671 0.462711 0.775060 0.469906
0 0.667320 0.722350 0.647136 0.721341 0.642429 0.815481 0.662613 0.816490
0 0.329797 0.715743 0.314845 0.715199 0.311596 0.804541 0.326548 0.805085
0 0.196416 0.588447 0.159621 0.587370 0.156599 0.690537 0.193394 0.691615
0 0.798980 0.726804 0.745416 0.721767 0.736460 0.817025 0.790024 0.822061
0 0.750456 0.725846 0.730158 0.723917 0.722425 0.805275 0.742723 0.807204
0 0.733037 0.725366 0.715631 0.722489 0.700410 0.814569 0.717816 0.817446
0 0.698384 0.730232 0.691204 0.729281 0.680408 0.810722 0.687588 0.811673
0 0.715081 0.726904 0.698918 0.724453 0.685615 0.812174 0.701778 0.814625
0 0.732497 0.725330 0.715367 0.722623 0.700792 0.814852 0.717921 0.817559
0 0.679535 0.368332 0.662919 0.361482 0.622706 0.459033 0.639323 0.465883
0 0.700118 0.502631 0.682585 0.493251 0.635646 0.581000 0.653179 0.590379
0 0.717494 0.505456 0.698575 0.495799 0.653874 0.583370 0.672793 0.593027
0 0.743858 0.496722 0.727920 0.488151 0.675433 0.585753 0.691371 0.594324
0 0.776030 0.493438 0.756910 0.481573 0.692182 0.585877 0.711302 0.597742
0 0.789688 0.503639 0.774243 0.494332 0.717915 0.587809 0.733360 0.597116
0 0.211844 0.712254 0.194613 0.711522 0.190832 0.800484 0.208062 0.801217
0 0.195179 0.711248 0.184939 0.710791 0.180876 0.801965 0.191115 0.802422
0 0.227672 0.710987 0.215453 0.710347 0.210599 0.802977 0.222817 0.803618
0 0.179075 0.709434 0.165866 0.708741 0.160908 0.803354 0.174117 0.804046
0 0.186469 0.710248 0.176552 0.710196 0.176069 0.801859 0.185986 0.801911
0 0.414140 0.829728 0.402243 0.829414 0.400065 0.911930 0.411961 0.912244
0 0.385219 0.828431 0.370861 0.827826 0.367137 0.916299 0.381495 0.916903
0 0.403041 0.829498 0.385199 0.828837 0.382158 0.910890 0.400001 0.911551
0 0.606331 0.722358 0.585569 0.720725 0.578434 0.811436 0.599196 0.813069
0 0.341523 0.314403 0.341414 0.216896 0.316225 0.216924 0.316334 0.314431
0 0.342708 0.827865 0.328153 0.827347 0.325189 0.910593 0.339744 0.911112
0 0.358594 0.827676 0.342797 0.827123 0.339841 0.911550 0.355639 0.912103
0 0.309988 0.909041 0.308693 0.827622 0.294948 0.827840 0.296243 0.909260
0 0.326466 0.827846 0.311824 0.827581 0.310278 0.913106 0.324920 0.913371
0 0.774155 0.851470 0.754459 0.828621 0.659108 0.910815 0.678805 0.933664
0 0.546490 0.606600 0.517422 0.590206 0.458926 0.693924 0.487994 0.710317
0 0.521857 0.610789 0.505911 0.602238 0.457137 0.693197 0.473083 0.701748
