0 0.7355078334509086 0.2048301750871524 0.7294095628067819 0.13209670912965868 0.3885247854828692 0.16067788016582202 0.39462305612699594 0.23341134612331574
0 0.730389052846208 0.2440427779355246 0.7259596984375001 0.1989619859375 0.39104293621629194 0.23186879550197542 0.395472290625 0.2769495875
0 0.7320655651551805 0.29317396128204154 0.7266742415988684 0.24236301463879828 0.3924161801236184 0.2778296508613366 0.3978075036799304 0.32864059750457975
0 0.7441020278628315 0.34279800521607207 0.7407865803419954 0.2951875875905951 0.3954354360585046 0.31923681152598715 0.3987508835793408 0.3668472291514641
0 0.753750080436218 0.4366788647746612 0.7527894180267272 0.3453746910669057 0.3957475603616017 0.3491313286590879 0.3967082227710926 0.4404355023668434
0 0.7341326502917137 0.46544861514768465 0.40344588444584295 0.43735967895702166 0.40159119581551395 0.45919464560194817 0.7322779616613847 0.4872835817926112
0 0.7520091467531221 0.48690121669165515 0.3984252682338015 0.4528807622111368 0.3931315347000074 0.5078999811871376 0.7467154132193281 0.5419204356676559
0 0.7231496976108732 0.633139512534755 0.7223466804386494 0.5397336898373131 0.40092378723607425 0.542496987620403 0.4017268044082981 0.6359028103178449
0 0.7526085944019105 0.7360189903948803 0.7457014694636398 0.6109581834636577 0.4021234773732119 0.6299340414933752 0.40903060231148264 0.7549948484245979
0 0.7296249782279631 0.735824412878651 0.4069192286822176 0.7322622212770964 0.4062429634417354 0.7935263827069029 0.728948712987481 0.7970885743084575
0 0.7740845469657521 0.8661603902136145 0.7726885614645227 0.7491915982706824 0.4099968398776552 0.7535202091449251 0.41139282537888466 0.8704890010878572
0 0.381514183599168 0.8426376949065265 0.3767465172343959 0.7205535348390618 0.08464102174939973 0.7319609241762149 0.08940868811417182 0.8540450842436795
0 0.36971695018389716 0.6795844055781692 0.08295828182773708 0.6778841370975193 0.08249906078536813 0.7553340316815305 0.3692577291415282 0.7570343001621804
0 0.37716419868807755 0.6789461273533711 0.37645515908311467 0.606644131440901 0.07219681456718785 0.6096278833232612 0.07290585417215074 0.6819298792357313
0 0.3766686929015223 0.6059312310933072 0.37476012387484303 0.551277032133352 0.08294580895232187 0.5614674250693239 0.08485437797900107 0.6161216240292792
0 0.37280818986829545 0.5513452090362214 0.37108139260846984 0.501896183006753 0.07829111000143037 0.5121206403582103 0.08001790726125599 0.5615696663876787
0 0.37104757595381926 0.5019590783156864 0.3696380587326217 0.44741604061332796 0.07447256386253355 0.4550437941387739 0.07588208108373114 0.5095868318411324
0 0.3713910838010323 0.4497061958451093 0.3695418860541614 0.4077431070281376 0.07694066382745886 0.42063723699157507 0.0787898615743298 0.46260032580854676
0 0.368027687467791 0.4160537242704202 0.36717355601281715 0.37484331690612366 0.0787907134930546 0.3808203715538365 0.0796448449480285 0.4220307789181332
0 0.36698133581016845 0.38486405849367866 0.36566941649516377 0.33319034640505324 0.07836803423321378 0.3404845046410735 0.07967995354821844 0.3921582167296989
0 0.3672672852523339 0.3483003430363451 0.366453438413296 0.299406881981568 0.07738407146235318 0.30421853134081733 0.07819791830139104 0.35311199239559443
0 0.3660566631777903 0.3171223963120807 0.36426369548435694 0.2468725501906625 0.07827330654136008 0.25417180501210324 0.08006627423479343 0.3244216511335214
0 0.33434000704256045 0.2474822739843528 0.3268456855200276 0.18002415530689553 0.06388404215435711 0.20923812009145637 0.07137836367689002 0.27669623876891364