0 0.335903 0.900921 0.324468 0.818015 0.303371 0.820925 0.314806 0.903831
0 0.308688 0.796750 0.295250 0.702688 0.265500 0.706938 0.278937 0.801000
0 0.546575 0.809083 0.536428 0.710994 0.516278 0.713079 0.526425 0.811167
0 0.703125 0.587500 0.681250 0.587500 0.681250 0.698438 0.703125 0.698438
0 0.845741 0.432773 0.843682 0.327789 0.822397 0.328207 0.824456 0.433191
0 0.717187 0.215625 0.692187 0.215625 0.692187 0.303125 0.717187 0.303125
0 0.689063 0.334375 0.635938 0.334375 0.635938 0.437500 0.689063 0.437500
0 0.792188 0.595313 0.768750 0.595313 0.768750 0.696875 0.792188 0.696875
0 0.628125 0.221875 0.609375 0.221875 0.609375 0.307813 0.628125 0.307813
0 0.079957 0.443479 0.071061 0.366380 0.051015 0.368693 0.059911 0.445792
0 0.767188 0.345313 0.743750 0.345313 0.743750 0.435938 0.767188 0.435938
0 0.939738 0.056920 0.910074 0.056096 0.907728 0.140536 0.937393 0.141360
0 0.807813 0.062500 0.778125 0.062500 0.778125 0.148438 0.807813 0.148438
0 0.276562 0.106250 0.243750 0.106250 0.243750 0.181250 0.276562 0.181250
0 0.772238 0.590945 0.754914 0.590107 0.749760 0.696637 0.767083 0.697475
0 0.923522 0.331308 0.896911 0.330825 0.895087 0.431132 0.921698 0.431616
0 0.565625 0.079688 0.546875 0.079688 0.546875 0.164063 0.565625 0.164063
0 0.618750 0.342188 0.595313 0.342188 0.595313 0.439063 0.618750 0.439063
0 0.422017 0.804287 0.410173 0.707555 0.392454 0.709725 0.404298 0.806457
0 0.873437 0.843750 0.845313 0.843750 0.845313 0.935937 0.873437 0.935937
0 0.706250 0.345313 0.692187 0.345313 0.692187 0.437500 0.706250 0.437500
0 0.886123 0.586073 0.862056 0.585090 0.857369 0.699918 0.881436 0.700900
0 0.491811 0.563851 0.484210 0.465037 0.465211 0.466498 0.472813 0.565312
0 0.395313 0.234375 0.362500 0.234375 0.362500 0.314063 0.395313 0.314063
0 0.436439 0.907386 0.426712 0.824707 0.404954 0.827266 0.414681 0.909946
0 0.574251 0.917074 0.570107 0.830069 0.542937 0.831363 0.547080 0.918368
0 0.743750 0.345313 0.720313 0.345313 0.720313 0.435938 0.743750 0.435938
0 0.067346 0.563223 0.057320 0.467979 0.035441 0.470283 0.045467 0.565527
0 0.479687 0.354688 0.457813 0.354688 0.457813 0.440625 0.479687 0.440625
0 0.094241 0.682426 0.089497 0.580430 0.069011 0.581383 0.073755 0.683379
0 0.420312 0.084375 0.392188 0.084375 0.392188 0.173438 0.420312 0.173438
0 0.466060 0.805070 0.448899 0.707823 0.427061 0.711677 0.444222 0.808924
0 0.194367 0.443173 0.185233 0.359146 0.164856 0.361361 0.173989 0.445388
0 0.267188 0.470313 0.242188 0.470313 0.242188 0.564063 0.267188 0.564063
0 0.642749 0.582991 0.619023 0.582486 0.616624 0.695234 0.640350 0.695739
0 0.043990 0.787015 0.032481 0.697825 -0.001033 0.702149 0.010475 0.791340
0 0.540033 0.565366 0.537456 0.462306 0.521099 0.462715 0.523676 0.565775
0 0.728125 0.214063 0.715625 0.214063 0.715625 0.301563 0.728125 0.301563
0 0.864062 0.720313 0.840625 0.720313 0.840625 0.823438 0.864062 0.823438
0 0.821984 0.842305 0.804706 0.841677 0.801401 0.932579 0.818679 0.933208
0 0.693750 0.337500 0.651563 0.337500 0.651563 0.435937 0.693750 0.435937
0 0.542274 0.310726 0.540473 0.217100 0.518606 0.217521 0.520407 0.311146
0 0.840625 0.064063 0.823438 0.064063 0.823438 0.146875 0.840625 0.146875
0 0.760827 0.584803 0.736337 0.583442 0.730048 0.696635 0.754538 0.697995
0 0.575000 0.351563 0.562500 0.351563 0.562500 0.439063 0.575000 0.439063
0 0.257997 0.318680 0.254847 0.239931 0.224334 0.241152 0.227484 0.319901
0 0.837500 0.560938 0.815625 0.560938 0.815625 0.698438 0.837500 0.698438
0 0.450576 0.563690 0.445129 0.463817 0.425783 0.464872 0.431230 0.564745
0 0.520135 0.438953 0.516881 0.351111 0.496770 0.351856 0.500024 0.439698
0 0.069805 0.791331 0.063190 0.698723 0.040982 0.700309 0.047597 0.792917
0 0.787500 0.840625 0.764063 0.840625 0.764063 0.929688 0.787500 0.929688
0 0.560083 0.692100 0.557633 0.584273 0.528741 0.584929 0.531192 0.692757
0 0.506072 0.563953 0.502181 0.458889 0.484266 0.459553 0.488157 0.564617
0 0.194043 0.320224 0.190438 0.244503 0.170468 0.245454 0.174074 0.321175
0 0.889761 0.720486 0.865675 0.719884 0.863049 0.824897 0.887136 0.825499
0 0.414074 0.907442 0.407396 0.822854 0.386515 0.824502 0.393193 0.909090
0 0.748437 0.215625 0.728125 0.215625 0.728125 0.301563 0.748437 0.301563
0 0.900095 0.461038 0.875363 0.460265 0.872091 0.564948 0.896823 0.565721
0 0.857812 0.064063 0.839063 0.064063 0.839063 0.145313 0.857812 0.145313
0 0.866381 0.585438 0.840881 0.583120 0.830328 0.699206 0.855827 0.701524
0 0.646875 0.714063 0.617188 0.714063 0.617188 0.815625 0.646875 0.815625
0 0.875098 0.461090 0.848820 0.460666 0.847132 0.565327 0.873410 0.565751
0 0.215404 0.320570 0.209412 0.242665 0.186471 0.244430 0.192463 0.322335
0 0.058358 0.448238 0.055964 0.366828 0.038791 0.367333 0.041185 0.448743
0 0.351841 0.441318 0.346658 0.355790 0.321608 0.357308 0.326791 0.442837
0 0.396485 0.687703 0.388713 0.582781 0.365173 0.584524 0.372945 0.689446
0 0.642188 0.834375 0.621875 0.834375 0.621875 0.920312 0.642188 0.920312
0 0.415239 0.905919 0.408787 0.822040 0.373300 0.824770 0.379752 0.908649
0 0.729688 0.717188 0.709375 0.717187 0.709375 0.817187 0.729688 0.817187
0 0.167741 0.893014 0.158937 0.811576 0.132056 0.814482 0.140860 0.895921
0 0.443811 0.312284 0.440097 0.230564 0.401115 0.232336 0.404829 0.314056
0 0.283879 0.899944 0.279584 0.818344 0.263428 0.819195 0.267723 0.900794
0 0.439063 0.232813 0.389062 0.232813 0.389062 0.314063 0.439063 0.314063
0 0.460938 0.232813 0.440625 0.232813 0.440625 0.312500 0.460938 0.312500
0 0.443479 0.804339 0.431728 0.707983 0.410774 0.710538 0.422525 0.806895
0 0.612155 0.307502 0.607687 0.222622 0.586283 0.223748 0.590750 0.308628
0 0.090625 0.470313 0.065625 0.470313 0.065625 0.562500 0.090625 0.562500
0 0.525412 0.564047 0.521556 0.461863 0.502009 0.462601 0.505865 0.564785
0 0.236293 0.319183 0.228651 0.242760 0.202351 0.245390 0.209994 0.321813
0 0.476479 0.690345 0.471627 0.583605 0.450222 0.584578 0.455074 0.691318
0 0.100035 0.189805 0.096719 0.120171 0.077789 0.121073 0.081105 0.190706
0 0.807813 0.209375 0.792188 0.209375 0.792188 0.298438 0.807813 0.298438
0 0.964976 0.056718 0.939171 0.055912 0.936582 0.138741 0.962387 0.139547
0 0.607860 0.162450 0.605354 0.082255 0.580183 0.083041 0.582689 0.163236
0 0.267304 0.440443 0.256995 0.345605 0.239203 0.347539 0.249511 0.442377
0 0.375305 0.687119 0.363281 0.578906 0.337900 0.581726 0.349924 0.689939
0 0.804688 0.840625 0.785938 0.840625 0.785938 0.929688 0.804688 0.929688
0 0.489899 0.912270 0.486365 0.827456 0.465438 0.828328 0.468972 0.913142
0 0.051228 0.884211 0.040407 0.803050 -0.004933 0.809095 0.005888 0.890257
0 0.548696 0.438772 0.543621 0.352489 0.526218 0.353513 0.531293 0.439795
0 0.846875 0.462500 0.826562 0.462500 0.826562 0.564063 0.846875 0.564063
0 0.810937 0.462500 0.789062 0.462500 0.789062 0.565625 0.810937 0.565625
0 0.057305 0.679132 0.048080 0.583805 0.023112 0.586221 0.032337 0.681548
0 0.701796 0.156075 0.699962 0.071706 0.677656 0.072191 0.679490 0.156560
0 0.236999 0.441695 0.224488 0.359121 0.205511 0.361996 0.218022 0.444571
0 0.671875 0.220313 0.646875 0.220313 0.646875 0.306250 0.671875 0.306250
0 0.317427 0.442141 0.315172 0.354218 0.292951 0.354788 0.295206 0.442711
0 0.391249 0.802557 0.376802 0.707208 0.360510 0.709677 0.374957 0.805026
0 0.648421 0.304413 0.643556 0.221703 0.623314 0.222893 0.628179 0.305603
0 0.667188 0.075000 0.646875 0.075000 0.646875 0.157813 0.667188 0.157813
0 0.829724 0.209767 0.808261 0.209096 0.805520 0.296803 0.826983 0.297474
0 0.745313 0.839063 0.725000 0.839063 0.725000 0.926562 0.745313 0.926562
0 0.712500 0.459375 0.692187 0.459375 0.692187 0.565625 0.712500 0.565625
0 0.503125 0.310937 0.499413 0.218148 0.480818 0.218892 0.484530 0.311681
0 0.526563 0.829688 0.504688 0.829688 0.504688 0.914062 0.526563 0.914062
0 0.908511 0.587210 0.886797 0.585338 0.876956 0.699495 0.898670 0.701367
0 0.720313 0.070313 0.700000 0.070313 0.700000 0.154688 0.720313 0.154688
0 0.432272 0.353772 0.398307 0.352742 0.395674 0.439642 0.429639 0.440671
0 0.357874 0.317023 0.356146 0.234052 0.322664 0.234749 0.324393 0.317721
0 0.371875 0.234375 0.309375 0.234375 0.309375 0.317188 0.371875 0.317188
0 0.493750 0.709375 0.465625 0.709375 0.465625 0.807813 0.493750 0.807813
0 0.565051 0.308748 0.560752 0.216324 0.537981 0.217383 0.542280 0.309807
0 0.526563 0.712500 0.503125 0.712500 0.503125 0.807813 0.526563 0.807813
0 0.214903 0.442899 0.207328 0.351994 0.186121 0.353761 0.193696 0.444666
0 0.929688 0.459375 0.900000 0.459375 0.900000 0.565625 0.929688 0.565625
0 0.076103 0.682537 0.069435 0.580288 0.047043 0.581749 0.053712 0.683997
0 0.112574 0.890294 0.104186 0.809211 0.085261 0.811169 0.093649 0.892252
0 0.848438 0.209375 0.827351 0.208985 0.825724 0.296859 0.846810 0.297250
0 0.085062 0.192062 0.081043 0.119716 0.067803 0.120452 0.071822 0.192798
0 0.887500 0.203125 0.868750 0.203125 0.868750 0.295313 0.887500 0.295313
0 0.955108 0.936478 0.936599 0.843930 0.905649 0.850120 0.924159 0.942668
0 0.620351 0.563540 0.616834 0.468589 0.601462 0.469159 0.604979 0.564110
0 0.623793 0.920108 0.618588 0.831627 0.592026 0.833190 0.597231 0.921670
0 0.826562 0.340625 0.809375 0.340625 0.809375 0.434375 0.826562 0.434375
0 0.575022 0.563828 0.573381 0.465366 0.555600 0.465662 0.557241 0.564124
0 0.395565 0.174433 0.392154 0.097675 0.371361 0.098599 0.374773 0.175357
0 0.768750 0.214063 0.748437 0.214063 0.748437 0.301563 0.768750 0.301563
0 0.069012 0.887285 0.065590 0.808561 0.036094 0.809844 0.039517 0.888567
0 0.876563 0.060938 0.857812 0.060938 0.857812 0.143750 0.876563 0.143750
0 0.735938 0.462500 0.710938 0.462500 0.710938 0.564063 0.735938 0.564063
0 0.679688 0.464062 0.660937 0.464062 0.660937 0.565625 0.679688 0.565625
0 0.948438 0.206250 0.923438 0.206250 0.923438 0.292188 0.948438 0.292188
0 0.084549 0.790559 0.081182 0.701329 0.065462 0.701922 0.068829 0.791153
0 0.818750 0.718750 0.801562 0.718750 0.801562 0.820312 0.818750 0.820312
0 0.711616 0.816973 0.707598 0.716509 0.686382 0.717357 0.690400 0.817821
0 0.900000 0.845313 0.871875 0.845313 0.871875 0.935937 0.900000 0.935937
0 0.725000 0.837500 0.703125 0.837500 0.703125 0.926562 0.725000 0.926562
0 0.257563 0.796601 0.248694 0.703473 0.226352 0.705600 0.235221 0.798729
0 0.686530 0.156105 0.675804 0.073876 0.655297 0.076551 0.666023 0.158780
0 0.566790 0.438926 0.562399 0.351099 0.544241 0.352007 0.548632 0.439834
0 0.903188 0.200662 0.887749 0.199579 0.881194 0.292979 0.896634 0.294062
0 0.801562 0.718750 0.775000 0.718750 0.775000 0.821875 0.801562 0.821875
0 0.595313 0.306250 0.570312 0.306250 0.570312 0.440625 0.595313 0.440625
0 0.445312 0.095313 0.418750 0.095313 0.418750 0.171875 0.445312 0.171875
0 0.567155 0.810388 0.561352 0.711740 0.536347 0.713211 0.542150 0.811859
0 0.756351 0.152759 0.754431 0.070209 0.734093 0.070682 0.736013 0.153232
0 0.625843 0.811918 0.615518 0.713827 0.594371 0.716053 0.604696 0.814144
0 0.114063 0.120313 0.096875 0.120313 0.096875 0.190625 0.114063 0.190625
0 0.362416 0.793243 0.347846 0.705828 0.322508 0.710051 0.337078 0.797466
0 0.603125 0.467187 0.575000 0.467187 0.575000 0.564063 0.603125 0.564063
0 0.690625 0.218750 0.668750 0.218750 0.668750 0.303125 0.690625 0.303125
0 0.704688 0.837500 0.684375 0.837500 0.684375 0.925000 0.704688 0.925000
0 0.893750 0.060938 0.875000 0.060938 0.875000 0.142188 0.893750 0.142188
0 0.268004 0.823515 0.254474 0.812522 0.195831 0.884699 0.209360 0.895691
0 0.810937 0.334375 0.785937 0.334375 0.785937 0.434375 0.810937 0.434375
0 0.660938 0.835938 0.640625 0.835938 0.640625 0.921875 0.660938 0.921875
0 0.045726 0.565267 0.039057 0.470231 0.013661 0.472013 0.020330 0.567049
0 0.776563 0.068750 0.756250 0.068750 0.756250 0.150000 0.776563 0.150000
0 0.870313 0.207813 0.845313 0.207813 0.845313 0.295313 0.870313 0.295313
0 0.160938 0.703125 0.131250 0.703125 0.131250 0.790625 0.160938 0.790625
0 0.460938 0.356250 0.439063 0.356250 0.439063 0.440625 0.460938 0.440625
0 0.462500 0.092188 0.443750 0.092188 0.443750 0.170313 0.462500 0.170313
0 0.643750 0.157813 0.629503 0.077672 0.597090 0.083434 0.611337 0.163575
0 0.393302 0.904005 0.383308 0.819059 0.353482 0.822568 0.363476 0.907514
0 0.909375 0.720313 0.887500 0.720313 0.887500 0.825000 0.909375 0.825000
0 0.382775 0.314984 0.377963 0.233190 0.352317 0.234698 0.357128 0.316492
0 0.818897 0.587765 0.791792 0.586862 0.788154 0.696011 0.815259 0.696915
0 0.751563 0.717188 0.728125 0.717188 0.728125 0.817187 0.751563 0.817187
0 0.521907 0.089096 0.501310 0.088667 0.499678 0.167018 0.520275 0.167447
0 0.303125 0.090625 0.281250 0.090625 0.281250 0.176563 0.303125 0.176563
0 0.320312 0.104688 0.301563 0.104688 0.301563 0.176563 0.320312 0.176563
0 0.348438 0.092188 0.321875 0.092188 0.321875 0.178125 0.348438 0.178125
0 0.373437 0.101563 0.354687 0.101563 0.354687 0.176563 0.373437 0.176563
0 0.670313 0.715625 0.646875 0.715625 0.646875 0.814063 0.670313 0.814063
0 0.689063 0.714063 0.668750 0.714063 0.668750 0.814063 0.689063 0.814063
0 0.662500 0.582812 0.643750 0.582812 0.643750 0.696875 0.662500 0.696875
0 0.682813 0.584375 0.665625 0.584375 0.665625 0.695312 0.682813 0.695312
0 0.703125 0.584375 0.682813 0.584375 0.682813 0.698438 0.703125 0.698438
0 0.478888 0.169234 0.477753 0.091733 0.457876 0.092025 0.459011 0.169525
0 0.502976 0.079365 0.478836 0.079365 0.478836 0.168155 0.502976 0.168155
0 0.549301 0.075715 0.522935 0.075405 0.521871 0.165876 0.548236 0.166187
0 0.587083 0.163356 0.584240 0.083762 0.562398 0.084542 0.565241 0.164136
0 0.286101 0.179707 0.278598 0.104680 0.263570 0.106183 0.271072 0.181210
0 0.273049 0.181051 0.266586 0.104846 0.250275 0.106229 0.256738 0.182434
0 0.256656 0.181646 0.249813 0.106946 0.230104 0.108751 0.236947 0.183451
0 0.237987 0.182895 0.232316 0.109173 0.206627 0.111149 0.212298 0.184871
0 0.938694 0.328205 0.923706 0.327829 0.921107 0.431452 0.936096 0.431828
0 0.899172 0.330835 0.869082 0.329891 0.865883 0.431851 0.895973 0.432795
0 0.866402 0.331101 0.844907 0.331101 0.844907 0.433532 0.866402 0.433532
0 0.788031 0.435354 0.786308 0.343621 0.764732 0.344026 0.766455 0.435760
0 0.394581 0.441495 0.391418 0.340662 0.373578 0.341222 0.376742 0.442055
0 0.377148 0.442355 0.373594 0.347721 0.346906 0.348723 0.350460 0.443357
0 0.300296 0.441279 0.295174 0.359833 0.275930 0.361043 0.281052 0.442489
0 0.282386 0.443223 0.275858 0.359164 0.259965 0.360398 0.266494 0.444457
0 0.292451 0.318063 0.286496 0.229001 0.265595 0.230398 0.271550 0.319461
0 0.312528 0.317923 0.311793 0.228573 0.287648 0.228772 0.288384 0.318122
0 0.272574 0.318705 0.267054 0.239674 0.251258 0.240777 0.256778 0.319809
0 0.824735 0.061508 0.809854 0.061508 0.809854 0.147569 0.824735 0.147569
0 0.909405 0.057296 0.892548 0.057223 0.892185 0.141359 0.909042 0.141432
0 0.397108 0.564492 0.390140 0.460521 0.368609 0.461964 0.375577 0.565935
0 0.411766 0.563400 0.406563 0.466333 0.391264 0.467153 0.396467 0.564220
0 0.422279 0.564316 0.416709 0.466155 0.405635 0.466783 0.411205 0.564944
0 0.469197 0.564574 0.466397 0.460110 0.446892 0.460633 0.449692 0.565097
0 0.557911 0.565595 0.554787 0.460938 0.537155 0.461464 0.540279 0.566121
0 0.640551 0.566210 0.640195 0.458069 0.619695 0.458137 0.620051 0.566278
0 0.660420 0.565056 0.659363 0.463260 0.640498 0.463456 0.641555 0.565252
0 0.693966 0.565018 0.692083 0.459427 0.676552 0.459704 0.678435 0.565295
0 0.766254 0.459589 0.741917 0.459497 0.741519 0.565179 0.765856 0.565270
0 0.788360 0.457589 0.766534 0.457589 0.766534 0.564732 0.788360 0.564732
0 0.375687 0.564118 0.369861 0.464711 0.359141 0.465339 0.364968 0.564747
0 0.366942 0.564074 0.360533 0.462599 0.342497 0.463738 0.348906 0.565213
0 0.349813 0.563303 0.334570 0.461524 0.315265 0.464415 0.330509 0.566194
0 0.330620 0.564823 0.318802 0.464280 0.304604 0.465949 0.316422 0.566492
0 0.316269 0.563669 0.305377 0.465911 0.287073 0.467951 0.297965 0.565708
0 0.734528 0.591230 0.721992 0.590527 0.716207 0.693648 0.728744 0.694351
0 0.599755 0.585845 0.578110 0.585696 0.577377 0.692338 0.599022 0.692486
0 0.617725 0.583085 0.598876 0.583085 0.598876 0.695188 0.617725 0.695188
0 0.531587 0.692385 0.528297 0.598622 0.513373 0.599146 0.516663 0.692908
0 0.516873 0.589810 0.500999 0.589754 0.500646 0.690176 0.516520 0.690232
0 0.503348 0.690334 0.500235 0.588373 0.485542 0.588822 0.488655 0.690782
0 0.492405 0.687653 0.485503 0.587745 0.469280 0.588866 0.476182 0.688773
0 0.685214 0.585343 0.667778 0.584587 0.663031 0.693981 0.680467 0.694738
0 0.721763 0.587129 0.703246 0.586574 0.699977 0.695682 0.718494 0.696237
0 0.456130 0.691250 0.450673 0.580748 0.433690 0.581586 0.439147 0.692089
0 0.439198 0.690347 0.434542 0.581646 0.418246 0.582344 0.422902 0.691045
0 0.425732 0.689916 0.419482 0.581266 0.397054 0.582556 0.403303 0.691206
0 0.404001 0.688090 0.397565 0.581896 0.388819 0.582426 0.395255 0.688620
0 0.350127 0.687178 0.336762 0.580259 0.313451 0.583173 0.326816 0.690092
0 0.671661 0.813143 0.666137 0.713164 0.642468 0.714472 0.647992 0.814451
0 0.689818 0.813845 0.686319 0.716464 0.666492 0.717176 0.669991 0.814558
0 0.777925 0.717403 0.751836 0.716160 0.746918 0.819439 0.773007 0.820682
0 0.839616 0.718254 0.819775 0.718254 0.819775 0.821429 0.839616 0.821429
0 0.237427 0.705753 0.211611 0.703172 0.202826 0.791017 0.228643 0.793598
0 0.278663 0.798092 0.269116 0.702830 0.246154 0.705131 0.255701 0.800393
0 0.259365 0.796659 0.244093 0.702167 0.223185 0.705546 0.238456 0.800038
0 0.321971 0.794393 0.314183 0.705322 0.296978 0.706827 0.304765 0.795897
0 0.336246 0.795954 0.323070 0.707012 0.309911 0.708962 0.323087 0.797903
0 0.846303 0.842098 0.820854 0.841506 0.818682 0.934904 0.844131 0.935496
0 0.472254 0.910507 0.465668 0.825293 0.445029 0.826888 0.451616 0.912103
0 0.453405 0.909456 0.447677 0.823533 0.427396 0.824885 0.433125 0.910808
0 0.435142 0.907858 0.425256 0.822063 0.402016 0.824741 0.411902 0.910536
0 0.546129 0.915348 0.543451 0.831377 0.523683 0.832007 0.526362 0.915978
0 0.374766 0.175478 0.372560 0.098829 0.352873 0.099396 0.355079 0.176045
0 0.374697 0.902307 0.368364 0.819982 0.341480 0.822050 0.347813 0.904375
0 0.926588 0.198062 0.903101 0.196442 0.896507 0.292054 0.919994 0.293674
0 0.682813 0.835938 0.660938 0.835938 0.660938 0.923438 0.682813 0.923438
0 0.585057 0.807646 0.577933 0.711473 0.559170 0.712862 0.566294 0.809036
0 0.310135 0.560811 0.293961 0.463767 0.254434 0.470355 0.270608 0.567399
0 0.250758 0.441955 0.242373 0.358106 0.224737 0.359870 0.233122 0.443719
0 0.042226 0.448354 0.040122 0.368393 0.022947 0.368845 0.025051 0.448806
0 0.590748 0.309047 0.588955 0.222951 0.562078 0.223511 0.563872 0.309607
0 0.139947 0.893610 0.135294 0.812180 0.116338 0.813263 0.120991 0.894693
