0 0.9973314465779344 0.2738407640622166 0.05036445229242568 0.14711755337362703 0.042821372302271496 0.2034848735126728 0.9897883665877802 0.33020808420126235
0 0.9442771020617433 0.31840483898538346 0.043425367173459864 0.2028852574605798 0.03612185599635094 0.25983993672646577 0.9369735908846344 0.3753595182512694
0 0.9373472580060547 0.3754787358529913 0.05343747922753898 0.2619856276811286 0.04428710317954575 0.3332508084361935 0.9281968819580614 0.44674391660805624
0 0.9921215127794939 0.4541641216164457 0.43520870959436075 0.3857838283561913 0.42902003211675244 0.43618656221031593 0.9859328353018857 0.5045668554705702
0 0.876163911098643 0.48521825603808677 0.4300304361917264 0.42816928320567166 0.42797233854999633 0.44426398582722443 0.8741058134569129 0.5013129586596395
0 0.8616946909951004 0.49718350121039456 0.4323191703644221 0.4444628154441396 0.4280347011691933 0.4793570161661071 0.8574102217998716 0.5320777019323619
0 0.8318085679372397 0.5309464290547332 0.42816130277042747 0.47863489347859434 0.4238128444475612 0.5121885502463659 0.8274601096143733 0.5645000858225047
0 0.8362777011638608 0.564972609707353 0.31802565818879647 0.49800492226232684 0.31420868060586926 0.5275438910667358 0.8324607235809335 0.5945115785117621
0 0.8512359139756563 0.8262230035254238 0.8296621600556939 0.5787271169886691 0.6970358261506588 0.5902879066689012 0.7186095800706213 0.8377837932056558
0 0.7435123182258486 0.5810621619749646 0.3183880413003379 0.5288634623812496 0.3129134416324787 0.5734504969888229 0.7380377185579894 0.6256491965825379
0 0.07258499959388795 0.5709750970941336 0.041729117509258895 0.5520569665518793 0.006432151315595958 0.6096270855646544 0.03728803340022502 0.6285452161069088
0 0.7309479214270433 0.6651223203084469 0.04711807907230019 0.612635099696213 0.04168294351890524 0.6834467724291456 0.7255127858736484 0.7359339930413794
0 0.7727715854896455 0.7990856114830451 0.023967543570622495 0.7112921813976261 0.019906441478765226 0.7459299630410794 0.7687104833977882 0.8337233931264985
0 0.759243421996087 0.7277739998655308 0.029296378990302973 0.6577026896099698 0.022504135537593395 0.7284588665045968 0.7524511785433774 0.7985301767601578
0 0.7204074635670328 0.031178891307276302 0.33474016773168735 -0.016175096860963772 0.330931750860025 0.014841970404614819 0.7165990466953704 0.06219595857285489