0 0.792359925 7.83325095440291e-17 0.12269613593749999 3.7327428755015154e-17 0.12269613593749999 0.06219699531250006 0.792359925 0.06219699531250009
0 0.7194701326895997 0.03103997285436878 0.13607644324318602 0.02083265893950186 0.13455994109877306 0.10750754603138266 0.7179536305451867 0.1177148599462496
0 0.7769676704839934 0.34613305764404256 0.663346953500181 0.05675885989160969 0.5748017539809445 0.09152550160669945 0.6884224709647568 0.3808996993591323
0 0.6159882498044414 0.09118864465411565 0.6149722761064043 0.04898604849895909 0.1328659807549317 0.06059214291870696 0.13388195445296885 0.10279473907386352
0 0.6084248912483033 0.14048506296432772 0.6071659818234767 0.08930500983411638 0.13488450334257882 0.10092202795088208 0.13614341276740555 0.1521020810810934
0 0.6099362037600992 0.16238800428143332 0.6093727446985263 0.1384412516163092 0.13998799220020475 0.14948571747177802 0.14055145126177765 0.17343247013690216
0 0.6381196830021707 0.21204536368551138 0.6371922390443296 0.16060207355428674 0.14370444554276002 0.16949890482584473 0.144631889500601 0.2209421949570694
0 0.6080617928767846 0.22918280934789798 0.6077178421258329 0.21037585425208985 0.14373300935202749 0.21886143476471293 0.14407696010297924 0.23766838986052105
0 0.6735569716553179 0.23715898001955932 0.6731830973893842 0.2210125308173251 0.14704183250801478 0.23319543720876404 0.1474157067739485 0.24934188641099825
0 0.6765596733648873 0.24213452149598202 0.6763636172387072 0.22837473212434492 0.14459398129000386 0.23595164278979866 0.14479003741618407 0.24971143216143576
0 0.6746550883789862 0.25550380107518694 0.6742459055169971 0.2367032842974373 0.1347791014671745 0.24844448127828297 0.1351882843291637 0.2672449980560326
0 0.6731564879901863 0.27882895438333694 0.6727579339585208 0.25345851200409664 0.5524024808277231 0.25534922208164207 0.5528010348593887 0.28071966446088237
0 0.23058886163005377 0.2872458155068168 0.23028220270151864 0.28139445043826605 0.16005728883450193 0.2850748047813366 0.16036394776303708 0.2909261698498874
0 0.6370791737073094 0.2831395495835398 0.6369104434067732 0.27391349641645457 0.23825534394998932 0.2812042840938585 0.23842407425052556 0.2904303372609437
0 0.6597298604058573 0.3003903962498577 0.1409704229797422 0.2967889769341691 0.14066864329020873 0.34025824508826563 0.6594280807163239 0.3438596644039542
0 0.570369928195501 0.3530158748026332 0.5701286465905028 0.32386323943692386 0.14421591997476696 0.3273883034655385 0.1444572015797651 0.3565409388312478
0 0.5610412665004871 0.37679955832155476 0.5607176098782767 0.3494801629695569 0.1457065839100311 0.3543968554920068 0.14603024053224167 0.38171625084400457
0 0.7918731243816741 0.7899886853868675 0.6357983493447892 0.3365714595939104 0.5665258785231954 0.36041635274022055 0.7226006535600803 0.8138335785331776
0 0.5564107238243217 0.39392866083651634 0.5563593704529065 0.37508003651619226 0.1443888977929712 0.3762024565047847 0.1444402511643864 0.39505108082510876
0 0.5003474645392498 0.4124374825708458 0.500050050144057 0.3873331730534238 0.1423659168337793 0.39157070884801304 0.14266333122897207 0.41667501836543497
0 0.5013165625013685 0.43220060205111654 0.500979638672073 0.4095627686636173 0.14350299764021363 0.4148831717569014 0.14383992146950902 0.4375210051444006
0 0.6146419148556552 0.4556373555031537 0.6141503606631115 0.4275428269636821 0.12645971767505218 0.43607567633640987 0.12695127186759586 0.46417020487588145
0 0.5559681632874989 0.4775780639404917 0.555546788907033 0.45385803000353686 0.14600499969590314 0.4611333323139119 0.14642637407636896 0.4848533662508667
0 0.5566745685823425 0.4904189309879691 0.5563565538219184 0.4737211626231003 0.14957430180729953 0.48146847098146894 0.14989231656772373 0.49816623934633775
0 0.586074695195625 0.5013564322977919 0.5852569453931623 0.4857528464318266 0.5228347971558786 0.4890242546727799 0.5236525469583413 0.5046278405387452
0 0.5715441548125803 0.5279653933263917 0.5709205010694927 0.5000942847087141 0.15367370359395102 0.5094307460101446 0.1542973573370386 0.5373018546278222
0 0.5834904965889518 0.5545713513667109 0.5828611702921436 0.5259280717110201 0.15501600035679192 0.5353283296297818 0.15564532665360017 0.5639716092854726
0 0.6103899748674283 0.5692636200270199 0.6099851083005016 0.5515440538306318 0.15642755981057505 0.5619071905759463 0.15683242637750178 0.5796267567723344
0 0.5569042736831511 0.5954017604143977 0.5564456452619323 0.5683403187667431 0.16236405286499442 0.5750190841076883 0.16282268128621316 0.6020805257553431
0 0.5795154528176705 0.6295128655895794 0.5787594867035418 0.5937310248174129 0.15379720604771935 0.6027092404996127 0.15455317216184805 0.6384910812717792
0 0.5733770291594513 0.6591108041627495 0.5726128326806768 0.6273667931005016 0.15518731074955586 0.6374157788252373 0.15595150722833034 0.669159789887485
0 0.5141508637568111 0.6748382182816142 0.5137119003230995 0.6582816834730083 0.15933994989758504 0.6676771475582214 0.15977891333129657 0.6842336823668271
0 0.5072560464816985 0.6913130656000899 0.5066311226588502 0.6718486310070181 0.16016668859216612 0.6829721947346262 0.16079161241501433 0.702436629327698
0 0.5842119158189951 0.7146368409491608 0.5811453558238487 0.6561233918140907 0.1597958573004039 0.6782053838218489 0.1628624172955503 0.736718832956919
0 0.6024919496876481 0.7686383304578384 0.6012511061226231 0.7277089151359859 0.1451393377563365 0.7415367049604673 0.14638018132136152 0.7824661202823198
0 0.6066425518244087 0.7951390223294994 0.6055234860313539 0.7624487103387139 0.1599227438594774 0.7777026653350735 0.16104180965253226 0.810392977325859
0 0.6353064262948235 0.848775005011064 0.6332818056675006 0.7923715373962852 0.16422742371365878 0.8092083954335584 0.16625204434098173 0.8656118630483369
0 0.683575726565048 0.8705288465093787 0.6829600354933185 0.848681514800344 0.16199567592522082 0.8633630836595131 0.16261136699695022 0.8852104153685477
0 0.6814534465608879 0.8789859935559432 0.6810500117831033 0.866272911365539 0.1627645980529226 0.8827200921188444 0.16316803283070716 0.8954331743092487
0 0.6845998464065788 0.8898586302700263 0.6841756780298243 0.8757915297248282 0.16585472693004635 0.8914205753664259 0.16627889530680087 0.905487675911624
0 0.6880867721587115 0.9069964425624232 0.6873828983474429 0.8860646893905659 0.16382855151364267 0.9036702951172562 0.16453242532491122 0.9246020482891133
0 0.6759086595176301 0.9225113665345269 0.6753289766237786 0.9048442293760306 0.16235081637200488 0.9216757432624995 0.1629304992658564 0.9393428804209958