0 0.302532 0.855550 0.275995 0.849963 0.244894 0.997691 0.271432 1.003278
0 0.917622 0.018973 0.853070 0.003883 0.775644 0.335094 0.840196 0.350184
0 0.657401 0.775736 0.627157 0.767534 0.570675 0.975813 0.600919 0.984015
0 0.175815 0.811299 0.108645 0.590981 0.097260 0.594452 0.164431 0.814770
0 0.498775 0.811865 0.461989 0.802012 0.409689 0.997266 0.446475 1.007119
0 0.504687 0.189063 0.479687 0.189063 0.479687 0.421875 0.504687 0.421875
0 0.792157 0.442730 0.765541 0.438237 0.724700 0.680144 0.751315 0.684638
0 0.938440 0.069510 0.905788 0.061187 0.837649 0.328500 0.870301 0.336823
0 0.764573 0.091035 0.731115 0.085752 0.686774 0.366579 0.720232 0.371862
0 0.183992 0.499290 0.119953 0.223921 0.063624 0.237021 0.127663 0.512389
0 0.814106 0.440275 0.791443 0.435817 0.743294 0.680571 0.765957 0.685030
0 0.966776 0.162094 0.926095 0.148829 0.871842 0.315207 0.912523 0.328472
0 0.797613 0.081969 0.761087 0.075173 0.708003 0.360501 0.744529 0.367296
0 0.766476 0.749078 0.738830 0.741743 0.686104 0.940478 0.713750 0.947813
0 1.005882 0.392096 0.966912 0.382353 0.901471 0.644118 0.940441 0.653860
0 0.351820 0.774869 0.349964 0.528090 0.304467 0.528432 0.306322 0.775211
0 0.331929 0.463765 0.301027 0.192920 0.270645 0.196386 0.301547 0.467231
0 0.626395 0.781628 0.593490 0.772716 0.536109 0.984584 0.569014 0.993496
0 0.644862 0.118357 0.593184 0.114195 0.570808 0.392028 0.622486 0.396190
0 0.136094 0.823906 0.062344 0.602656 0.040781 0.609844 0.114531 0.831094
0 0.229698 0.487404 0.161236 0.176216 0.111488 0.187160 0.179949 0.498349
0 0.218629 0.806499 0.148364 0.562243 0.101315 0.575777 0.171581 0.820033
0 0.469460 0.529987 0.435215 0.528514 0.426180 0.738576 0.460425 0.740049
0 0.966250 0.702813 0.917969 0.686719 0.844375 0.907500 0.892656 0.923594
0 0.666721 0.448752 0.623376 0.445518 0.603588 0.710669 0.646933 0.713904
0 0.401981 0.448154 0.386923 0.177115 0.346250 0.179375 0.361308 0.450413
0 0.129022 0.511531 0.061373 0.227783 0.008638 0.240356 0.076287 0.524103
0 0.931528 0.431247 0.903701 0.425189 0.852715 0.659349 0.880541 0.665408
0 0.523169 0.497106 0.504563 0.496134 0.491976 0.737081 0.510582 0.738053
0 0.204633 0.877764 0.169581 0.872334 0.150080 0.998208 0.185132 1.003638
0 0.305525 0.468820 0.250883 0.209271 0.181034 0.223976 0.235676 0.483525
0 1.026094 0.467031 0.987656 0.454219 0.928594 0.631406 0.967031 0.644219
0 0.403414 0.831757 0.375094 0.824009 0.328405 0.994667 0.356724 1.002415
0 0.671159 0.090919 0.642612 0.088805 0.620617 0.385729 0.649164 0.387843
0 0.976011 0.399081 0.940717 0.390257 0.874816 0.653860 0.910110 0.662684
0 1.021372 0.395251 0.970566 0.380921 0.900172 0.630497 0.950978 0.644827
0 1.039062 0.553125 0.989062 0.553125 0.989062 0.618750 1.039062 0.618750
0 0.706798 0.764950 0.664723 0.752618 0.601658 0.967781 0.643733 0.980114
0 0.746358 0.757103 0.707752 0.746575 0.649916 0.958642 0.688522 0.969171
0 0.245773 0.868819 0.205506 0.862752 0.185114 0.998078 0.225381 1.004146
0 0.382510 0.836203 0.348176 0.828975 0.312633 0.997808 0.346966 1.005036
0 0.102656 0.831406 0.030000 0.613437 0.011250 0.619687 0.083906 0.837656
0 0.421717 0.486053 0.355492 0.480604 0.331671 0.770130 0.397895 0.775578
0 0.906172 0.716552 0.886275 0.710497 0.823905 0.915428 0.843801 0.921483
0 0.436540 0.529801 0.403642 0.529094 0.398997 0.745089 0.431895 0.745797
0 0.877084 0.424783 0.832803 0.413547 0.767637 0.670380 0.811918 0.681615
0 0.086622 0.835779 0.048438 0.670312 0.027440 0.675158 0.065625 0.840625
0 0.594171 0.095479 0.556285 0.094836 0.551061 0.403037 0.588947 0.403679
0 0.170305 0.814114 0.097318 0.591676 0.062008 0.603262 0.134995 0.825700
0 0.282333 0.787303 0.226769 0.561680 0.197514 0.568884 0.253078 0.794508
0 0.256543 0.796283 0.195408 0.560173 0.151059 0.571656 0.212195 0.807766
0 0.768770 0.083440 0.740011 0.079606 0.701774 0.366382 0.730534 0.370217
0 1.017284 0.768186 0.994040 0.759246 0.947366 0.880598 0.970611 0.889538
0 0.424567 0.827584 0.397679 0.821130 0.355186 0.998182 0.382075 1.004635
0 0.424530 0.442777 0.413264 0.194923 0.387252 0.196105 0.398518 0.443959
0 0.592939 0.790190 0.557239 0.779805 0.498270 0.982508 0.533971 0.992894
0 0.964626 0.223366 0.928204 0.220765 0.921804 0.310374 0.958225 0.312976
0 0.118534 0.826573 0.042684 0.608053 0.024902 0.614226 0.100751 0.832745
0 0.167924 0.887819 0.107416 0.879415 0.091206 0.996131 0.151714 1.004535
0 0.777910 0.084177 0.748062 0.079464 0.702922 0.365346 0.732770 0.370059
0 0.009375 0.489063 0.000000 0.489063 0.000000 0.539062 0.009375 0.539062
0 0.942555 0.129779 0.919393 0.123989 0.869577 0.323254 0.892739 0.329044
0 0.998437 0.846875 0.981250 0.846875 0.981250 0.873437 0.998437 0.873437
0 0.596029 0.483695 0.557221 0.479680 0.531969 0.723781 0.570778 0.727796
0 0.624147 0.456722 0.589481 0.454372 0.571496 0.719651 0.606162 0.722001
0 0.367243 0.458529 0.346397 0.187537 0.300634 0.191057 0.321480 0.462050
0 0.878906 0.732031 0.837187 0.718125 0.769688 0.920625 0.811406 0.934531
0 0.835484 0.734369 0.786678 0.725856 0.751681 0.926510 0.800487 0.935023
0 0.505541 0.518871 0.470550 0.517121 0.460014 0.727844 0.495005 0.729594
0 0.849090 0.065708 0.825787 0.060153 0.757444 0.346860 0.780747 0.352415
0 0.550449 0.488572 0.521827 0.486663 0.505448 0.732342 0.534071 0.734251
0 0.305840 0.470627 0.275159 0.202169 0.237834 0.206435 0.268515 0.474893
0 0.554184 0.798057 0.506655 0.784625 0.446624 0.997042 0.494153 1.010474
0 0.077177 0.524017 0.012210 0.242495 -0.053178 0.257584 0.011789 0.539106
0 0.793053 0.743702 0.767404 0.736707 0.711911 0.940180 0.737560 0.947175
0 0.829458 0.736181 0.796488 0.726290 0.734303 0.933572 0.767274 0.943463
0 0.480204 0.435482 0.477701 0.157605 0.412335 0.158194 0.414838 0.436071
0 0.767362 0.444676 0.740073 0.440378 0.702429 0.679418 0.729718 0.683715
0 0.545312 0.173438 0.496875 0.173438 0.496875 0.417187 0.545312 0.417187
0 0.276563 0.862500 0.246927 0.857208 0.221858 0.997597 0.251493 1.002889
0 0.820103 0.073980 0.787580 0.067929 0.733882 0.356558 0.766404 0.362609
0 0.738176 0.448903 0.707577 0.445156 0.677478 0.690960 0.708078 0.694707
0 0.735645 0.069698 0.691451 0.062667 0.641684 0.375488 0.685878 0.382519
0 0.334770 0.512629 0.227465 0.509896 0.220402 0.787114 0.327707 0.789848
0 0.583255 0.403024 0.553870 0.170203 0.504594 0.176423 0.533979 0.409243
0 0.348879 0.846452 0.302886 0.836232 0.267004 0.997702 0.312996 1.007923
0 0.998437 0.539063 0.973437 0.539063 0.973437 0.626563 0.998437 0.626563
0 0.913694 0.415495 0.871827 0.405297 0.811323 0.653680 0.853190 0.663878
0 0.886321 0.721315 0.862795 0.714593 0.804422 0.918897 0.827948 0.925619
0 0.459848 0.821272 0.427172 0.812558 0.377950 0.997141 0.410626 1.005855
0 0.705581 0.435732 0.666972 0.432413 0.644237 0.696935 0.682845 0.700253
0 1.019137 0.697138 0.968300 0.680852 0.901554 0.889202 0.952390 0.905488
