0 0.399137 0.497697 0.370529 0.496577 0.360148 0.761721 0.388756 0.762841
0 0.932076 0.305930 0.863696 -0.004055 0.774625 0.015593 0.843004 0.325578
0 0.699414 0.340787 0.663749 0.097073 0.606962 0.105384 0.642627 0.349097
0 0.449135 0.824111 0.399712 0.817933 0.377163 0.998317 0.426587 1.004495
0 0.168750 0.998437 0.153106 0.859202 0.141264 0.860532 0.156909 0.999768
0 0.625982 0.498890 0.589243 0.494845 0.563925 0.724813 0.600665 0.728858
0 0.828665 0.779305 0.802000 0.773284 0.758164 0.967418 0.784828 0.973439
0 1.010938 0.518750 0.988143 0.513051 0.943658 0.690993 0.966452 0.696691
0 1.013462 0.817067 0.984014 0.811178 0.957151 0.945493 0.986599 0.951382
0 0.177482 0.406801 0.100276 0.097978 -0.015533 0.126930 0.061673 0.435754
0 0.682165 0.795175 0.648496 0.789678 0.616057 0.988368 0.649726 0.993865
0 0.999779 0.405198 0.912813 0.386563 0.847279 0.692386 0.934245 0.711021
0 0.373134 0.506601 0.339465 0.505491 0.330794 0.768529 0.364462 0.769639
0 0.389063 0.831250 0.346875 0.831250 0.346875 0.998437 0.389063 0.998437
0 0.738083 0.336038 0.708320 0.139601 0.668283 0.145667 0.698046 0.342105
0 0.080107 0.820960 0.053773 0.583956 0.008155 0.589024 0.034489 0.826029
0 0.339063 0.512500 0.290625 0.512500 0.290625 0.773438 0.339063 0.773438
0 0.159563 0.998415 0.142541 0.858836 0.105478 0.863356 0.122500 1.002934
0 0.104424 0.429223 0.087998 0.217740 0.053724 0.220403 0.070149 0.431885
0 0.652829 0.501774 0.624704 0.497086 0.586867 0.724113 0.614992 0.728801
0 0.492747 0.497177 0.444919 0.491078 0.411674 0.751793 0.459501 0.757892
0 0.480672 0.372718 0.439605 0.130052 0.393965 0.137776 0.435031 0.380442
0 0.720463 0.465210 0.681388 0.461167 0.654024 0.725686 0.693099 0.729728
0 0.143632 0.422190 0.109181 0.209744 0.086056 0.213494 0.120507 0.425940
0 0.073029 0.998293 0.056947 0.869639 0.041947 0.871514 0.058029 1.000168
0 0.918108 0.839586 0.886377 0.829823 0.847120 0.957407 0.878851 0.967171
0 0.253792 0.405628 0.209460 0.135206 0.168177 0.141974 0.212509 0.412396
0 0.142525 0.420777 0.106757 0.206166 0.051267 0.215414 0.087035 0.430025
0 0.939799 0.772429 0.883797 0.754327 0.819866 0.952113 0.875868 0.970214
0 0.601520 0.807163 0.562745 0.801461 0.534472 0.993718 0.573247 0.999421
0 0.102367 0.429920 0.070266 0.108911 -0.004920 0.116429 0.027181 0.437438
0 0.998437 0.656250 0.992188 0.656250 0.992188 0.682813 0.998437 0.682813
0 0.556693 0.813029 0.518922 0.807433 0.490625 0.998437 0.528396 1.004033
0 1.006540 0.788374 0.977067 0.778996 0.923590 0.947066 0.953063 0.956443
0 0.799505 0.780174 0.768843 0.774496 0.731801 0.974523 0.762463 0.980201
0 0.214062 0.998437 0.199428 0.852088 0.151779 0.856853 0.166414 1.003202
0 0.338301 0.393512 0.289581 0.122844 0.243027 0.131224 0.291747 0.401892
0 0.292631 0.400241 0.244444 0.131767 0.204504 0.138935 0.252692 0.407409
0 0.442936 0.498688 0.400465 0.495938 0.383377 0.759861 0.425847 0.762611
0 0.213232 0.412938 0.169453 0.147834 0.122594 0.155572 0.166373 0.420676
0 0.979688 0.043750 -0.032813 0.043750 -0.032812 0.421875 0.979688 0.421875
0 0.521955 0.367175 0.475435 0.072546 0.430904 0.079578 0.477424 0.374206
0 0.291399 0.785808 0.274466 0.481019 0.222197 0.483923 0.239130 0.788712
0 0.103094 0.998219 0.084187 0.865875 0.068437 0.868125 0.087344 1.000469
0 0.882422 0.453917 0.853969 0.445674 0.778109 0.707516 0.806562 0.715759
0 0.851930 0.454779 0.820313 0.446875 0.755055 0.707904 0.786673 0.715809
0 0.089105 0.998197 0.069529 0.867696 0.052720 0.870217 0.072295 1.000718
0 0.646193 0.348166 0.598957 0.058844 0.544291 0.067769 0.591528 0.357091
0 0.170524 0.418454 0.136824 0.216258 0.107686 0.221115 0.141385 0.423311
0 0.586323 0.358248 0.544498 0.084994 0.502778 0.091380 0.544603 0.364634
0 0.241488 0.785152 0.227085 0.511486 0.170908 0.514442 0.185312 0.788109
0 0.980292 0.765012 0.937178 0.753035 0.882020 0.951603 0.925134 0.963579
0 0.484281 0.822531 0.451250 0.817812 0.425531 0.997844 0.458563 1.002563
0 0.515773 0.819648 0.481390 0.814822 0.455692 0.997921 0.490075 1.002746
0 0.187691 0.792824 0.170542 0.511571 0.119778 0.514667 0.136927 0.795919
0 0.139180 0.799001 0.118599 0.517732 0.049344 0.522800 0.069924 0.804068
0 0.124964 0.998203 0.104335 0.864117 0.081557 0.867621 0.102186 1.001707
0 0.796990 0.326996 0.757562 0.072026 0.691456 0.082249 0.730884 0.337218
0 0.591766 0.507824 0.567213 0.504991 0.541264 0.729881 0.565817 0.732714
0 0.578969 0.808237 0.559983 0.804887 0.525944 0.997777 0.544930 1.001127
0 0.933525 0.443895 0.911298 0.436867 0.827302 0.702531 0.849528 0.709559
0 0.760749 0.447945 0.734721 0.443352 0.685864 0.720208 0.711892 0.724801
0 0.684546 0.445248 0.644448 0.441027 0.613857 0.731640 0.653955 0.735860
0 0.619243 0.801929 0.600369 0.798559 0.565710 0.992649 0.584584 0.996019
0 0.505089 0.510674 0.479036 0.508562 0.459500 0.749503 0.485553 0.751616
0 0.433509 0.382209 0.397555 0.090795 0.326338 0.099581 0.362292 0.390996
0 1.019689 0.446646 0.992305 0.438127 0.914191 0.689207 0.941575 0.697726
0 0.856137 0.777728 0.830677 0.771239 0.781142 0.965567 0.806602 0.972057
0 0.286578 0.998244 0.272970 0.843106 0.243591 0.845683 0.257199 1.000821
0 0.062474 0.433836 0.007188 0.115937 -0.046224 0.125226 0.009063 0.443125
0 0.168750 0.998437 0.153106 0.859202 0.141264 0.860532 0.156909 0.999768
0 0.564741 0.487166 0.505388 0.482220 0.483578 0.743944 0.542931 0.748890
0 0.764977 0.785518 0.703068 0.778639 0.681174 0.975686 0.743083 0.982565
0 0.546374 0.364932 0.509283 0.116201 0.482105 0.120254 0.519196 0.368985
0 0.258644 0.998348 0.242353 0.847074 0.196823 0.851977 0.213115 1.003251
0 0.832046 0.322018 0.797328 0.111395 0.762525 0.117132 0.797243 0.327755
0 0.839890 0.438879 0.785110 0.425184 0.712684 0.714890 0.767463 0.728585
0 0.649014 0.800378 0.616301 0.794605 0.581570 0.991417 0.614283 0.997190
0 0.375422 0.388471 0.332264 0.129519 0.288682 0.136782 0.331841 0.395735
0 0.348438 0.835938 0.273438 0.835938 0.273438 0.998437 0.348438 0.998437
0 1.009585 0.559051 0.975286 0.555240 0.960709 0.686433 0.995008 0.690244
0 0.908944 0.448666 0.885338 0.441402 0.804459 0.704257 0.828066 0.711520
0 0.877746 0.774629 0.855993 0.768955 0.805467 0.962636 0.827221 0.968310
