0 0.8455848641256896 0.2352513614397675 0.8441745638201986 0.16871534790185722 0.4938918794438476 0.17613995527636855 0.49530217974933854 0.24267596881427886
0 0.8495632314002085 0.3000223449145646 0.8491335894461278 0.2348731061968853 0.48996109107880087 0.2372417535838387 0.4903907330328817 0.302390992301518
0 0.8407310044542061 0.30212327936706473 0.491157170486907 0.29762101635987404 0.4905839421573108 0.3421287727027554 0.8401577761246098 0.3466310357099461
0 0.8378407161766219 0.34608470396239255 0.48315007133348375 0.3392882922239656 0.4819971915767626 0.3994546976855434 0.8366878364199009 0.40625110942397036
0 0.8221839359401736 0.40555585010717954 0.48420188591722396 0.370032496544418 0.47413013044587354 0.4658588254275478 0.8121121804688232 0.5013821789903095
0 0.7969205895074782 0.48920704237199264 0.4742868434411324 0.46348146261042783 0.4701835044111732 0.514942912843473 0.792817250477519 0.5406684926050379
0 0.7599796324883712 0.5299167191487218 0.4702553247700386 0.5021564261668234 0.4665365757513354 0.5409676874789635 0.7562608834696679 0.568727980460862
0 0.7308142468750001 0.5648464765625001 0.46539696454119184 0.5320317148261655 0.4588454567286918 0.5850226038886654 0.7242627390625 0.617837365625
0 0.7707263686328841 0.6148653558017859 0.4579958514172334 0.581996049498143 0.4509184024352078 0.6493334694080659 0.7636489196508585 0.6822027757117087
0 0.7880191883120136 0.6720773778779998 0.4552071951911425 0.6287674519015313 0.44545211886507713 0.7037296302457756 0.778264111985948 0.747039556222244
0 0.7815084168610885 0.7479540078867318 0.4523566750927565 0.6788547282623028 0.4414661944479542 0.7307311109455124 0.7706179362162862 0.7998303905699414
0 0.6859655910822969 0.7806358916210853 0.5017612091927331 0.7365090275208799 0.4935272516013904 0.7708810840797575 0.6777316334909542 0.8150079481799629
0 0.6945252701893068 0.819417670145793 0.445629494130843 0.7769116495430762 0.43901791679892205 0.8156260163001903 0.6879136928573859 0.8581320369029071
0 0.683608907419651 0.8575408519419643 0.4552862422085141 0.8081264347547193 0.45178820606199127 0.8242893479578154 0.6801108712731281 0.8737037651450603
0 0.4669978660649757 0.18080238900719967 0.12434213065587459 0.1547511070299925 0.11416269106329373 0.2886425355861796 0.4568184264723948 0.31469381756338677
0 0.45713229969650443 0.29125055491094726 0.1220638886312422 0.2560334441267568 0.11226434478690302 0.34926987130581827 0.44733275585216525 0.38448698209000864
0 0.4528508651442558 0.3693558911676827 0.12263851610850011 0.33464917599359734 0.11501664914418756 0.40716639871834925 0.4452289981799432 0.4418731138924346
0 0.4433901972549263 0.43469960245431316 0.11244334927655109 0.4097266173888269 0.1072485651513169 0.4785689054719745 0.4381954131296921 0.5035418905374609
0 0.43815155055237875 0.5092105335823399 0.1127952662063029 0.47501421015457457 0.10735107546580211 0.5268122250593714 0.43270735981187797 0.5610085484871369
0 0.3784603775424445 0.5555544509580115 0.10677638854265077 0.523725156549124 0.10217459532500003 0.5630044921782058 0.37385858432479374 0.5948337865870934
0 0.39475673781477044 0.5852272972812895 0.10244965256590362 0.5630448333377747 0.09937942027364996 0.6035024964121232 0.3916865055225168 0.625684960355638
0 0.4292713825083176 0.6098925524903817 0.10244997495238087 0.5949409741649957 0.09952947607090934 0.658779154618993 0.42635088362684603 0.6737307329443789
0 0.3484520781250002 0.6712952171875001 0.1059026125000001 0.6340189406250001 0.10233860408755273 0.6572092486610702 0.3448880697125528 0.6944855252235702
0 0.39569444669212206 0.6690226309278272 0.09854796928807931 0.6571317772677849 0.09650225946445404 0.7082530411618809 0.3936487368684968 0.7201438948219232
0 0.3486260339393512 0.7227761039251998 0.10182949333020186 0.6814766647137527 0.09644524098209513 0.7136517953850456 0.3432417815912444 0.7549512345964928
0 0.34557836323195845 0.753845074306778 0.09917135051688006 0.7087331111205365 0.09359839169202404 0.7391732879389932 0.3400054044071024 0.7842852511252347
0 0.345163996051681 0.7827036013681988 0.09663081659706943 0.7349452073711682 0.09004601881419583 0.76921228781665 0.33857919826880745 0.8169706818136806