0 0.7165313810113177 0.1815503410246329 0.09250074911565963 0.13914400273261512 0.08771733515824535 0.20953434895653364 0.7117479670539035 0.2519406872485514
0 0.7794547719540016 0.21249661947982937 0.719840994611205 0.2040799919619321 0.7133955176270621 0.24973239002561817 0.7730092949698586 0.2581490175435154
0 0.7933083202637248 0.14855219432232158 0.12200182181223437 0.10467601626160665 0.11798232306188579 0.16617443638135337 0.7892888215133761 0.21005061444206827
0 1.005556867491476 0.27791894856407184 0.08066739236840113 0.2016397477268878 0.07194572138918628 0.3073904845677221 0.9968351965122613 0.3836696854049061
0 0.9192604349553818 0.3476777114300135 0.0904921858130251 0.26057067205214757 0.08273421512963261 0.3343828441348403 0.9115024642719893 0.4214898835127062
0 0.9063115310030767 0.4208897833805638 0.07730619649136994 0.3358116041364848 0.06953434845559091 0.4115408162320004 0.8985396829672976 0.49661899547607946
0 0.8336288110304567 0.4939326607550207 0.0719241496120763 0.40190462985871783 0.06723123556838909 0.440747300596074 0.8289358969867695 0.5327753314923769
0 0.8578635982505869 0.5340865120743639 0.0721870604222802 0.43531757913547375 0.06661152358016299 0.47966926293223144 0.8522880614084697 0.5784381958711216
0 0.7700193853221505 0.5817882177860138 0.09922677641238031 0.485751829857832 0.09435845549775913 0.519755958478026 0.7651510644075293 0.6157923464062078
0 0.8614370386187735 0.5988689477357371 0.04302839480814082 0.512850732356003 0.03506626566180397 0.5886053302366037 0.8534749094724366 0.6746235456163377
0 0.8491833662311636 0.6744465376349109 0.04945053940048274 0.5444738565246113 0.04565641622701068 0.5678194151831236 0.8453892430576916 0.6977920962934232
0 0.7569594059866546 0.7022486064515397 0.5057244736067 0.6596683026967405 0.5034444459831808 0.6731210621960122 0.7546793783631355 0.7157013659508114
0 0.8497221263988844 0.6948521126356728 0.03577872890124648 0.5628440390745348 0.031414474581174065 0.5897534234250178 0.8453578720788121 0.7217614969861558
0 0.654656096884674 0.7152391645045342 0.08645784689755298 0.6287376288899738 0.0787899670561592 0.6791052423206203 0.6469882170432801 0.7656067779351806
0 0.7537054517504223 0.7269816199037804 0.0829211525041944 0.6564793491325503 0.0725091375194336 0.7555430544415156 0.7432934367656614 0.8260453252127457
0 0.8032657002336456 0.8369878021713891 0.06642431236525437 0.7174995365300926 0.06303368228419108 0.738408339258714 0.7998750701525823 0.8578966049000105
0 0.10024556080902029 0.7407833194448359 0.049742494848521925 0.7354752319916862 0.048109237144357296 0.7510146371525742 0.09861230310485566 0.7563227246057239
0 0.8038713549704954 0.8548447400539375 0.14544562888445195 0.7490029333592376 0.14229860210857587 0.7685801066391245 0.8007243281946195 0.8744219133338242
0 0.09830606718750008 0.7592363625 0.03997210293529378 0.7470633167480485 0.03697890701272262 0.7614068908629427 0.0953128712649289 0.7735799366148942
0 0.8023937708440604 0.8727911074996293 0.1723903012132585 0.7678687380276333 0.16854292093095855 0.7909702266714351 0.7985463905617605 0.8958925961434311
0 0.09190558746415992 0.772135728569709 0.025046830372197702 0.7619242768261494 0.02221167971425102 0.7804872249670273 0.08907043680621322 0.7906986767105868
0 0.807815672591009 0.89618037604194 0.20649510167951926 0.79270295343422 0.20260427001039377 0.8153130751558301 0.8039248409218835 0.9187904977635502
0 0.07022418747052173 0.7886784555544326 0.02310709881994182 0.7792157827676184 0.01980463575813014 0.7956595982047825 0.06692172440871005 0.8051222709915967
0 0.8054851323709624 0.9166201449255749 0.2401044156893092 0.8187232354706759 0.23663140088579984 0.8387808206343703 0.8020121175674528 0.9366777300892691
0 0.05983966326352932 0.8013446382793875 0.008041649169944399 0.7959004479501408 0.0064083919153510634 0.8114398536607382 0.058206406008935986 0.8168840439899849
0 0.806600624943169 0.9357549520691025 0.2653409365215863 0.8401661822079222 0.2609493695365203 0.8650328917750741 0.8022090579581029 0.9606216616362546
0 0.8031227672645752 0.95816438737016 0.46841968318125693 0.8945364627464679 0.4659963391949905 0.9072840214763046 0.8006994232783088 0.9709119460999966