0 0.326563 0.998437 0.324364 0.917078 0.307779 0.917526 0.309978 0.998886
0 0.370597 0.917318 0.347299 0.916705 0.345240 0.994941 0.368538 0.995554
0 0.508393 0.759153 0.501359 0.641918 0.486817 0.642791 0.493852 0.760025
0 0.621875 0.782813 0.596875 0.782813 0.596875 0.889062 0.621875 0.889062
0 0.601562 0.759375 0.598799 0.640544 0.582747 0.640917 0.585510 0.759748
0 0.378125 0.507812 0.339063 0.507812 0.339063 0.617188 0.378125 0.617188
0 0.261084 0.390657 0.237891 0.390220 0.236144 0.482787 0.259338 0.483225
0 0.236117 0.765162 0.224494 0.643129 0.198097 0.645643 0.209719 0.767676
0 0.504373 0.887420 0.501459 0.785449 0.477595 0.786131 0.480508 0.888102
0 0.610938 0.518750 0.592187 0.518750 0.592187 0.612500 0.610938 0.612500
0 0.767188 0.912500 0.739063 0.912500 0.739063 0.996875 0.767188 0.996875
0 0.837500 0.379688 0.817187 0.379688 0.817187 0.476563 0.837500 0.476563
0 0.646875 0.382813 0.623437 0.382813 0.623437 0.479687 0.646875 0.479687
0 0.141066 0.341824 0.131627 0.249324 0.113481 0.251175 0.122920 0.343675
0 0.621875 0.381250 0.600000 0.381250 0.600000 0.479687 0.621875 0.479687
0 0.587500 0.243750 0.568750 0.243750 0.568750 0.337500 0.587500 0.337500
0 0.779630 0.499073 0.761325 0.498326 0.756544 0.615446 0.774849 0.616193
0 0.662500 0.109375 0.642188 0.109375 0.642188 0.196875 0.662500 0.196875
0 0.172552 0.341691 0.163736 0.246471 0.147182 0.248004 0.155999 0.343223
0 0.685937 0.504687 0.665625 0.504687 0.665625 0.615625 0.685937 0.615625
0 0.950000 0.100000 0.925000 0.100000 0.925000 0.190625 0.950000 0.190625
0 0.838583 0.108023 0.818867 0.107037 0.814577 0.192838 0.834293 0.193824
0 0.345308 0.199645 0.335332 0.111859 0.313981 0.114285 0.323957 0.202072
0 0.710938 0.640625 0.689063 0.640625 0.689063 0.759375 0.710938 0.759375
0 0.934681 0.237785 0.920348 0.237466 0.918231 0.332732 0.932564 0.333050
0 0.600000 0.107813 0.582812 0.107813 0.582812 0.196875 0.600000 0.196875
0 0.590625 0.510938 0.564063 0.510938 0.564063 0.617188 0.590625 0.617188
0 0.448759 0.756185 0.444927 0.645056 0.428620 0.645619 0.432452 0.756747
0 0.856250 0.779688 0.834375 0.779688 0.834375 0.884375 0.856250 0.884375
0 0.256434 0.197610 0.219301 0.049081 0.175919 0.059926 0.213051 0.208456
0 0.793136 0.242637 0.772027 0.241318 0.766221 0.334217 0.787330 0.335536
0 0.670313 0.782813 0.640625 0.782813 0.640625 0.889062 0.670313 0.889062
0 0.859244 0.495478 0.836119 0.494853 0.832826 0.616681 0.855951 0.617306
0 0.443750 0.506250 0.414062 0.506250 0.414062 0.618750 0.443750 0.618750
0 0.355502 0.338847 0.353192 0.246444 0.328091 0.247071 0.330401 0.339474
0 0.469839 0.887360 0.466444 0.785494 0.449847 0.786047 0.453243 0.887913
0 0.503125 0.914062 0.478125 0.914062 0.478125 1.000000 0.503125 1.000000
0 0.736494 0.240772 0.720395 0.240128 0.716626 0.334353 0.732725 0.334997
0 0.183286 0.622651 0.176298 0.507355 0.152852 0.508776 0.159840 0.624072
0 0.384375 0.385938 0.368750 0.385938 0.368750 0.482812 0.384375 0.482812
0 0.169457 0.759150 0.164813 0.647690 0.135761 0.648901 0.140406 0.760361
0 0.384349 0.199655 0.377810 0.111366 0.353349 0.113178 0.359889 0.201467
0 0.433242 0.762990 0.427048 0.643240 0.400637 0.644606 0.406831 0.764356
0 0.278168 0.386643 0.261179 0.385793 0.256367 0.482037 0.273356 0.482887
0 0.339063 0.506250 0.296875 0.506250 0.296875 0.621875 0.339063 0.621875
0 0.642188 0.782813 0.620313 0.782813 0.620313 0.893750 0.642188 0.893750
0 0.788357 0.782912 0.759820 0.782199 0.757268 0.884283 0.785805 0.884997
0 0.527026 0.756149 0.521361 0.642838 0.500008 0.643906 0.505673 0.757216
0 0.750000 0.240625 0.732812 0.240625 0.732812 0.334375 0.750000 0.334375
0 0.834375 0.640625 0.798438 0.640625 0.798438 0.759375 0.834375 0.759375
0 0.813484 0.781358 0.791665 0.780784 0.789022 0.881208 0.810841 0.881782
0 0.363300 0.198987 0.352570 0.107786 0.333442 0.110036 0.344171 0.201237
0 0.735938 0.501563 0.668750 0.501563 0.668750 0.617188 0.735938 0.617188
0 0.584562 0.196840 0.582774 0.107438 0.558502 0.107924 0.560290 0.197325
0 0.793750 0.106250 0.756250 0.106250 0.756250 0.193750 0.793750 0.193750
0 0.748437 0.504688 0.734375 0.504688 0.734375 0.617188 0.748437 0.617188
0 0.140318 0.290369 0.137641 0.260925 0.134401 0.261219 0.137077 0.290663
0 0.798054 0.757708 0.795116 0.637276 0.770703 0.637872 0.773640 0.758303
0 0.407104 0.619213 0.401386 0.501042 0.376771 0.502233 0.382489 0.620404
0 0.517188 0.242188 0.489063 0.242188 0.489063 0.337500 0.517188 0.337500
0 0.087200 0.764123 0.062680 0.641526 0.033534 0.647356 0.058053 0.769952
0 0.408933 0.482425 0.402475 0.385564 0.379660 0.387085 0.386117 0.483946
0 0.764174 0.781487 0.742586 0.780947 0.739962 0.885882 0.761550 0.886422
0 0.541745 0.754958 0.532074 0.641320 0.516891 0.642612 0.526563 0.756250
0 0.391883 0.338928 0.387383 0.244425 0.364370 0.245521 0.368870 0.340024
0 0.468345 0.759207 0.463796 0.643209 0.444096 0.643982 0.448645 0.759980
0 0.159795 0.341485 0.149829 0.246811 0.129902 0.248908 0.139867 0.343583
0 0.348680 0.998397 0.346836 0.915452 0.323376 0.915974 0.325219 0.998919
0 0.898438 0.639063 0.870313 0.639063 0.870313 0.757813 0.898438 0.757813
0 0.457083 0.887190 0.449305 0.788014 0.422540 0.790113 0.430318 0.889289
0 0.546875 0.242188 0.467187 0.242188 0.467187 0.337500 0.546875 0.337500
0 0.882812 0.515625 0.868750 0.515625 0.868750 0.612500 0.882812 0.612500
0 0.822045 0.104871 0.800790 0.104069 0.797418 0.193417 0.818673 0.194219
0 0.294200 0.762385 0.290417 0.645118 0.271787 0.645719 0.275570 0.762986
0 0.637500 0.642188 0.610938 0.642188 0.610938 0.760938 0.637500 0.760938
0 0.873437 0.378125 0.851562 0.378125 0.851562 0.475000 0.873437 0.475000
0 0.273355 0.340045 0.266375 0.246975 0.240233 0.248936 0.247213 0.342006
0 0.198024 0.402252 0.166774 0.383502 0.110110 0.477941 0.141360 0.496691
0 0.345313 0.385937 0.292188 0.385937 0.292188 0.484375 0.345313 0.484375
0 0.378838 0.760607 0.371751 0.644842 0.355136 0.645859 0.362223 0.761624
0 0.572422 0.890326 0.568611 0.783599 0.539797 0.784628 0.543609 0.891355
0 0.375789 0.890558 0.366900 0.785671 0.345181 0.787511 0.354070 0.892399
0 0.721899 0.782837 0.695856 0.782430 0.694242 0.885725 0.720285 0.886132
0 0.059299 0.792873 0.024657 0.789024 0.011986 0.903068 0.046627 0.906917
0 0.443750 0.245313 0.425000 0.245313 0.425000 0.339063 0.443750 0.339063
0 0.278179 0.888416 0.264335 0.786895 0.243905 0.789681 0.257749 0.891202
0 0.370313 0.384375 0.345313 0.384375 0.345313 0.482812 0.370313 0.482812
0 0.454688 0.384375 0.431250 0.384375 0.431250 0.481250 0.454688 0.481250
0 0.399880 0.890267 0.391784 0.787041 0.366784 0.789002 0.374881 0.892228
0 0.604740 0.242242 0.588447 0.241961 0.586827 0.335899 0.603121 0.336180
0 0.103063 0.761881 0.096364 0.694895 0.088629 0.695668 0.095328 0.762655
0 0.485532 0.620190 0.482128 0.501046 0.459557 0.501691 0.462961 0.620835
0 0.206072 0.340548 0.200889 0.247260 0.177437 0.248562 0.182620 0.341851
0 0.817239 0.476536 0.815597 0.378021 0.799898 0.378283 0.801540 0.476797
0 0.377718 0.760670 0.370464 0.644619 0.340017 0.646522 0.347270 0.762573
0 0.784375 0.104688 0.753125 0.104688 0.753125 0.193750 0.784375 0.193750
0 0.809375 0.239063 0.789062 0.239063 0.789062 0.335938 0.809375 0.335938
0 0.562500 0.107813 0.534375 0.107813 0.534375 0.198438 0.562500 0.198438
0 0.298438 0.339062 0.292021 0.246024 0.266925 0.247755 0.273341 0.340793
0 0.204688 0.507812 0.178125 0.507812 0.178125 0.623437 0.204688 0.623437
0 0.789187 0.912942 0.766054 0.911866 0.762111 0.996639 0.785244 0.997715
0 0.482813 0.915625 0.456250 0.915625 0.456250 0.998437 0.482813 0.998437
0 0.026803 0.905781 0.023366 0.800950 -0.001070 0.801751 0.002367 0.906582
0 0.525985 0.481096 0.520207 0.385755 0.497421 0.387135 0.503199 0.482477
0 0.856250 0.378125 0.835938 0.378125 0.835938 0.475000 0.856250 0.475000
0 0.189476 0.757442 0.183486 0.649615 0.163062 0.650750 0.169053 0.758577
0 0.717187 0.106250 0.696875 0.106250 0.696875 0.195313 0.717187 0.195313
0 0.240430 0.386219 0.224839 0.385494 0.220270 0.483719 0.235862 0.484444
0 0.622800 0.240777 0.606342 0.240332 0.603768 0.335575 0.620226 0.336020
0 0.315034 0.484050 0.311430 0.386729 0.285597 0.387686 0.289202 0.485006
0 0.314936 0.763948 0.309261 0.642876 0.287702 0.643887 0.293377 0.764959
0 0.675217 0.240687 0.656381 0.240027 0.653019 0.335824 0.671856 0.336485
0 0.678125 0.107813 0.660937 0.107813 0.660937 0.195313 0.678125 0.195313
0 0.768805 0.240800 0.750032 0.240452 0.748293 0.334343 0.767066 0.334691
0 0.740625 0.912500 0.720313 0.912500 0.720313 0.998437 0.740625 0.998437
0 0.712500 0.498437 0.618750 0.498437 0.618750 0.618750 0.712500 0.618750
0 0.496875 0.382813 0.470313 0.382813 0.470313 0.481250 0.496875 0.481250
0 0.448854 0.917312 0.432857 0.916922 0.430869 0.998428 0.446866 0.998818
0 0.869894 0.781504 0.852942 0.780767 0.848582 0.881052 0.865534 0.881790
0 0.184702 0.342036 0.181851 0.247946 0.163733 0.248495 0.166584 0.342585
0 0.739062 0.106250 0.717187 0.106250 0.717187 0.195313 0.739062 0.195313
0 0.408683 0.338329 0.404587 0.246185 0.386637 0.246983 0.390732 0.339127
0 0.369489 0.338953 0.365070 0.246157 0.343244 0.247197 0.347663 0.339992
0 0.489063 0.243750 0.473438 0.243750 0.473438 0.337500 0.489063 0.337500
0 0.406250 0.645312 0.356250 0.645312 0.356250 0.762500 0.406250 0.762500
0 0.539062 0.243750 0.517188 0.243750 0.517188 0.339063 0.539062 0.339063
0 0.483068 0.887006 0.477873 0.785710 0.463328 0.786456 0.468523 0.887752
0 0.228125 0.507812 0.198438 0.507812 0.198438 0.623437 0.228125 0.623437
0 0.900000 0.379688 0.885938 0.379688 0.885938 0.475000 0.900000 0.475000
0 0.137841 0.764852 0.132046 0.645098 0.088524 0.647203 0.094319 0.766958
0 0.050875 0.920367 0.026556 0.918847 0.021589 0.998322 0.045908 0.999842
0 0.865683 0.106310 0.845378 0.105927 0.843750 0.192188 0.864055 0.192571
0 0.146575 0.198159 0.104645 0.086344 0.086494 0.093151 0.128425 0.204966
0 0.882352 0.781492 0.866289 0.780574 0.860212 0.886923 0.876275 0.887841
0 0.665625 0.510938 0.640625 0.510938 0.640625 0.615625 0.665625 0.615625
0 0.610938 0.914062 0.582813 0.914062 0.582813 0.998437 0.610938 0.998437
0 0.801562 0.376563 0.785937 0.376563 0.785937 0.478125 0.801562 0.478125
0 0.547180 0.754626 0.543487 0.641991 0.531052 0.642399 0.534745 0.755034
0 0.447179 0.198266 0.442795 0.110595 0.399622 0.112753 0.404006 0.200425
0 0.764062 0.375000 0.742188 0.375000 0.742188 0.478125 0.764062 0.478125
0 0.091047 0.919341 0.049747 0.912458 0.035515 0.997846 0.076816 1.004730
0 0.846875 0.104688 0.831250 0.104688 0.831250 0.193750 0.846875 0.193750
0 0.745382 0.477600 0.738744 0.378042 0.693529 0.381056 0.700166 0.480614
0 0.670363 0.479582 0.668720 0.380990 0.646903 0.381354 0.648546 0.479946
0 0.687654 0.914144 0.672000 0.913753 0.669891 0.998114 0.685545 0.998506
0 0.548438 0.518750 0.531250 0.518750 0.531250 0.615625 0.548438 0.615625
0 0.920312 0.237500 0.900000 0.237500 0.900000 0.332813 0.920312 0.332813
0 0.759375 0.504688 0.735938 0.504688 0.735938 0.615625 0.759375 0.615625
0 0.654230 0.754037 0.648158 0.641696 0.628199 0.642775 0.634271 0.755115
0 0.864062 0.914062 0.831250 0.914062 0.831250 0.995313 0.864062 0.995313
0 0.550000 0.243750 0.535937 0.243750 0.535937 0.337500 0.550000 0.337500
0 0.282106 0.763841 0.275370 0.642601 0.252351 0.643880 0.259087 0.765120
0 0.698438 0.107813 0.678125 0.107813 0.678125 0.195313 0.698438 0.195313
0 0.548116 0.479182 0.543570 0.383714 0.523674 0.384661 0.528220 0.480129
0 0.584375 0.243750 0.550000 0.243750 0.550000 0.337500 0.584375 0.337500
0 0.736176 0.759161 0.733531 0.640158 0.708474 0.640714 0.711119 0.759718
0 0.928852 0.105138 0.904859 0.103590 0.899166 0.191831 0.923159 0.193379
0 0.402732 0.199768 0.397909 0.110544 0.377151 0.111666 0.381974 0.200890
0 0.525837 0.888495 0.520115 0.785514 0.499346 0.786668 0.505067 0.889649
0 0.809375 0.104688 0.795312 0.104688 0.795312 0.193750 0.809375 0.193750
0 0.582813 0.642188 0.546875 0.642188 0.546875 0.759375 0.582813 0.759375
0 0.161339 0.199889 0.123798 0.064323 0.100333 0.070821 0.137874 0.206387
0 0.640625 0.506250 0.609375 0.506250 0.609375 0.617188 0.640625 0.617188
0 0.718849 0.240763 0.698716 0.240325 0.696645 0.335593 0.716778 0.336030
0 0.693750 0.782813 0.668750 0.782813 0.668750 0.887500 0.693750 0.887500
0 0.871927 0.334295 0.870311 0.238957 0.851540 0.239275 0.853156 0.334613
0 0.625111 0.196755 0.621732 0.105503 0.597517 0.106400 0.600897 0.197652
0 0.775000 0.643750 0.748437 0.643750 0.748438 0.759375 0.775000 0.759375
0 0.655268 0.242237 0.636528 0.241802 0.634340 0.335900 0.653079 0.336336
0 0.257853 0.884166 0.245028 0.785839 0.216772 0.789524 0.229597 0.887851
0 0.575447 0.337282 0.573401 0.245244 0.548691 0.245793 0.550737 0.337831
0 0.853125 0.237500 0.831250 0.237500 0.831250 0.334375 0.853125 0.334375
0 0.734441 0.500090 0.711722 0.499766 0.710045 0.617130 0.732764 0.617455
0 0.654876 0.914143 0.636061 0.913684 0.633996 0.998352 0.652811 0.998811
0 0.273485 0.620262 0.270053 0.510457 0.225127 0.511861 0.228558 0.621666
0 0.796899 0.104915 0.780285 0.104613 0.778666 0.193703 0.795279 0.194005
0 0.901563 0.237500 0.879687 0.237500 0.879687 0.334375 0.901563 0.334375
0 0.764062 0.379688 0.728125 0.379688 0.728125 0.478125 0.764062 0.478125
0 0.289063 0.385937 0.260938 0.385937 0.260938 0.482812 0.289063 0.482812
0 0.517188 0.110938 0.495312 0.110938 0.495312 0.198438 0.517188 0.198438
0 0.642188 0.107813 0.621875 0.107813 0.621875 0.196875 0.642188 0.196875
0 0.310024 0.998376 0.307752 0.916582 0.283943 0.917243 0.286215 0.999037
0 0.871875 0.642188 0.848437 0.642188 0.848437 0.753125 0.871875 0.753125
0 0.334207 0.338837 0.329594 0.246567 0.310423 0.247526 0.315037 0.339795
0 0.810937 0.501563 0.787500 0.501563 0.787500 0.615625 0.810937 0.615625
0 0.742188 0.782813 0.720313 0.782813 0.720313 0.889062 0.742188 0.889062
0 0.364360 0.759254 0.356867 0.644355 0.337114 0.645643 0.344607 0.760542
0 0.495312 0.112500 0.471875 0.112500 0.471875 0.196875 0.495312 0.196875
0 0.516581 0.618842 0.511269 0.501304 0.480633 0.502689 0.485946 0.620227
0 0.521858 0.617947 0.519940 0.506823 0.510348 0.506988 0.512266 0.618112
0 0.303089 0.622334 0.296413 0.504658 0.267041 0.506324 0.273718 0.624001
0 0.689844 0.479152 0.689471 0.380152 0.669632 0.380227 0.670005 0.479226
0 0.903159 0.104810 0.883011 0.104627 0.882208 0.193159 0.902356 0.193342
0 0.883574 0.104770 0.865026 0.104267 0.862610 0.193359 0.881158 0.193861
0 0.804626 0.912548 0.787070 0.912041 0.784541 0.999709 0.802097 1.000215
0 0.029155 0.928265 0.004395 0.925841 -0.002814 0.999476 0.021946 1.001901
0 0.837131 0.499286 0.813948 0.498171 0.808325 0.615047 0.831508 0.616162
0 0.473007 0.199474 0.470478 0.113477 0.443757 0.114263 0.446286 0.200260
0 0.462328 0.338519 0.461426 0.244501 0.442112 0.244687 0.443014 0.338704
0 0.832011 0.237599 0.807870 0.237599 0.807870 0.334821 0.832011 0.334821
0 0.430572 0.481356 0.428055 0.382843 0.403345 0.383474 0.405863 0.481988
0 0.575015 0.479833 0.571909 0.377998 0.546924 0.378760 0.550030 0.480595
0 0.914352 0.377728 0.896495 0.377728 0.896495 0.476190 0.914352 0.476190
0 0.887907 0.475643 0.887223 0.378203 0.870361 0.378322 0.871044 0.475762
0 0.676085 0.755976 0.668688 0.639472 0.645727 0.640930 0.653124 0.757434
0 0.690821 0.758667 0.690041 0.639325 0.669833 0.639457 0.670613 0.758800
0 0.837570 0.780320 0.813731 0.779866 0.811751 0.883803 0.835590 0.884257
0 0.345547 0.855130 0.343378 0.844287 0.333807 0.846202 0.335976 0.857044
0 0.357634 0.889817 0.343864 0.782792 0.305159 0.787771 0.318928 0.894796
0 0.829876 0.912370 0.805508 0.910657 0.799258 0.999542 0.823626 1.001255
