0 0.266554 0.822551 0.219679 0.814738 0.197044 0.950549 0.243919 0.958361
0 0.557572 0.871811 0.533169 0.861946 0.479547 0.994591 0.503950 1.004456
0 0.306646 0.274007 0.273781 0.269971 0.247578 0.483337 0.280443 0.487374
0 0.869171 0.098570 0.827474 0.092224 0.800683 0.268277 0.842381 0.274622
0 0.950814 0.384723 0.928550 0.380548 0.888892 0.592058 0.911156 0.596232
0 0.122563 0.239188 0.087342 0.234075 0.055914 0.450581 0.091134 0.455694
0 0.646063 0.334186 0.612499 0.329133 0.580838 0.539454 0.614402 0.544507
0 0.998437 0.232813 0.990625 0.232813 0.990625 0.304688 0.998437 0.304688
0 0.817812 0.635817 0.775042 0.627592 0.738465 0.817794 0.781234 0.826019
0 1.008053 0.503486 0.996034 0.501082 0.975481 0.603846 0.987500 0.606250
0 0.682348 0.341850 0.646622 0.335895 0.611782 0.544932 0.647508 0.550887
0 0.923918 0.927284 0.880048 0.918510 0.864123 0.998137 0.907993 1.006911
0 0.986567 0.400359 0.949502 0.391922 0.903736 0.592962 0.940802 0.601400
0 0.483186 0.854657 0.411632 0.844249 0.390432 0.990000 0.461986 1.000408
0 0.169178 0.244004 0.134978 0.241561 0.119234 0.461977 0.153434 0.464419
0 0.395114 0.287119 0.348198 0.280561 0.318180 0.495300 0.365096 0.501858
0 0.308832 0.548602 0.279074 0.539596 0.219932 0.735021 0.249690 0.744026
0 0.350756 0.278576 0.305834 0.272542 0.276777 0.488858 0.321698 0.494892
0 0.678208 0.611899 0.638213 0.606409 0.611844 0.798531 0.651838 0.804021
0 0.909187 0.651619 0.859877 0.643166 0.826927 0.835375 0.876237 0.843828
0 0.839217 0.912515 0.821581 0.910752 0.812825 0.998314 0.830461 1.000077
0 0.663578 0.050431 0.616911 0.046595 0.601581 0.233114 0.648247 0.236949
0 0.363947 0.181094 0.354376 -0.003944 0.276674 0.000075 0.286245 0.185113
0 0.857902 0.642269 0.810694 0.635085 0.780867 0.831090 0.828075 0.838274
0 0.494286 0.310077 0.477030 0.307757 0.449002 0.516213 0.466258 0.518533
0 0.434134 0.301366 0.391609 0.295937 0.365150 0.503197 0.407675 0.508626
0 0.777598 0.901952 0.736491 0.895786 0.721111 0.998323 0.762217 1.004489
0 0.537310 0.314944 0.487782 0.308861 0.461891 0.519689 0.511418 0.525772
0 0.274393 0.163138 0.248961 -0.006407 0.206250 -0.000000 0.231682 0.169545
0 0.956238 0.657154 0.906028 0.648595 0.873223 0.841050 0.923433 0.849609
0 0.973573 0.125186 0.916926 0.116242 0.890042 0.286503 0.946689 0.295448
0 0.611784 0.597332 0.565321 0.590545 0.536494 0.787897 0.582957 0.794684
0 0.143314 0.247460 0.116827 0.244064 0.089862 0.454389 0.116350 0.457785
0 0.410403 0.568280 0.361411 0.555388 0.310589 0.748510 0.359581 0.761403
0 0.500572 0.207467 0.480696 -0.005490 0.421214 0.000062 0.441090 0.213019
0 0.264062 0.576562 0.217188 0.529688 0.055469 0.691406 0.102344 0.738281
0 0.575353 0.320441 0.537602 0.315474 0.509570 0.528521 0.547321 0.533488
0 0.431917 0.567659 0.404538 0.561615 0.361131 0.758221 0.388510 0.764265
0 0.830906 0.910219 0.775344 0.902281 0.761656 0.998094 0.817219 1.006031
0 0.359389 0.836990 0.265318 0.820821 0.241666 0.958431 0.335738 0.974599
0 0.737416 0.897382 0.715118 0.893666 0.697720 0.998057 0.720017 1.001774
0 0.612937 0.329137 0.574992 0.323323 0.542694 0.534112 0.580639 0.539927
0 0.874447 0.379406 0.836180 0.371966 0.796553 0.575762 0.834820 0.583203
0 0.836444 0.370397 0.798438 0.364063 0.763936 0.571073 0.801943 0.577407
0 0.826389 0.087961 0.779774 0.082582 0.759053 0.262162 0.805668 0.267541
0 0.276793 0.261997 0.247222 0.258222 0.219201 0.477717 0.248772 0.481492
0 0.714063 0.060938 0.629687 0.060938 0.629687 0.245313 0.714063 0.245313
0 0.760936 0.358377 0.727604 0.352755 0.692783 0.559193 0.726115 0.564815
0 0.406044 0.845371 0.357364 0.836244 0.331167 0.975961 0.379847 0.985088
0 0.865382 0.915728 0.841186 0.911119 0.824569 0.998355 0.848766 1.002964
0 0.780874 0.081281 0.736166 0.076610 0.717571 0.254588 0.762279 0.259259
0 0.430589 0.193631 0.421064 -0.003212 0.353732 0.000046 0.363257 0.196889
0 0.459930 0.574548 0.429318 0.568065 0.387654 0.764812 0.418266 0.771295
0 0.504632 0.577928 0.458694 0.569014 0.420153 0.767646 0.466092 0.776560
0 0.246327 0.256701 0.205730 0.252772 0.184438 0.472788 0.225035 0.476717
0 0.205213 0.255161 0.169851 0.251947 0.150320 0.466790 0.185681 0.470005
0 0.917379 0.108622 0.867791 0.101184 0.841580 0.275925 0.891167 0.283363
0 1.013094 0.128656 0.970875 0.122625 0.946094 0.296094 0.988312 0.302125
0 0.880039 0.918400 0.862117 0.915108 0.846813 0.998426 0.864735 1.001718
0 0.641185 0.602610 0.611010 0.597968 0.580826 0.794165 0.611001 0.798808
0 0.624024 0.878263 0.576662 0.870177 0.554850 0.997932 0.602212 1.006018
0 0.930084 0.388750 0.897846 0.382417 0.857803 0.586270 0.890041 0.592603
0 0.181702 0.809565 0.134032 0.802231 0.113710 0.934321 0.161380 0.941655
0 0.727960 0.348209 0.680751 0.340595 0.646775 0.551244 0.693985 0.558858
0 0.619605 0.007638 0.548033 0.002132 0.531039 0.223061 0.602610 0.228566
0 1.016818 0.405064 0.978549 0.397774 0.939886 0.600752 0.978156 0.608042
0 0.727129 0.617123 0.678929 0.609860 0.649433 0.805608 0.697632 0.812871
0 0.682527 0.885561 0.643195 0.880163 0.626982 0.998281 0.666315 1.003679
0 0.335316 0.553025 0.305399 0.544740 0.251406 0.739716 0.281323 0.748001
0 0.535156 0.208594 0.511604 -0.003373 0.470789 0.001162 0.494341 0.213129
0 0.565550 0.592726 0.506272 0.581783 0.470214 0.777097 0.529492 0.788041
0 0.293190 0.168276 0.278944 -0.002672 0.246875 0.000000 0.261121 0.170948
0 0.645755 0.880285 0.619899 0.876434 0.601759 0.998234 0.627615 1.002085
0 0.771667 0.627132 0.727402 0.620322 0.697778 0.812879 0.742043 0.819689
0 0.738663 0.065815 0.698006 0.061848 0.680003 0.246372 0.720661 0.250339
0 0.799907 0.363208 0.759440 0.356564 0.725307 0.564463 0.765774 0.571107
0 0.546533 0.868622 0.492937 0.848523 0.440283 0.988934 0.493878 1.009033
0 0.480669 0.304757 0.435236 0.298407 0.405627 0.510229 0.451059 0.516580
0 0.540625 0.000000 0.504687 0.000000 0.504687 0.217188 0.540625 0.217188
0 0.223856 0.815844 0.178857 0.808586 0.157171 0.943042 0.202169 0.950300
0 0.976563 0.660938 0.955601 0.656920 0.919276 0.846442 0.940237 0.850460
0 0.902103 0.378546 0.874459 0.373017 0.832512 0.582752 0.860156 0.588281
0 0.716573 0.893055 0.681349 0.887635 0.664370 0.998004 0.699594 1.003423
0 0.364475 0.561055 0.325265 0.549853 0.270254 0.742394 0.309463 0.753597
0 0.318851 0.591963 0.266290 0.527723 0.095862 0.667164 0.148422 0.731405
