0 0.236258 0.913072 0.201039 0.697841 0.160173 0.704529 0.195392 0.919760
0 0.757728 0.192153 0.742294 -0.003339 0.697589 0.000190 0.713023 0.195682
0 0.492672 0.883982 0.474830 0.668259 0.393362 0.674997 0.411204 0.890720
0 0.875636 0.839507 0.857501 0.626423 0.821822 0.629459 0.839957 0.842544
0 0.951814 0.172377 0.938346 -0.005391 0.865587 0.000121 0.879054 0.177889
0 0.549010 0.599349 0.517840 0.362455 0.484817 0.366800 0.515988 0.603694
0 0.615625 0.971875 0.587500 0.971875 0.587500 0.993750 0.615625 0.993750
0 0.919242 0.559849 0.894537 0.300446 0.841152 0.305530 0.865857 0.564933
0 0.346373 0.624656 0.321369 0.385337 0.284090 0.389232 0.309093 0.628551
0 0.040432 0.658326 0.015912 0.425381 -0.010360 0.428146 0.014161 0.661092
0 0.383028 0.618947 0.353399 0.376975 0.317112 0.381419 0.346742 0.623390
0 0.152387 0.921725 0.113213 0.706263 0.066600 0.714738 0.105775 0.930200
0 0.502382 0.605074 0.478450 0.365749 0.447355 0.368858 0.471287 0.608184
0 0.931521 0.955975 0.928645 0.936797 0.889907 0.942608 0.892783 0.961786
0 0.653621 0.589148 0.629229 0.354610 0.570317 0.360737 0.594709 0.595275
0 0.468483 0.222183 0.447598 0.015657 0.394837 0.020993 0.415722 0.227518
0 0.822638 0.184170 0.805904 -0.005484 0.741424 0.000205 0.758159 0.189859
0 0.173996 0.253944 0.143921 0.041745 0.103963 0.047408 0.134039 0.259607
0 0.928562 0.832750 0.898344 0.621219 0.845844 0.628719 0.876062 0.840250
0 0.211709 0.250425 0.183765 0.039576 0.143157 0.044958 0.171101 0.255807
0 0.431724 0.614045 0.405889 0.376364 0.354794 0.381918 0.380629 0.619599
0 0.029688 0.062500 0.000000 0.062500 0.000000 0.273438 0.029688 0.273438
0 0.958709 0.830507 0.936594 0.617647 0.896363 0.621827 0.918478 0.834687
0 0.366158 0.896616 0.336073 0.683510 0.301108 0.688447 0.331193 0.901552
0 1.009662 0.831631 0.986434 0.610967 0.964311 0.613296 0.987539 0.833960
0 0.697941 0.859345 0.675432 0.645514 0.625736 0.650745 0.648245 0.864576
0 0.104998 0.927550 0.067211 0.712167 0.024502 0.719660 0.062288 0.935043
0 0.316759 0.238866 0.289961 0.031184 0.245193 0.036961 0.271990 0.244642
0 0.313479 0.627840 0.281592 0.368187 0.225989 0.375016 0.257876 0.634669
0 0.332222 0.902952 0.302449 0.686421 0.253875 0.693100 0.283649 0.909631
0 0.196047 0.930376 0.161815 0.700534 0.114429 0.707592 0.148660 0.937434
0 0.135656 0.258285 0.105161 0.047588 0.039755 0.057054 0.070250 0.267752
0 0.068750 0.064062 0.000000 0.064062 0.000000 0.271875 0.068750 0.271875
0 0.967772 0.168027 0.949879 -0.001144 0.934427 0.000490 0.952320 0.169661
0 0.261191 0.631208 0.217905 0.371495 0.155574 0.381883 0.198860 0.641596
0 0.064527 0.930912 0.030236 0.725169 0.008953 0.728716 0.043243 0.934459
0 0.197610 0.639336 0.166844 0.405514 0.129780 0.410391 0.160546 0.644213
0 0.767959 0.576945 0.740615 0.341789 0.680670 0.348759 0.708013 0.583916
0 0.986781 0.827543 0.964375 0.614687 0.935420 0.617735 0.957825 0.830591
0 0.666035 0.199796 0.644737 -0.006083 0.581086 0.000502 0.602384 0.206381
0 0.273146 0.242173 0.240604 0.022515 0.178767 0.031676 0.211309 0.251334
0 0.162926 0.643297 0.130378 0.409360 0.061135 0.418994 0.093682 0.652931
0 1.007847 0.550325 0.982992 0.314208 0.945822 0.318121 0.970676 0.554238
0 0.093530 0.651981 0.059059 0.415987 0.006563 0.423655 0.041034 0.659649
0 0.018750 0.250000 0.017188 0.235937 0.013243 0.236376 0.014806 0.250438
0 0.881614 0.177618 0.865766 -0.004632 0.808657 0.000334 0.824505 0.182584
0 0.998437 0.610938 0.981250 0.610938 0.981250 0.773438 0.998437 0.773438
0 0.649784 0.863588 0.627174 0.650409 0.597653 0.653540 0.620263 0.866719
0 0.868822 0.566202 0.836274 0.305817 0.787236 0.311947 0.819784 0.572332
0 0.973040 0.953445 0.971414 0.935553 0.929713 0.939344 0.931340 0.957236
0 0.594846 0.595051 0.566896 0.362711 0.520944 0.368239 0.548895 0.600579
0 0.581449 0.871555 0.558662 0.657356 0.507479 0.662801 0.530266 0.877000
0 0.418750 0.228125 0.391202 0.007740 0.312740 0.017548 0.340288 0.237933
0 0.972153 0.553425 0.944653 0.292175 0.891866 0.297731 0.919366 0.558981
0 0.620017 0.865163 0.597825 0.654341 0.558947 0.658433 0.581139 0.869255
0 0.068750 0.064062 0.000000 0.064062 0.000000 0.271875 0.068750 0.271875
0 0.797284 0.849817 0.772318 0.634482 0.721618 0.640360 0.746584 0.855695
0 0.470462 0.608455 0.445608 0.372337 0.406811 0.376421 0.431665 0.612539
0 0.532115 0.895715 0.507748 0.664234 0.468870 0.668326 0.493236 0.899807
0 0.529331 0.214261 0.507305 0.001346 0.446853 0.007599 0.468879 0.220515
0 0.843994 0.843724 0.821477 0.629812 0.773408 0.634872 0.795925 0.848784
0 0.601106 0.208070 0.579974 -0.005892 0.507513 0.001264 0.528645 0.215226
0 0.286685 0.906296 0.252770 0.691503 0.200697 0.699726 0.234611 0.914519
0 0.708579 0.583205 0.682117 0.353866 0.627970 0.360114 0.654432 0.589453
0 0.714497 0.195786 0.697650 -0.004276 0.646875 -0.000000 0.663722 0.200062
0 0.342617 0.235255 0.313496 0.016846 0.286886 0.020394 0.316007 0.238803
0 0.820192 0.570913 0.787668 0.310721 0.740553 0.316611 0.773077 0.576803
0 0.746254 0.855822 0.723694 0.641503 0.675544 0.646571 0.698104 0.860890
0 0.421844 0.898219 0.389969 0.675094 0.333969 0.683094 0.365844 0.906219
