0 0.6991451882356119 0.031237731826651027 0.09832571504866391 -0.035612964156121626 0.09322753152893394 0.010206871995231338 0.6940470047158819 0.07705756797800399
0 0.8169804605537461 0.1415146107322991 0.07544256889688765 0.047492511573867635 0.05920219316746885 0.17557786688821447 0.8007400848243273 0.26959996604664593
0 0.7003238626776833 0.15270633787978474 0.07500369622550998 0.07252400384453253 0.06728542569335907 0.13271669182198137 0.6926055921455323 0.21289902585723358
0 0.7316375688216147 0.2166843677890667 0.06773029674414192 0.13163000269059646 0.05990808176107991 0.19268772036323875 0.7238153538385527 0.277742085461709
0 0.7376598009524236 0.27946133392625666 0.06336045832421144 0.1893245691658544 0.046973131913279516 0.3119156501270793 0.7212724745414916 0.40205241488748145
0 0.6481347484468661 0.3418969504534777 0.054201727453844925 0.26358231494577844 0.05141758536255636 0.2846970646018664 0.6453506063555776 0.3630117001095656
0 0.6436183032203975 0.3622383895870089 0.053516643034518495 0.2724428182747828 0.04636613285201275 0.31943319729025843 0.6364677930378917 0.40922876860248447
0 0.6087355712722241 0.3854940224357798 0.04853546485806983 0.30993059833950276 0.04529077210601594 0.33398558587773136 0.6054908785201703 0.40954900997400845
0 0.8151439712796433 0.4350337342005407 0.04022287043196221 0.33483908355815595 0.033204059351590286 0.3891236663594545 0.8081251601992714 0.48931831700183925
0 0.8112664147555468 0.4921116676656352 0.03205223647197371 0.381571439704785 0.025730133967509106 0.4261368617137359 0.8049443122510823 0.536677089674586
0 0.6228763887717709 0.507291884136735 0.029283938436807655 0.42399720721363243 0.0248640553348489 0.45549512926101493 0.6184565056698121 0.5387898061841174
0 0.6595407688421085 0.5254925211248379 0.0236908889790866 0.44741997783786225 0.017264185683506773 0.49976127922712327 0.6531140655465286 0.577833822514099
0 0.9588628360026078 0.5878259530062326 0.03093557375216769 0.473890814227898 0.018082166678935984 0.5785734166624187 0.9460094289293762 0.6925085554407533
0 0.7538461110484163 0.6619669348281179 0.0331135906248209 0.544142335761238 0.028986896621799697 0.5693853036420469 0.749719417045395 0.6872099027089265
0 0.6379340378552747 0.664531113315559 0.030714553689760594 0.566357565872223 0.025155045121605733 0.6007440377160485 0.6323745292871199 0.6989175851593845
0 0.6675363702904499 0.6740587041639593 0.034271246010524635 0.5963035310249635 0.01879955333214437 0.7223103674997646 0.6520646776120695 0.8000655406387605
0 0.6125825717600635 0.9506734233749068 8.881784197001253e-17 0.8754576828125 -0.008092892079964309 0.9413689482770463 0.6044896796800991 1.0165846888394532
0 0.5841681520416527 0.7891870253887918 0.012023943568378303 0.6997124737133269 0.0017560462444001779 0.7653704499434918 0.5739002547176746 0.8548450016189566
0 0.6154020453908082 0.7994995198150172 0.005883784832198669 0.7246600976613982 -0.008635803044919111 0.8429126668584568 0.6008824575136904 0.9177520890120757