0 0.26375705962085183 0.14829764276267396 0.15519732675794962 0.1349681942845666 0.06854507798741583 0.8406946910671695 0.17710481085031804 0.8540241395452769
0 0.24333608510134158 0.30383855446102875 0.1970312837717422 0.30099741877164277 0.1651021516090015 0.8213780985630205 0.21140695293860085 0.8242192342524064
0 0.27199584558692885 0.22437554486477196 0.2468447767884653 0.22269594463759002 0.20703475163921775 0.8188286821743365 0.2321858204376813 0.8205082824015184
0 0.3573645154317898 0.26737731242853024 0.27012901363557246 0.2566661401132555 0.20156894190785643 0.8150431397832996 0.28880444370407377 0.8257543120985744
0 0.33381268804994 0.3815254515119712 0.3101312546374345 0.3799279287103122 0.28273946092271063 0.7859796847357444 0.30642089433521613 0.7875772075374035
0 0.3693868130323729 0.34467821948959376 0.33616509740603284 0.34090163150995545 0.28466000096371596 0.793979297524704 0.31788171659005604 0.7977558855043422
0 0.36806751950039535 0.37268753032238294 0.3439692566364645 0.3711297796258295 0.31620688569314387 0.8006111556883395 0.34030514855707467 0.802168906384893
0 0.40161821157224215 0.31941727175883694 0.370931473785461 0.3167188688248041 0.32778505669783814 0.8073879126907595 0.3584717944846193 0.8100863156247924
0 0.41479759704056596 0.3388555970861173 0.38950305523324164 0.33711615379070603 0.3574714980024456 0.8029109087364287 0.3827660398097699 0.80465035203184
0 0.5041266287332773 0.29910570809117637 0.41813691338401676 0.29199602682186365 0.3745034943092744 0.8197306950617499 0.4604932096585349 0.8268403763310624
0 0.5411754294605513 0.24165807237370984 0.5078228380217158 0.23882649072906154 0.45600862048173096 0.849135019745081 0.4893612119205665 0.8519666013897293
0 0.5655252187705065 0.255479268318579 0.5358471072110267 0.25311943092268235 0.48624678319671244 0.8769098463313048 0.5159248947561923 0.8792696837272015
0 0.585104220111283 0.3650327912356491 0.5546662900455227 0.3626510652197397 0.5180561258592963 0.8305208410683692 0.5484940559250566 0.8329025670842786
0 0.6338269250192614 0.3454363885741897 0.5869876528332906 0.34089420467726905 0.5397660454591422 0.8278462460414051 0.5866053176451131 0.8323884299383257
0 0.7208570159826644 0.3350014011238617 0.6255335351050293 0.32487141983990553 0.5718442110378091 0.8300898514040806 0.6671676919154442 0.8402198326880368
0 0.7449651689996158 0.41205859396526756 0.7139481016972185 0.4082501770017359 0.6634802693887168 0.8192776895636191 0.6944973366911142 0.8230861065271509
0 0.7895199490589706 0.4014852144880493 0.7293036909158267 0.394594785435595 0.6783460141734385 0.8399198288741578 0.7385622723165824 0.8468102579266121
0 0.8384996681535737 0.35484358276875183 0.7386380211719233 0.344267907281369 0.6843257818264925 0.8571154959547386 0.784187428808143 0.8676911714421213
0 0.8766171038446491 0.34950187493165324 0.8417229035327605 0.3452174060027894 0.7772891317581149 0.8699883814690974 0.8121833320700034 0.8742728503979613
0 0.8893030883815101 0.3904202892622718 0.8699174204499274 0.3880400285682452 0.8137362489021921 0.8455989582959283 0.8331219168337748 0.8479792189899549
0 0.9209658125645388 0.4231987874443376 0.8854773851187641 0.41854742938000344 0.8299394610415 0.8422846609248946 0.8654278884872747 0.8469360189892287