0 0.6499550955564011 0.21173007593306026 0.6395673737358929 0.14200944760025425 0.020999140637538265 0.23417033148898292 0.03138686245804641 0.30389095982178893
0 0.7113373766897816 0.20306797934580198 0.7077560871951741 0.15729664702551047 0.6476716791866892 0.16199783548305297 0.6512529686812967 0.2077691678033445
0 0.7146781512885552 0.15287784857121117 0.7071012578605849 0.09271737829201734 0.04038703496507363 0.17668651268122126 0.04796392839304394 0.2368469829604151
0 0.973633286770698 0.2768462797778698 0.9630908356912686 0.16782089041898868 0.02063996988945377 0.25895326064860513 0.031182420968883306 0.3679786500074863
0 0.8832947469368383 0.3309341795902171 0.874249756675676 0.25726864536270005 0.04712796391875951 0.3588264313576449 0.05617295417992187 0.4324919655851619
0 0.8867729974043911 0.4076455026248363 0.8782167464598543 0.33177841207137926 0.05028828974008058 0.4251517520550182 0.0588445406846174 0.5010188426084753
0 0.8279008139144273 0.45923921171708093 0.8239856485128211 0.41907762183567127 0.06025955392073813 0.49352970380453726 0.06417471932234425 0.5336912936859469
0 0.8604355157656969 0.4973217144096826 0.8564335642352665 0.4529391012326561 0.06781119441292557 0.5240486703617622 0.07181314594335593 0.5684312835387886
0 0.7844028713147113 0.5531785832523406 0.7814971527613277 0.518950844295212 0.10629342702783304 0.5762713700721248 0.10919914558121664 0.6104991090292533
0 0.8836463820446813 0.5917230766231881 0.8780457118666499 0.51862885100545 0.05607769419819249 0.5816101840033091 0.061678364376224 0.6547044096210473
0 0.8810248748304904 0.6150802093487866 0.8794963212483603 0.5914309822645325 0.07095094571236385 0.6436908267696855 0.07247949929449382 0.6673400538539396
0 0.7966568432957297 0.6529201512831397 0.7959315210975679 0.639300081220168 0.5414416379591697 0.6528526665295288 0.5421669601573316 0.6664727365925005
0 0.8863919907633034 0.6389298143776052 0.8847017414122531 0.6119729918645987 0.06172148033890974 0.663575581581371 0.06341172968996014 0.6905324040943774
0 0.7029582155806665 0.7258264727383137 0.6991738923048494 0.6749491831841347 0.12597208455595393 0.7175847276837025 0.1297564078317711 0.7684620172378815
0 0.8104020827904902 0.762959688325092 0.7982627521809924 0.6640927870676501 0.12881105207323046 0.7462911306117368 0.14095038268272828 0.8451580318691787
0 0.8727339202332673 0.782420236695794 0.8714048956564702 0.7602052036966425 0.12622833813629933 0.8047857343235947 0.1275573627130965 0.8270007673227463
0 0.16655991046988228 0.8400457735435539 0.16465570132742738 0.8245372398851105 0.11425296671803839 0.8307259196250335 0.11615717586049326 0.846234453283477
0 0.8772424383436992 0.797201045057806 0.8759121470710844 0.7773999154833675 0.2105296015966985 0.822102041686175 0.21185989286931312 0.8419031712606134
0 0.1675387289573272 0.8560855830021887 0.16685707496037513 0.8416890654704963 0.10719582984814317 0.8445139379512445 0.10787748384509521 0.8589104554829371
0 0.8799545441447423 0.8190093658030472 0.8786050577450674 0.7953103822056998 0.24089907689617035 0.8316231440847945 0.2422485632958454 0.8553221276821418
0 0.16457943304603206 0.8770756129500205 0.1637380862757417 0.8575103914538493 0.09630430320998533 0.8604101897312131 0.09714564998027568 0.8799754112273842
0 0.8903318823828412 0.839452002588016 0.8890177067297043 0.8164406369330888 0.27985807599392565 0.851229652395776 0.2811722516470625 0.8742410180507033
0 0.14660823156335306 0.8948752930004489 0.14635127404769618 0.8782314764555315 0.0982922526222127 0.8789734412997763 0.09854921013786955 0.8956172578446937
0 0.8924880890445992 0.8576952451772624 0.8914430034004219 0.8373170548230782 0.3183507394437225 0.8667078146226708 0.3193958250878998 0.8870860049768549
0 0.14038027444256254 0.9083423272592317 0.13915931936502157 0.8932137133126871 0.08728978637664143 0.89739984496332 0.08851074145418238 0.9125284589098646
0 0.8981023723743089 0.8818783945219135 0.8969204917170579 0.8557020205461445 0.3477172874387389 0.8804989097041949 0.3488991680959899 0.9066752836799639
0 0.8989066517991459 0.8912390735088559 0.8984296991308443 0.8782374896342819 0.5579715350047793 0.8907269241056124 0.5584484876730809 0.9037285079801863