0 0.328560 0.876954 0.298529 0.876387 0.296324 0.993268 0.326355 0.993835
0 0.353925 0.876806 0.329008 0.875946 0.324948 0.993694 0.349865 0.994554
0 0.932402 0.399803 0.926122 0.213498 0.877687 0.215131 0.883967 0.401436
0 0.321753 0.454910 0.303312 0.454240 0.297125 0.624384 0.315566 0.625055
0 0.818398 0.396385 0.812140 0.221162 0.783828 0.222174 0.790086 0.397396
0 0.650000 0.670312 0.635938 0.670312 0.635938 0.832812 0.650000 0.832812
0 0.298438 0.876563 0.232813 0.876563 0.232813 0.989062 0.298438 0.989062
0 0.931930 0.486783 0.914062 0.482813 0.880386 0.634357 0.898254 0.638327
0 0.573438 0.221875 0.531250 0.221875 0.531250 0.392188 0.573438 0.392188
0 0.628125 0.256250 0.604688 0.256250 0.604688 0.393750 0.628125 0.393750
0 0.758523 0.460076 0.719773 0.457576 0.708578 0.631098 0.747328 0.633598
0 0.988002 0.399832 0.984247 0.213970 0.950974 0.214643 0.954729 0.400504
0 0.296104 0.220675 0.275880 0.220182 0.271880 0.384185 0.292104 0.384678
0 0.759952 0.664241 0.727203 0.663131 0.721297 0.837374 0.754045 0.838485
0 1.000873 0.492963 0.975657 0.486175 0.936871 0.630239 0.962086 0.637028
0 0.957736 0.890769 0.936917 0.879747 0.874966 0.996765 0.895785 1.007787
0 0.278352 0.200236 0.262125 0.199935 0.258740 0.382743 0.274967 0.383043
0 0.673627 0.884833 0.634248 0.868519 0.580774 0.997593 0.620154 1.013907
0 0.318750 0.214062 0.293750 0.214062 0.293750 0.384375 0.318750 0.384375
0 0.429003 0.879944 0.415013 0.878472 0.402573 0.996652 0.416563 0.998125
0 0.471943 0.880911 0.437942 0.876594 0.422805 0.995803 0.456805 1.000120
0 0.159440 0.467254 0.140413 0.467054 0.138767 0.623418 0.157794 0.623618
0 0.464709 0.454960 0.449805 0.454480 0.444213 0.627838 0.459117 0.628318
0 0.477571 0.835626 0.463945 0.655080 0.438998 0.656962 0.452624 0.837508
0 0.275000 0.456250 0.256250 0.456250 0.256250 0.625000 0.275000 0.625000
0 0.550411 0.834332 0.546768 0.668546 0.532506 0.668860 0.536149 0.834645
0 0.899971 0.691509 0.875206 0.684434 0.834935 0.825383 0.859699 0.832459
0 0.884467 0.892482 0.846987 0.872756 0.782284 0.995692 0.819763 1.015418
0 0.320312 0.214062 0.300000 0.214062 0.300000 0.384375 0.320313 0.384375
0 0.686254 0.451771 0.644465 0.450030 0.636937 0.630706 0.678726 0.632447
0 0.515625 0.201563 0.482812 0.201563 0.482812 0.392188 0.515625 0.392188
0 0.726798 0.669004 0.703824 0.668103 0.697276 0.835095 0.720249 0.835996
0 0.853229 0.691115 0.840541 0.687825 0.804298 0.827619 0.816987 0.830909
0 0.573119 0.473652 0.555098 0.473137 0.550716 0.626494 0.568737 0.627009
0 0.188956 0.829469 0.177627 0.673134 0.158164 0.674544 0.169493 0.830879
0 0.413951 0.456354 0.387528 0.455443 0.381632 0.626414 0.408056 0.627325
0 0.810625 0.888125 0.788750 0.877188 0.728438 0.997813 0.750312 1.008750
0 0.564827 0.834072 0.555524 0.666620 0.530861 0.667990 0.540163 0.835442
0 0.342187 0.221875 0.318750 0.221875 0.318750 0.385937 0.342188 0.385937
0 0.228536 0.248694 0.207173 0.247872 0.202049 0.381088 0.223412 0.381910
0 1.002641 0.680315 0.978521 0.672640 0.926193 0.837098 0.950314 0.844773
0 0.437619 0.834395 0.424038 0.654436 0.387014 0.657230 0.400596 0.837190
0 0.753696 0.396085 0.746971 0.258227 0.720016 0.259542 0.726741 0.397400
0 0.946547 0.686824 0.927632 0.680590 0.878139 0.830775 0.897055 0.837009
0 0.869286 0.398012 0.860324 0.222353 0.834069 0.223692 0.843031 0.399351
0 0.605493 0.834020 0.599825 0.671554 0.586488 0.672019 0.592155 0.834485
0 0.928546 0.683834 0.887680 0.675661 0.855829 0.834916 0.896695 0.843089
0 0.237500 0.242188 0.225000 0.242188 0.225000 0.382812 0.237500 0.382812
0 0.403222 0.833976 0.388114 0.652683 0.359149 0.655097 0.374256 0.836390
0 0.597037 0.884752 0.561476 0.870528 0.510830 0.997144 0.546390 1.011369
0 0.933994 0.888937 0.911049 0.876918 0.847620 0.998009 0.870566 1.010028
0 0.701563 0.665625 0.678125 0.665625 0.678125 0.835938 0.701563 0.835938
0 0.300534 0.832006 0.285990 0.653321 0.244567 0.656692 0.259111 0.835378
0 0.184936 0.432924 0.161080 0.432656 0.158919 0.624942 0.182775 0.625210
0 0.356250 0.225000 0.339900 0.224728 0.337215 0.385829 0.353565 0.386101
0 0.437500 0.231250 0.418750 0.231250 0.418750 0.389063 0.437500 0.389063
0 0.376329 0.835419 0.360995 0.657538 0.335858 0.659705 0.351193 0.837586
0 0.617049 0.461218 0.603518 0.460596 0.595681 0.631051 0.609212 0.631674
0 0.243821 0.476784 0.219651 0.476500 0.217925 0.623226 0.242095 0.623510
0 0.453557 0.447485 0.414570 0.446004 0.407543 0.631062 0.446529 0.632542
0 0.264062 0.220312 0.250000 0.220312 0.250000 0.382812 0.264063 0.382812
0 0.488187 0.834124 0.476556 0.657710 0.461238 0.658720 0.472869 0.835134
0 0.998437 0.281250 0.996875 0.281250 0.996875 0.362500 0.998437 0.362500
0 0.656250 0.193750 0.625000 0.193750 0.625000 0.395313 0.656250 0.395313
0 0.260938 0.456250 0.242188 0.456250 0.242188 0.625000 0.260938 0.625000
0 0.837772 0.892444 0.811867 0.879012 0.750617 0.997137 0.776522 1.010569
0 0.439063 0.878125 0.414063 0.878125 0.414063 0.998437 0.439063 0.998437
0 0.555508 0.458064 0.521263 0.457418 0.518023 0.629173 0.552268 0.629819
0 0.867158 0.468463 0.846703 0.465110 0.819322 0.632138 0.839776 0.635491
0 0.820052 0.469407 0.794767 0.467208 0.780262 0.634017 0.805546 0.636216
0 0.710962 0.394880 0.696387 0.183547 0.653487 0.186505 0.668062 0.397838
0 0.220313 0.454688 0.203125 0.454688 0.203125 0.623437 0.220313 0.623437
0 0.300615 0.457263 0.273574 0.456124 0.266413 0.626201 0.293454 0.627340
0 0.626978 0.459607 0.613370 0.458988 0.605619 0.629517 0.619227 0.630135
0 0.849193 0.469376 0.824041 0.465319 0.797046 0.632689 0.822198 0.636746
0 0.771206 0.889710 0.758010 0.882453 0.695199 0.996656 0.708394 1.003914
0 0.798204 0.443649 0.762184 0.440544 0.745531 0.633720 0.781551 0.636825
0 0.511003 0.882011 0.474805 0.876219 0.455314 0.998038 0.491512 1.003829
0 0.995335 0.892930 0.964539 0.875137 0.894194 0.996888 0.924990 1.014681
0 0.255519 0.211139 0.234164 0.210642 0.230164 0.382642 0.251519 0.383139
0 0.728334 0.395005 0.721532 0.252174 0.697925 0.253298 0.704726 0.396129
0 0.423438 0.193750 0.381250 0.193750 0.381250 0.387500 0.423438 0.387500
0 0.537500 0.228125 0.510938 0.228125 0.510938 0.392188 0.537500 0.392188
0 0.501350 0.834131 0.491683 0.656903 0.468854 0.658148 0.478521 0.835376
0 0.520674 0.835539 0.511961 0.656924 0.489416 0.658024 0.498129 0.836639
0 0.206751 0.454771 0.192227 0.454592 0.190144 0.623374 0.204667 0.623553
0 0.200000 0.873437 0.173438 0.873437 0.173438 0.989062 0.200000 0.989062
0 0.173438 0.243750 0.154688 0.243750 0.154688 0.381250 0.173438 0.381250
0 0.892114 0.398245 0.885117 0.230308 0.860030 0.231353 0.867028 0.399291
0 0.988661 0.913127 0.939394 0.907848 0.929688 0.998438 0.978955 1.003716
0 0.617421 0.834026 0.612351 0.671782 0.597863 0.672235 0.602933 0.834479
0 0.917909 0.474519 0.893870 0.469712 0.861238 0.632873 0.885276 0.637680
0 0.236298 0.877999 0.202561 0.876466 0.197439 0.989159 0.231176 0.990693
0 0.841740 0.396784 0.835703 0.219681 0.811282 0.220514 0.817319 0.397616
0 0.650138 0.486401 0.622229 0.485490 0.617289 0.636994 0.645197 0.637904
0 0.699007 0.884562 0.676170 0.873745 0.617979 0.996592 0.640816 1.007410
0 0.573055 0.834301 0.568617 0.670063 0.554396 0.670447 0.558834 0.834685
0 0.482812 0.212500 0.437500 0.212500 0.437500 0.390625 0.482812 0.390625
0 0.969667 0.476652 0.935239 0.468905 0.898179 0.633614 0.932608 0.641360
0 0.786612 0.889500 0.768581 0.880009 0.706589 0.997794 0.724620 1.007284
0 0.846095 0.666868 0.804292 0.657367 0.763894 0.835118 0.805697 0.844619
0 0.678125 0.660937 0.645312 0.660937 0.645313 0.839063 0.678125 0.839063
0 0.759299 0.888466 0.736940 0.876205 0.671447 0.995633 0.693806 1.007894
0 0.354361 0.830846 0.338016 0.654321 0.312569 0.656678 0.328913 0.833202
0 0.956089 0.398377 0.952924 0.243276 0.926500 0.243815 0.929665 0.398916
0 0.523406 0.455602 0.492570 0.454539 0.486619 0.627125 0.517455 0.628188
0 0.371875 0.198438 0.351563 0.198438 0.351563 0.385938 0.371875 0.385938
0 0.539978 0.833751 0.532143 0.665293 0.511040 0.666274 0.518876 0.834733
0 0.583995 0.834280 0.578381 0.671489 0.565196 0.671944 0.570810 0.834735
0 0.190625 0.243750 0.171875 0.243750 0.171875 0.381250 0.190625 0.381250
0 0.595017 0.835775 0.588883 0.670146 0.575533 0.670640 0.581667 0.836269
0 0.679755 0.394810 0.673745 0.300645 0.650601 0.302123 0.656611 0.396287
0 0.730313 0.887813 0.703438 0.874375 0.642500 0.996250 0.669375 1.009688
0 0.794726 0.676665 0.763493 0.673378 0.746413 0.835642 0.777646 0.838930
0 0.604688 0.223438 0.571875 0.223438 0.571875 0.393750 0.604688 0.393750
0 0.330015 0.832222 0.313933 0.653016 0.284323 0.655674 0.300406 0.834879
0 0.717518 0.451686 0.683354 0.450466 0.676877 0.631819 0.711041 0.633039
0 0.628143 0.882544 0.601424 0.871542 0.549746 0.997046 0.576465 1.008048
0 0.795496 0.396140 0.782197 0.223244 0.733566 0.226985 0.746866 0.399881
0 0.370313 0.432812 0.317188 0.432812 0.317188 0.626563 0.370313 0.626563
0 0.396980 0.879329 0.354919 0.877025 0.348494 0.994288 0.390555 0.996593
0 0.381250 0.214063 0.370312 0.214063 0.370313 0.387500 0.381250 0.387500
0 0.890625 0.467188 0.839063 0.467188 0.839063 0.635938 0.890625 0.635938
0 0.452683 0.832663 0.443303 0.663827 0.424264 0.664885 0.433644 0.833721
0 0.259037 0.832735 0.241611 0.649252 0.208063 0.652438 0.225489 0.835922
0 0.224640 0.820337 0.211065 0.669143 0.194467 0.670633 0.208042 0.821828
0 0.207922 0.831248 0.194654 0.668864 0.172497 0.670674 0.185765 0.833059
0 0.492955 0.445902 0.462881 0.444852 0.456476 0.628271 0.486550 0.629322
