0 0.7829886683451721 0.16918562021440386 0.7677755716464063 0.10439679706646683 0.4266910660695755 0.18448702426418512 0.44190416276834144 0.24927584741212216
0 0.8003467446408681 0.23171405429375586 0.7863812031111146 0.1680778099319788 0.43554995296809 0.24507085757246277 0.44951549449784356 0.3087071019342398
0 0.8008343995343905 0.27921426338395416 0.7921391485991354 0.23558081114926618 0.4492727946041232 0.30390703409416003 0.4579680455393785 0.34754048632884804
0 0.8086062395435591 0.33873385042979426 0.7986077208026967 0.2794263282099145 0.44965393919051977 0.33825564352355747 0.4596524579313822 0.39756316574343725
0 0.8055791519537397 0.4364602031413029 0.7955073995956427 0.34063387363398123 0.45752534812843937 0.3761572161366199 0.46759710048653647 0.47198354564394157
0 0.7943951024909224 0.4795318709240256 0.788950905291579 0.4277338569155543 0.46650826586019906 0.46162398471570765 0.4719524630595425 0.5134219987241788
0 0.7646403799071253 0.5140813545281963 0.7605572372841245 0.4752328423824815 0.47113582571879736 0.5056522545118031 0.4752189683417982 0.5445007666575179
0 0.7438618250000001 0.568635490625 0.7392527421875001 0.5154404453125 0.4728128923559515 0.5385261166416511 0.47742197516845153 0.591721161954151
0 0.7951890541847415 0.6237467497459189 0.7925531702169393 0.5571247387994617 0.4759624353451846 0.5696505756895224 0.47859831931298685 0.6362725866359796
0 0.8230381646354793 0.6851510784533417 0.8225896612253916 0.6096145004967213 0.48330510381738023 0.6116290249179233 0.4837536072274681 0.6871656028745436
0 0.8271605857975757 0.6840578131630688 0.49061795239338435 0.6832120680272223 0.4904836980456063 0.7366351500316919 0.8270263314497976 0.7374808951675383
0 0.7402492792860951 0.7358389028951036 0.5508957148225854 0.7309745625444407 0.5499880415813743 0.7663074445390256 0.739341606044884 0.7711717848896884
0 0.7581275114491249 0.8128996243583542 0.757851388557762 0.772224685969039 0.5044718904281005 0.7739447593706508 0.5047480133194634 0.814619697759966
0 0.7539335350801061 0.8115532896013378 0.5203264323238229 0.8106896443602158 0.520265295068387 0.827226639451237 0.7538723978246702 0.8280902846923588
0 0.4190159369972452 0.3279213500616559 0.40623646572109307 0.19609415866298155 0.06286776218212942 0.2293806941451438 0.0756472334582815 0.36120788554381816
0 0.4244168406033776 0.39810840696822886 0.41622401365124395 0.3058383162690117 0.08023395114045209 0.33567147692733146 0.08842677809258573 0.42794156762654867
0 0.4343406161416402 0.45453085748753275 0.4267187489353038 0.382013635034657 0.09650640098357444 0.41672035132699925 0.1041282681899108 0.489237573779875
0 0.4403642769839114 0.5155439198937156 0.4307929422227167 0.44664786722050953 0.10208121197904359 0.49231390885887627 0.11165254674023832 0.5612099615320824
0 0.44686225569235083 0.5736662904476775 0.441418064697176 0.5218682748275476 0.11606178048451136 0.5560645993687098 0.12150597147968625 0.6078626149888396
0 0.396060251693329 0.6198230324950232 0.39287440538262197 0.5798681859340113 0.12012708923511264 0.601616011434402 0.12331293554581961 0.6415708579954139
0 0.4187465227030606 0.6481432677183577 0.4149380253511524 0.6061211334095415 0.12334382614080783 0.632548533011932 0.1271523234927161 0.6745706673207483
0 0.4610541096923814 0.6900076692986449 0.4539766623193723 0.6226702491051216 0.12959159044344906 0.6567644907347179 0.1366690378164582 0.7241019109282412
0 0.38844201062043937 0.7228302516741578 0.38737804218749994 0.699060590625 0.1422446474038131 0.7100331574348396 0.14330861583675253 0.7338028184839974
0 0.44059507072314813 0.7395755235936496 0.4332165623536133 0.6873145967404548 0.13926363544238174 0.7288166186536229 0.14664214381191654 0.7810775455068177
0 0.3996062780438973 0.7823731900178109 0.398638716236197 0.7494621792462308 0.14837178475570606 0.7568198604281161 0.1493393465634064 0.7897308711996962
0 0.40247523424434173 0.8120546012241162 0.40224896705428825 0.7805021987389505 0.15132969857043016 0.7823015798744062 0.15155596576048364 0.813853982359572
0 0.4079907462078392 0.8436628751630705 0.40742963025671797 0.8087356707054261 0.15429383300288366 0.8128023727459851 0.15485494895400492 0.8477295772036296