0 0.8487273141802065 0.2120145082740989 0.8387759919705605 0.07695422938307249 0.3898518572284529 0.11003122840296779 0.3998031794380989 0.24509150729399418
0 0.7935122850472359 0.17798665438579425 0.7871915109375001 0.13071776249999995 0.3960627587204394 0.1830193162694436 0.4023835328301752 0.2302882081552379
0 0.760321549129306 0.20460273943442284 0.7572162425459565 0.18393521625015147 0.4072833556043093 0.23651282256813394 0.4103886621876588 0.2571803457524053
0 0.7514834466533722 0.21931170431384137 0.7497196847804767 0.2056642233118043 0.41340456156460437 0.24912863931046297 0.4151683234375 0.26277612031250003
0 0.7620463698281306 0.270651205111902 0.754262412095214 0.21268628301636666 0.40928713357870006 0.25901211059960555 0.41707109131161657 0.3169770326951409
0 0.771543128403309 0.33265320496931916 0.7644973851139306 0.2701264134757918 0.4131373294373201 0.3097189256662721 0.4201830727266985 0.3722457171597995
0 0.7748834294299984 0.3873162320414429 0.7691670290903292 0.3329283139914966 0.41758799877228514 0.3698807578501681 0.4233043991119544 0.42426867590011447
0 0.7891861598094185 0.44865722131510444 0.782653131330448 0.38649960326877747 0.4281604636991577 0.4237582815452736 0.43469349217812825 0.48591589959160053
0 0.7618088223150405 0.5065804752919794 0.7569922362876688 0.4499320127778109 0.4310248038851098 0.47764768431780597 0.4358413899124816 0.5342961468319745
0 0.7605961393837137 0.5722457002908147 0.7573597043566358 0.5125141129994042 0.4426922536974346 0.5295637312227794 0.4459286887245126 0.58929531851419
0 0.7701573983811174 0.6274372667694232 0.7679995753546234 0.5744550078512062 0.44739282506391415 0.5875124471214834 0.4495506480904082 0.6404947060397005
0 0.7740650445367476 0.6631202167327922 0.7729061104053289 0.6254808088337469 0.45210586790608664 0.6353583911643985 0.45326480203750547 0.6729977990634438
0 0.779282691866471 0.7157330406450131 0.778032140022092 0.662469054603336 0.45616202830119307 0.6700260418244601 0.4574125801455722 0.723290027866137
0 0.7976215379995226 0.7635537953402876 0.7962958300545052 0.7055507759858662 0.46099207120616353 0.7132144262931592 0.4623177791511809 0.7712174456475805
0 0.8184941577916746 0.7865811605306922 0.81697331337702 0.7427187430047779 0.4655160113893603 0.7549048445665935 0.467036855804015 0.7987672620925077
0 0.8109025832750609 0.8179888902226866 0.8101842909396035 0.7855646156270975 0.47052123283786773 0.7930891439107824 0.4712395251733251 0.8255134185063717
0 0.8292205141952896 0.8528598764687251 0.8278457950323427 0.8068345958848034 0.47353061860994156 0.8174175593468653 0.47490533777288846 0.863442839930787