0 0.312118 0.909227 0.309152 0.823230 0.289456 0.823909 0.292421 0.909906
0 0.340625 0.826562 0.321875 0.826562 0.321875 0.912500 0.340625 0.912500
0 0.909832 0.236509 0.886166 0.233880 0.875743 0.327687 0.899409 0.330316
0 0.511707 0.592404 0.481851 0.590745 0.475716 0.701168 0.505572 0.702827
0 0.479203 0.924569 0.474305 0.841309 0.451498 0.842651 0.456395 0.925911
0 0.539063 0.723437 0.520313 0.723437 0.520313 0.821875 0.539063 0.821875
0 0.267098 0.556826 0.258107 0.457928 0.235003 0.460028 0.243993 0.558927
0 0.276563 0.351562 0.254688 0.351562 0.254688 0.434375 0.276563 0.434375
0 0.228344 0.796790 0.223763 0.700580 0.199339 0.701743 0.203920 0.797953
0 0.757812 0.239063 0.729688 0.239063 0.729688 0.326563 0.757812 0.326563
0 0.500000 0.723437 0.478125 0.723437 0.478125 0.821875 0.500000 0.821875
0 0.101662 0.806879 0.075080 0.805816 0.071783 0.888246 0.098365 0.889310
0 0.803381 0.369136 0.787129 0.368576 0.783948 0.460815 0.800200 0.461375
0 0.673693 0.358310 0.653767 0.357424 0.649404 0.455599 0.669330 0.456484
0 0.157537 0.265165 0.108272 0.252849 0.096599 0.299540 0.145864 0.311857
0 0.578209 0.234775 0.552453 0.234270 0.550740 0.321614 0.576496 0.322119
0 0.828522 0.612820 0.803445 0.610540 0.793071 0.724654 0.818148 0.726934
0 0.615625 0.235938 0.596875 0.235938 0.596875 0.321875 0.615625 0.321875
0 0.023438 0.340625 0.006250 0.340625 0.006250 0.423438 0.023438 0.423438
0 0.720997 0.369303 0.683482 0.368315 0.681169 0.456207 0.718684 0.457194
0 0.930068 0.099358 0.901087 0.097287 0.895209 0.179569 0.924191 0.181639
0 0.820367 0.098392 0.804688 0.096875 0.796820 0.178170 0.812500 0.179688
0 0.267179 0.093953 0.247176 0.093084 0.243900 0.168417 0.263903 0.169287
0 0.687895 0.611377 0.664608 0.610130 0.659095 0.713043 0.682382 0.714291
0 0.931987 0.248816 0.908048 0.247146 0.902230 0.330534 0.926169 0.332204
0 0.562672 0.090877 0.544002 0.090453 0.542081 0.174998 0.560750 0.175422
0 0.599664 0.355490 0.577319 0.354426 0.572773 0.449894 0.595118 0.450958
0 0.403301 0.584428 0.387075 0.584167 0.385308 0.693689 0.401534 0.693951
0 0.822070 0.868306 0.796322 0.866902 0.791139 0.961931 0.816886 0.963336
0 0.226562 0.092188 0.201563 0.092188 0.201563 0.167188 0.226562 0.167188
0 0.834539 0.241400 0.813746 0.239949 0.807679 0.326917 0.828471 0.328367
0 0.646875 0.734375 0.626563 0.734375 0.626563 0.831250 0.646875 0.831250
0 0.901857 0.494104 0.870875 0.491222 0.861089 0.596417 0.892071 0.599299
0 0.463100 0.470468 0.442976 0.470011 0.440705 0.569924 0.460829 0.570381
0 0.311899 0.220192 0.256514 0.217115 0.251591 0.305731 0.306976 0.308808
0 0.324982 0.796636 0.318061 0.706664 0.280184 0.709577 0.287105 0.799550
0 0.496875 0.842187 0.475000 0.842187 0.475000 0.928125 0.496875 0.928125
0 0.781250 0.239063 0.750000 0.239063 0.750000 0.326563 0.781250 0.326563
0 0.042188 0.562500 0.000000 0.562500 0.000000 0.665625 0.042188 0.665625
0 0.461111 0.359562 0.442028 0.358828 0.438765 0.443678 0.457847 0.444412
0 0.046875 0.685937 0.025000 0.685937 0.025000 0.782813 0.046875 0.782813
0 0.315625 0.093750 0.293750 0.093750 0.293750 0.168750 0.315625 0.168750
0 0.420765 0.813244 0.412554 0.714709 0.390183 0.716573 0.398394 0.815108
0 0.138251 0.424258 0.125900 0.333684 0.102263 0.336907 0.114614 0.427482
0 0.296875 0.459375 0.271875 0.459375 0.271875 0.560937 0.296875 0.560937
0 0.590118 0.599916 0.548311 0.592948 0.530068 0.702407 0.571875 0.709375
0 0.775000 0.618750 0.728125 0.618750 0.728125 0.720313 0.775000 0.720313
0 0.529198 0.590874 0.508748 0.590387 0.506037 0.704273 0.526486 0.704760
0 0.820426 0.746062 0.796967 0.744945 0.792000 0.849247 0.815459 0.850364
0 0.772371 0.865927 0.753491 0.864353 0.745959 0.954741 0.764838 0.956315
0 0.390758 0.094031 0.370420 0.093579 0.368687 0.171596 0.389024 0.172048
0 0.056250 0.448437 0.003125 0.448437 0.003125 0.543750 0.056250 0.543750
0 0.653943 0.348969 0.630535 0.348133 0.626752 0.454080 0.650159 0.454916
0 0.550474 0.087161 0.522422 0.084515 0.514088 0.172850 0.542141 0.175497
0 0.851769 0.101714 0.832419 0.100834 0.828769 0.181137 0.848119 0.182017
0 0.669125 0.479029 0.653522 0.477934 0.646110 0.583554 0.661713 0.584649
0 0.557157 0.362747 0.533802 0.361941 0.530786 0.449391 0.554142 0.450197
0 0.248438 0.093750 0.225000 0.093750 0.225000 0.167188 0.248438 0.167188
0 0.783422 0.488287 0.761968 0.486999 0.755819 0.589474 0.777273 0.590761
0 0.421949 0.464217 0.401284 0.463879 0.399593 0.567027 0.420258 0.567366
0 0.501240 0.361775 0.481466 0.360876 0.477574 0.446495 0.497349 0.447394
0 0.009375 0.682813 0.000000 0.682813 0.000000 0.779687 0.009375 0.779687
0 0.318497 0.353083 0.275169 0.345861 0.260684 0.432770 0.304012 0.439992
0 0.737491 0.862703 0.714098 0.861686 0.710262 0.949903 0.733656 0.950920
0 0.485303 0.597946 0.458986 0.596066 0.451856 0.695891 0.478173 0.697771
0 0.344289 0.228477 0.321629 0.227865 0.319390 0.310701 0.342051 0.311314
0 0.478125 0.465625 0.460938 0.465625 0.460938 0.570312 0.478125 0.570312
0 0.173438 0.225000 0.153125 0.225000 0.153125 0.303125 0.173438 0.303125
0 0.325000 0.825000 0.306250 0.825000 0.306250 0.910937 0.325000 0.910937
0 0.864323 0.748949 0.841139 0.748121 0.837410 0.852508 0.860595 0.853336
0 0.378319 0.808903 0.371063 0.709739 0.351541 0.711168 0.358797 0.810332
0 0.719321 0.238171 0.702616 0.236834 0.695794 0.322101 0.712500 0.323438
0 0.871500 0.616688 0.850063 0.613625 0.834031 0.725844 0.855469 0.728906
0 0.869902 0.100543 0.849672 0.099821 0.846768 0.181135 0.866998 0.181857
0 0.803792 0.617435 0.784585 0.615301 0.772713 0.722142 0.791921 0.724276
0 0.603125 0.729688 0.579688 0.729688 0.579688 0.829688 0.603125 0.829688
0 0.854438 0.615813 0.828625 0.612125 0.812375 0.725875 0.838188 0.729563
0 0.276562 0.092188 0.260937 0.092188 0.260937 0.168750 0.276562 0.168750
0 0.065625 0.337500 0.039063 0.337500 0.039063 0.403125 0.065625 0.403125
0 0.348490 0.562445 0.346793 0.464010 0.324198 0.464400 0.325895 0.562835
0 0.421131 0.584906 0.401847 0.584218 0.397904 0.694624 0.417188 0.695313
0 0.579688 0.726562 0.556250 0.726562 0.556250 0.826562 0.579688 0.826562
0 0.957181 0.883532 0.899612 0.879515 0.893260 0.970569 0.950828 0.974585
0 0.628125 0.731250 0.601563 0.731250 0.601563 0.829688 0.628125 0.829688
0 0.105317 0.888919 0.103028 0.804226 0.075303 0.804975 0.077592 0.889668
0 0.509375 0.225000 0.489063 0.225000 0.489063 0.317188 0.509375 0.317188
0 0.275415 0.795176 0.271917 0.704205 0.252654 0.704946 0.256153 0.795917
0 0.406309 0.231506 0.387534 0.231123 0.385846 0.313869 0.404620 0.314252
0 0.531481 0.226689 0.509519 0.225860 0.506039 0.318093 0.528001 0.318922
0 0.362938 0.807069 0.351886 0.707603 0.332508 0.709756 0.343559 0.809223
0 0.598437 0.237500 0.578125 0.237500 0.578125 0.321875 0.598437 0.321875
0 0.081517 0.689527 0.059416 0.688723 0.056024 0.782009 0.078125 0.782813
0 0.441394 0.464355 0.423651 0.463616 0.419294 0.568187 0.437037 0.568926
0 0.215625 0.226562 0.189063 0.226562 0.189063 0.304688 0.215625 0.304688
0 0.084375 0.448437 0.065625 0.448437 0.065625 0.523438 0.084375 0.523438
0 0.449081 0.815471 0.442163 0.716317 0.422708 0.717674 0.429626 0.816828
0 0.070313 0.089063 0.054688 0.089063 0.054688 0.162500 0.070313 0.162500
0 0.798388 0.238432 0.780397 0.236273 0.769662 0.325734 0.787653 0.327893
0 0.609375 0.096875 0.576562 0.096875 0.576562 0.178125 0.609375 0.178125
0 0.187861 0.428012 0.182473 0.336417 0.160673 0.337699 0.166061 0.429294
0 0.308411 0.687369 0.304553 0.577417 0.280953 0.578245 0.284811 0.688197
0 0.756820 0.864467 0.738180 0.863033 0.731176 0.954081 0.749816 0.955515
0 0.475000 0.840625 0.456250 0.840625 0.456250 0.926562 0.475000 0.926562
0 0.027258 0.686093 0.008730 0.685337 0.004910 0.778931 0.023438 0.779687
0 0.535771 0.362769 0.506609 0.360118 0.498796 0.446055 0.527959 0.448706
0 0.826831 0.357011 0.802027 0.355053 0.793681 0.460768 0.818485 0.462726
0 0.789233 0.361402 0.765264 0.360697 0.762324 0.460657 0.786293 0.461362
0 0.063169 0.689295 0.044183 0.688470 0.040183 0.780483 0.059169 0.781309
0 0.720313 0.090625 0.650000 0.090625 0.650000 0.179688 0.720313 0.179688
0 0.164905 0.427361 0.160522 0.341888 0.140023 0.342940 0.144406 0.428412
0 0.636102 0.238069 0.616384 0.237280 0.612947 0.323205 0.632665 0.323994
0 0.415625 0.351563 0.389062 0.351563 0.389063 0.442188 0.415625 0.442188
0 0.339063 0.576562 0.300000 0.576562 0.300000 0.689063 0.339063 0.689063
0 0.705967 0.240189 0.683359 0.238682 0.677641 0.324447 0.700249 0.325954
0 0.057470 0.096837 0.046341 0.082927 0.016044 0.107165 0.027172 0.121075
0 0.812500 0.240625 0.792942 0.239538 0.788163 0.325558 0.807721 0.326644
0 0.716250 0.861357 0.695900 0.859750 0.688825 0.949364 0.709175 0.950971
0 0.689246 0.480423 0.669770 0.478925 0.661645 0.584550 0.681121 0.586048
0 0.410938 0.346875 0.354688 0.346875 0.354688 0.439063 0.410938 0.439063
0 0.458872 0.839535 0.437213 0.838858 0.434530 0.924712 0.456189 0.925389
0 0.844535 0.748382 0.821217 0.746716 0.813825 0.850206 0.837143 0.851872
0 0.087688 0.092466 0.066530 0.091937 0.064767 0.162439 0.085926 0.162968
0 0.751742 0.097426 0.730044 0.096483 0.726459 0.178936 0.748157 0.179879
0 0.353125 0.345313 0.326563 0.345313 0.326563 0.435937 0.353125 0.435937
0 0.473807 0.233493 0.449317 0.232451 0.445791 0.315313 0.470281 0.316355
0 0.557813 0.225000 0.525000 0.225000 0.525000 0.320313 0.557813 0.320313
0 0.467919 0.816902 0.460449 0.716066 0.441169 0.717494 0.448638 0.818330
0 0.482934 0.816916 0.478805 0.719885 0.462379 0.720584 0.466508 0.817615
0 0.256250 0.350000 0.239063 0.350000 0.239063 0.432812 0.256250 0.432812
0 0.899191 0.366821 0.875754 0.365259 0.869269 0.462535 0.892706 0.464097
0 0.051563 0.448437 0.023438 0.448437 0.023438 0.543750 0.051563 0.543750
0 0.046875 0.800000 0.026563 0.800000 0.026563 0.882812 0.046875 0.882812
0 0.162808 0.090416 0.126135 0.088670 0.122550 0.163946 0.159223 0.165692
0 0.973503 0.884848 0.956657 0.883837 0.951140 0.975787 0.967986 0.976798
0 0.652452 0.481338 0.634562 0.480699 0.630920 0.582689 0.648810 0.583328
0 0.575612 0.847776 0.548527 0.846516 0.544387 0.935531 0.571472 0.936791
0 0.873564 0.364334 0.842384 0.363443 0.839528 0.463406 0.870708 0.464297
0 0.615907 0.473670 0.595737 0.472725 0.590729 0.579546 0.610900 0.580491
0 0.478641 0.096974 0.459711 0.096073 0.456063 0.172685 0.474993 0.173586
0 0.736338 0.240778 0.715386 0.239867 0.711689 0.324897 0.732642 0.325808
0 0.076563 0.803125 0.056250 0.803125 0.056250 0.889062 0.076563 0.889062
0 0.834509 0.100304 0.816099 0.099427 0.812235 0.180568 0.830646 0.181444
0 0.710716 0.483668 0.686745 0.482337 0.681139 0.583240 0.705111 0.584572
0 0.690352 0.366417 0.674170 0.365009 0.666290 0.455629 0.682472 0.457036
0 0.594271 0.849225 0.573478 0.848300 0.569525 0.937257 0.590317 0.938181
0 0.550215 0.475231 0.531879 0.474576 0.528312 0.574449 0.546648 0.575104
0 0.490625 0.223438 0.471875 0.223438 0.471875 0.317188 0.490625 0.317188
0 0.918750 0.365625 0.893750 0.365625 0.893750 0.465625 0.918750 0.465625
0 0.321875 0.707812 0.279688 0.707812 0.279688 0.796875 0.321875 0.796875
0 0.668529 0.736092 0.646680 0.735338 0.643286 0.833766 0.665135 0.834520
0 0.687933 0.736521 0.667931 0.735794 0.664314 0.835265 0.684316 0.835992
0 0.849929 0.872874 0.821946 0.870876 0.815347 0.963261 0.843330 0.965260
0 0.697048 0.859907 0.677033 0.858573 0.671114 0.947345 0.691130 0.948679
0 0.256315 0.798105 0.251165 0.700268 0.221232 0.701843 0.226381 0.799681
0 0.664226 0.098555 0.644775 0.097860 0.641984 0.175997 0.661435 0.176692
0 0.548712 0.362516 0.530210 0.361428 0.525054 0.449084 0.543556 0.450172
0 0.887577 0.238339 0.870450 0.236517 0.860760 0.327607 0.877886 0.329429
0 0.761241 0.742979 0.736213 0.740538 0.726236 0.842803 0.751264 0.845245
0 0.575000 0.345313 0.553125 0.345313 0.553125 0.450000 0.575000 0.450000
0 0.953824 0.102483 0.928981 0.100750 0.923325 0.181824 0.948168 0.183557
0 0.442220 0.097571 0.418294 0.096685 0.415520 0.171582 0.439446 0.172468
0 0.521875 0.723437 0.498438 0.723437 0.498438 0.821875 0.521875 0.821875
0 0.803240 0.096563 0.772678 0.094692 0.767442 0.180213 0.798004 0.182084
0 0.511715 0.592660 0.471794 0.590803 0.466684 0.700667 0.506605 0.702524
0 0.100000 0.090625 0.084375 0.090625 0.084375 0.164062 0.100000 0.164062
0 0.669541 0.736120 0.648547 0.735143 0.643938 0.834238 0.664932 0.835215
0 0.636794 0.480195 0.617584 0.478823 0.610287 0.580980 0.629497 0.582352
0 0.657925 0.239312 0.636023 0.238453 0.632705 0.323066 0.654607 0.323925
0 0.614713 0.851109 0.593844 0.849916 0.588812 0.937977 0.609681 0.939169
0 0.871989 0.241159 0.855526 0.239329 0.845751 0.327306 0.862214 0.329135
0 0.731132 0.606378 0.705060 0.602304 0.687342 0.715698 0.713415 0.719772
0 0.678125 0.239063 0.656250 0.239063 0.656250 0.323438 0.678125 0.323438
0 0.228185 0.815887 0.211037 0.815529 0.209217 0.902894 0.226365 0.903251
0 0.632117 0.351675 0.618085 0.351023 0.613361 0.452584 0.627393 0.453236
0 0.854836 0.241174 0.830009 0.239742 0.824983 0.326862 0.849810 0.328294
0 0.747290 0.371826 0.704833 0.368474 0.697845 0.456984 0.740302 0.460336
0 0.546875 0.845313 0.523438 0.845313 0.523438 0.932813 0.546875 0.932813
0 0.032813 0.446875 0.017188 0.446875 0.017188 0.542188 0.032813 0.542188
0 0.731250 0.093750 0.659375 0.093750 0.659375 0.179688 0.731250 0.179688
0 0.131947 0.701086 0.090307 0.682869 0.052976 0.768197 0.094616 0.786414
0 0.440625 0.357813 0.418750 0.357813 0.418750 0.443750 0.440625 0.443750
0 0.461908 0.096440 0.442796 0.095007 0.436961 0.172811 0.456072 0.174244
0 0.629014 0.098731 0.604985 0.097466 0.600837 0.176278 0.624866 0.177542
0 0.359375 0.828125 0.339063 0.828125 0.339063 0.914062 0.359375 0.914062
0 0.362500 0.229687 0.342187 0.229687 0.342187 0.312500 0.362500 0.312500
0 0.845472 0.491230 0.818226 0.489500 0.811630 0.593397 0.838876 0.595127
0 0.779688 0.740625 0.753125 0.740625 0.753125 0.845313 0.779688 0.845313
0 0.399007 0.810533 0.391369 0.711241 0.368667 0.712987 0.376305 0.812279
0 0.521893 0.098184 0.498641 0.096562 0.493217 0.174309 0.516468 0.175931
0 0.418432 0.919895 0.418430 0.833034 0.398950 0.833034 0.398951 0.919895
0 0.406456 0.917633 0.405520 0.829933 0.379391 0.830212 0.380327 0.917912
0 0.379337 0.915301 0.377892 0.828611 0.356087 0.828974 0.357532 0.915664
0 0.676544 0.856480 0.655423 0.855752 0.652337 0.945350 0.673458 0.946078
0 0.655460 0.855129 0.634373 0.854070 0.629908 0.943036 0.650994 0.944095
0 0.633644 0.851058 0.612519 0.850363 0.609516 0.941590 0.630641 0.942286
0 0.612661 0.849628 0.592911 0.848917 0.589689 0.938473 0.609439 0.939184
0 0.898764 0.965154 0.880537 0.869632 0.849481 0.875558 0.867707 0.971080
0 0.956771 0.880954 0.898520 0.876605 0.891568 0.969709 0.949819 0.974058
0 0.797887 0.743595 0.777104 0.742142 0.769959 0.844323 0.790742 0.845776
0 0.737902 0.739143 0.710910 0.736072 0.699150 0.839460 0.726142 0.842530
0 0.711157 0.736990 0.688389 0.735477 0.681681 0.836438 0.704449 0.837951
0 0.343970 0.805924 0.332712 0.706306 0.317170 0.708063 0.328428 0.807681
0 0.185260 0.696530 0.159199 0.694707 0.152849 0.785507 0.178910 0.787330
0 0.208756 0.792398 0.197459 0.694750 0.175049 0.697343 0.186346 0.794990
0 0.355668 0.690281 0.354269 0.580254 0.330598 0.580555 0.331997 0.690582
0 0.364288 0.580976 0.354985 0.580947 0.354649 0.690338 0.363952 0.690367
0 0.386839 0.692737 0.386081 0.581026 0.363467 0.581179 0.364224 0.692890
0 0.436762 0.696829 0.435995 0.584488 0.415761 0.584626 0.416527 0.696967
0 0.456947 0.592094 0.439586 0.591246 0.434558 0.694154 0.451919 0.695002
0 0.467360 0.594940 0.449853 0.594853 0.449348 0.696818 0.466855 0.696904
0 0.609973 0.596299 0.588539 0.594671 0.579862 0.708931 0.601296 0.710559
0 0.633111 0.598911 0.609829 0.597114 0.601088 0.710327 0.624369 0.712124
0 0.657649 0.601579 0.633850 0.598496 0.619546 0.708920 0.643345 0.712003
0 0.672334 0.603132 0.652919 0.600902 0.640076 0.712746 0.659490 0.714975
0 0.741475 0.612836 0.726814 0.610832 0.712443 0.715985 0.727103 0.717989
0 0.782315 0.610737 0.755924 0.608891 0.748156 0.719979 0.774547 0.721825
0 0.739142 0.482206 0.716800 0.480971 0.711030 0.585356 0.733373 0.586591
0 0.720073 0.473543 0.709203 0.472975 0.703344 0.584965 0.714214 0.585534
0 0.870449 0.491438 0.846914 0.489345 0.837662 0.593376 0.861198 0.595469
0 0.818363 0.488698 0.797910 0.487268 0.790661 0.590934 0.811114 0.592364
0 0.797060 0.489943 0.782875 0.488951 0.775782 0.590390 0.789967 0.591382
0 0.593027 0.481909 0.578296 0.481416 0.575092 0.577025 0.589823 0.577519
0 0.582812 0.529687 0.575000 0.529687 0.575000 0.532813 0.582812 0.532813
0 0.577841 0.480673 0.561814 0.480198 0.558983 0.575600 0.575009 0.576076
0 0.562326 0.476053 0.547784 0.475689 0.545304 0.574743 0.559847 0.575107
0 0.531066 0.470012 0.513397 0.469532 0.510583 0.572946 0.528252 0.573427
0 0.514955 0.469658 0.498496 0.468853 0.493500 0.570870 0.509960 0.571676
0 0.497654 0.467106 0.477210 0.466644 0.474824 0.572127 0.495268 0.572589
0 0.384529 0.564150 0.382199 0.462966 0.363414 0.463398 0.365744 0.564583
0 0.392131 0.464427 0.378122 0.464305 0.377253 0.564368 0.391261 0.564490
0 0.402941 0.464352 0.392748 0.464022 0.389464 0.565609 0.399656 0.565939
0 0.366476 0.564390 0.366014 0.457854 0.341856 0.457958 0.342317 0.564495
0 0.343975 0.562623 0.343582 0.462462 0.332845 0.462504 0.333239 0.562665
0 0.335124 0.562670 0.333658 0.459718 0.317050 0.459955 0.318516 0.562907
0 0.322721 0.561667 0.319902 0.457680 0.309294 0.457968 0.312113 0.561955
0 0.313457 0.560306 0.307984 0.456855 0.290490 0.457780 0.295963 0.561232
0 0.281065 0.557464 0.277794 0.458387 0.259608 0.458988 0.262879 0.558064
0 0.244028 0.555422 0.237663 0.458116 0.224631 0.458968 0.230996 0.556275
0 0.325290 0.348742 0.303459 0.348721 0.303376 0.435540 0.325207 0.435561
0 0.617206 0.363172 0.597066 0.362320 0.593291 0.451556 0.613430 0.452408
0 0.764922 0.369925 0.745140 0.369019 0.741050 0.458280 0.760832 0.459187
0 0.840943 0.360872 0.818913 0.360208 0.815848 0.461835 0.837878 0.462499
0 0.449041 0.315124 0.448348 0.233148 0.427637 0.233323 0.428331 0.315299
0 0.428764 0.231326 0.405784 0.230770 0.403791 0.313194 0.426770 0.313750
0 0.390169 0.228948 0.372623 0.228479 0.370406 0.311518 0.387952 0.311986
0 0.253526 0.306803 0.253297 0.227079 0.238162 0.227122 0.238390 0.306846
0 0.239536 0.226013 0.215049 0.225745 0.214178 0.305552 0.238664 0.305820
0 0.794566 0.866928 0.770815 0.865267 0.764344 0.957799 0.788096 0.959460
0 0.898234 0.965543 0.881224 0.869429 0.850344 0.874894 0.867354 0.971008
0 0.370435 0.094786 0.350655 0.093875 0.347189 0.169167 0.366968 0.170078
0 0.349902 0.083488 0.317527 0.082881 0.315905 0.169350 0.348280 0.169957
0 0.581593 0.097083 0.561026 0.096603 0.559195 0.175035 0.579762 0.175515
0 0.503753 0.086060 0.478351 0.084282 0.472168 0.172608 0.497569 0.174386
