0 0.8827811798146421 0.037846272856816035 0.8792729239413253 -0.023127810615291417 -0.0032824881259103543 0.02765163585771301 0.00022576774740641763 0.08862571932982047
0 0.7543709445814458 0.03577588932879734 0.7520380990014053 0.01051277284045209 -0.0019993932962110036 0.08014206944377879 0.00033345228382958557 0.10540518593212404
0 0.8614957720661602 0.07358874819929086 0.8569749278809038 0.024063349598294915 -0.003937202513037382 0.10265029101929546 0.0005836416722190402 0.1521756896202914
0 0.874073919575501 0.16594947300415924 0.8711552707508037 0.0740753630700641 -0.0029186488246973888 0.1018428681909049 1.3877787807814458e-18 0.19371697812500005
0 0.9135704883181989 0.23801375102488911 0.9104502519429254 0.16198952913880021 -0.0030751958067085096 0.19948304450916882 0.0000450405685649552 0.2755072663952577
0 0.8906845714091458 0.24258334384260713 0.8876924898368891 0.20392501767584745 -0.0026560996639020036 0.2728363201476208 0.0003359819083546767 0.31149464631438045
0 0.9892633249566266 0.27278744328992593 0.986688753418866 0.23371984713328614 -0.002476833658268579 0.29890628851069523 0.00009773787949206859 0.337973884667335
0 0.879453391049266 0.3951956478687907 0.8764856063806088 0.27920379743135787 -0.00288710305605588 0.3017035578477974 0.00008068161260137152 0.4176954082852302
0 0.7698336401981557 0.40163215719511836 0.7677370138085757 0.36814335933874726 -0.0018600074440138393 0.4163253642891972 0.00023661894556610276 0.4498141621455683
0 0.935630096233802 0.4516950965210883 0.9324369596387664 0.3931885563429412 -0.0023793143435092644 0.4442084260019333 0.0008138222515263527 0.5027149661800804
0 0.9038612839537933 0.510127413502571 0.9008969426808802 0.4535644125362935 0.002823853477680735 0.5006304288179391 0.0057881947505937755 0.5571934297842166
0 0.8839708859467892 0.5287915387201031 0.8831031259286728 0.5114919914533272 0.003973851228038172 0.555589864280668 0.004841611246154537 0.5728894115474439
0 0.8446607282929346 0.5778118819942843 0.8424311439929234 0.5310397540660208 0.003078930903950597 0.571050901716885 0.005308515203961842 0.6178230296451486
0 0.9599699559888533 0.6519164792026688 0.9556767720577619 0.5699976495737917 0.007325459836733761 0.6196986356975177 0.011618643767825088 0.7016174653263948
0 0.909369706707591 0.7491414116952894 0.9055070387028442 0.6548348478539288 0.011336547058205488 0.6914588494947325 0.015199215062952392 0.7857654133360931
0 0.9772462848941321 0.8528064300708893 0.972607612965587 0.697524392420193 0.01630586065074916 0.7260915735365321 0.02094453257929456 0.8813736111872282
0 0.9658887544950616 0.9907634778214021 0.9649229633830603 0.8552859517300228 0.022400525506586895 0.8620049981993908 0.023366316618588324 0.9974825242907702
0 0.8246079568002278 0.1691129711033395 0.8207829826474367 0.12319700584508922 -0.003445237937925305 0.19185834448859235 0.0003797362148658362 0.2377743097468426