0 0.8831649945354014 0.23551357819017232 0.8106282002638883 0.22916743176676943 0.7822004515511604 0.5540981255139389 0.8547372458226734 0.5604442719373418
0 0.810287751132433 0.23305881739105044 0.7462846990685068 0.22745927610312772 0.7178569479706262 0.5523899695337275 0.7818600000345524 0.5579895108216502
0 0.7503813459549857 0.22977827234902914 0.6863782916570125 0.22417873078576966 0.6581207663350955 0.5471637300170722 0.7221238206330688 0.5527632715803317
0 0.6860378406451122 0.22807011556009993 0.6220347882838151 0.22247057415910138 0.5939474889361598 0.5435098811485691 0.6579505412974569 0.5491094225495676
0 0.8572674509692068 0.8977561838294534 0.8536231313302457 0.5543865587109377 0.777281138505016 0.5551968069198011 0.7809254581439771 0.8985664320383169
0 0.7894136883062403 0.554193075208264 0.7212039050326325 0.552549478947749 0.7130689564426622 0.8901525105401576 0.7812787397162699 0.8917961068006728
0 0.7218336854713385 0.5501114306951214 0.6564716997230825 0.5496087843989068 0.6538995502997371 0.8840801516748662 0.7192615360479933 0.8845827979710809
0 0.6605523097507696 0.5470503750124891 0.590601550614548 0.5462256157083081 0.5866677825878834 0.8798624214236496 0.656618541724105 0.8806871807278307
0 0.6022727328922597 0.39850651468827586 0.09804296754853987 0.3630674750862181 0.0956041748841996 0.39776683112607203 0.5998339402279195 0.43320587072812977
0 0.5992623218623611 0.43310664033305013 0.10351686095813242 0.3952849919820704 0.10079915764069966 0.43090715924455997 0.5965446185449282 0.46872880759553964
0 0.6005021087905933 0.46711727926857555 0.07925265455950607 0.42876294851717595 0.07671211026684548 0.4632898793762398 0.5979615644979327 0.5016442101276394
0 0.6017070910025366 0.5024910924912487 0.1660478858675685 0.46808017337612107 0.16333102105127276 0.5024770217243602 0.5989902261862408 0.5368879408394878
0 0.5946502946382501 0.5350687479680406 0.16734565085217348 0.5019490490386251 0.16482588465803433 0.5344586379182071 0.592130528444111 0.5675783368476226
0 0.5961273916520681 0.5665458317776845 0.07039141709883304 0.5278613760103992 0.06799418553470159 0.5604406342059929 0.5937301600879367 0.5991250899732783
0 0.5933232651400357 0.5994146915885007 0.00019487927039025244 0.5526130321970527 -0.002556121560321134 0.5874771097417917 0.5905722643093243 0.6342787691332397
0 0.5945294901121135 0.6349074691351604 0.0013010133387344803 0.5863292650651535 -0.0016304132585927167 0.622127330646155 0.5915980635147864 0.6707055347161619
0 0.5914165358935655 0.6707265171184392 0.019655939302117377 0.6207039602819201 0.016421645063893275 0.6576721226500069 0.5881822416553415 0.7076946794865261
0 0.5922788859803949 0.7100136747671004 0.34480041931074135 0.688362114212981 0.34173635013329584 0.7233845847600154 0.5892148168029493 0.7450361453141349
0 0.5933114612984353 0.7473551411571842 0.4311703970820261 0.7331696296848058 0.4284467783251545 0.7643007203486027 0.5905878425415636 0.7784862318209811
0 0.5904176171284622 0.7804319181784346 0.41974281226088445 0.7654998071275138 0.41701919523587555 0.7966308911846965 0.5876940001034533 0.8115630022356175
0 0.5919608700584704 0.8119363041890647 0.3956848454891095 0.794764377511721 0.3929612285194709 0.8258954626424087 0.5892372530888318 0.8430673893197526
0 0.5124335905888938 0.8363479396914812 0.354559397043064 0.8225357375255868 0.35183578007171346 0.8536668220344319 0.5097099736175432 0.8674790242003263
0 0.9155733122566228 0.8971057072453356 0.010996848653751123 0.8179655274397286 0.002145094116540103 0.9191415525083968 0.9067215577194115 0.9982817323140039