0 0.952860660573178 0.2477397366805824 0.9505069034299952 0.190916505291426 -0.0017996944473994095 0.23036337239940513 0.0005540626957833625 0.28718660378856153
0 0.9086822712625231 0.30104134426035106 0.9059655142057329 0.2437400466194753 -0.0011396473069218787 0.28674752551175786 0.0015771097498683718 0.34404882315263363
0 0.9124240617413821 0.37081647574800936 0.9085397524934017 0.29669943959608197 0.018861575236062165 0.34332549685724123 0.022745884484042727 0.41744253300916856
0 0.9793434494223272 0.42011612486539296 0.9766857645079643 0.3694044681501222 0.4163596044990072 0.3987699134744567 0.4190172894133702 0.44948157018972745
0 0.8686506975614915 0.43649742093027166 0.8678968533513347 0.42013055169061975 0.41859999217443516 0.44082478664053193 0.419353836384592 0.45719165588018384
0 0.8575505920871415 0.46952673566505754 0.8557106562252912 0.4344186659626635 0.42370346330071235 0.45705920227175545 0.4255433991625626 0.4921672719741495
0 0.8336802591620881 0.5063501331935643 0.8321130537311449 0.4726259599069322 0.42554225954354774 0.4915198242960769 0.42710946497449076 0.525243997582709
0 0.8438220477383677 0.535414082318095 0.8424724499331531 0.5055991783165041 0.3204458234399192 0.5292291718707783 0.32179542124513383 0.5590440758723692
0 0.9025478813598072 0.7602754678355121 0.8383246717156341 0.520285841240778 0.7097207400401531 0.554701317368864 0.7739439496843262 0.7946909439635981
0 0.7562675132533723 0.5834921439587581 0.7542479506990896 0.5386484385548671 0.32634763481087975 0.5579191800591721 0.32836719736516246 0.6027628854630631
0 0.09140309259404718 0.6441166643611226 0.05773088128315074 0.6308440065526008 0.0329670958083025 0.6936687572089026 0.06663930711919894 0.7069414150174244
0 0.7623847649231882 0.6944387756586938 0.7579967049957002 0.6260243452459024 0.07382269096348734 0.6699068500959617 0.07821075089097533 0.7383212805087531
0 0.8224757717638221 0.7823379792262573 0.8206358343310202 0.7472299121490973 0.06783122364750689 0.7866827643878245 0.06967116108030887 0.8217908314649846
0 0.7999861136413069 0.7502256212706326 0.7952092910791787 0.6796269843734035 0.06389107405203409 0.7291092054575865 0.0686678966141623 0.7997078423548156
0 0.6373592896615008 0.029167324757872794 0.6354780372048572 -0.001003573270024921 0.24644563085949156 0.023253847555649226 0.24832688331613523 0.05342474558354694