0 0.388401 0.758337 0.287534 0.480953 0.229197 0.502167 0.330064 0.779551
0 0.640380 0.230975 0.577118 -0.016142 0.511763 0.000589 0.575025 0.247706
0 0.613793 0.986646 0.556437 0.794862 0.449205 0.826932 0.506561 1.018715
0 0.791100 0.652029 0.665829 0.335166 0.601847 0.360462 0.727118 0.677324
0 0.903776 0.617790 0.789425 0.304943 0.761849 0.315023 0.876200 0.627870
0 0.187545 0.357559 0.089844 0.085182 0.050675 0.099231 0.148376 0.371608
0 0.920267 0.153744 0.883037 -0.014883 0.813826 0.000397 0.851055 0.169024
0 0.262561 0.336518 0.181125 0.072267 0.153375 0.080819 0.234811 0.345070
0 0.682127 0.682535 0.558180 0.390375 0.516890 0.407892 0.640837 0.700052
0 0.998437 0.765625 0.984375 0.765625 0.984375 0.893750 0.998437 0.893750
0 0.863659 0.633866 0.750399 0.314180 0.699319 0.332277 0.812579 0.651963
0 0.796150 0.942444 0.753694 0.748362 0.720237 0.755681 0.762692 0.949763
0 1.016377 0.586308 0.919561 0.290897 0.891224 0.300185 0.988039 0.595595
0 0.342553 0.763844 0.233578 0.511220 0.201780 0.524937 0.310755 0.777560
0 0.549029 0.712904 0.410804 0.402602 0.336275 0.435802 0.474500 0.746103
0 0.594045 0.702830 0.466405 0.392353 0.419772 0.411524 0.547413 0.722001
0 0.231349 0.345985 0.146451 0.072070 0.120750 0.080036 0.205647 0.353951
0 0.083364 0.813143 0.055882 0.703217 0.036397 0.708088 0.063879 0.818015
0 0.306875 0.323750 0.224844 0.077656 0.179375 0.092812 0.261406 0.338906
0 0.885627 0.924162 0.853624 0.723003 0.792113 0.732789 0.824115 0.933948
0 0.261094 0.336406 0.170781 0.065469 0.140313 0.075625 0.230625 0.346562
0 0.144717 0.369919 0.051819 0.095094 0.013187 0.108152 0.106086 0.382978
0 0.501168 0.997591 0.447363 0.823947 0.392667 0.840895 0.446473 1.014539
0 0.796835 0.186884 0.749513 -0.015928 0.679571 0.000392 0.726893 0.203204
0 0.974375 0.598125 0.875938 0.302812 0.841719 0.314219 0.940156 0.609531
0 0.767647 0.948713 0.719577 0.756434 0.650460 0.773713 0.698529 0.965993
0 0.998437 0.684375 0.960938 0.684375 0.960938 0.898438 0.998437 0.898438
0 0.814603 0.937079 0.775421 0.741166 0.754087 0.745433 0.793269 0.941346
0 0.357268 0.310149 0.274763 0.040133 0.254002 0.046477 0.336506 0.316493
0 0.420905 0.292072 0.347235 0.032060 0.314112 0.041444 0.387782 0.301456
0 0.195000 0.355313 0.104219 0.082969 0.085000 0.089375 0.175781 0.361719
0 0.452498 0.283207 0.371091 0.015728 0.338138 0.025757 0.419545 0.293236
0 0.956535 0.911608 0.934906 0.702531 0.855636 0.710732 0.877265 0.919809
0 0.394567 0.298036 0.318965 0.046029 0.304487 0.050373 0.380089 0.302380
0 0.945810 0.612027 0.831359 0.281392 0.786924 0.296774 0.901375 0.627409
0 0.816269 0.642314 0.706467 0.354084 0.678332 0.364802 0.788134 0.653032
0 0.214844 0.350781 0.123906 0.077969 0.102812 0.085000 0.193750 0.357812
0 0.403557 0.737573 0.300812 0.492312 0.267869 0.506112 0.370613 0.751373
0 0.863888 0.634331 0.749847 0.313931 0.681330 0.338319 0.795370 0.658719
0 0.966492 0.901194 0.960050 0.695047 0.934636 0.695841 0.941078 0.901988
0 0.339021 0.314533 0.253621 0.045193 0.216430 0.056986 0.301830 0.326325
0 0.371645 0.306431 0.288336 0.037571 0.271811 0.042691 0.355120 0.311552
0 0.995937 0.594062 0.899062 0.303437 0.876563 0.310937 0.973437 0.601562
0 0.852338 0.170755 0.812627 -0.011916 0.755218 0.000564 0.794929 0.183236
0 0.729517 0.671179 0.594741 0.346493 0.547186 0.366233 0.681962 0.690919
0 0.704299 0.964416 0.650505 0.773149 0.609826 0.784590 0.663620 0.975857
0 0.384522 0.302860 0.307223 0.032311 0.285348 0.038561 0.362647 0.309110
0 1.017684 0.524310 0.951508 0.287469 0.920773 0.296057 0.986949 0.532897
0 0.912691 0.914215 0.890396 0.713567 0.853868 0.717626 0.876162 0.918274
0 0.636316 0.689442 0.512477 0.390459 0.470454 0.407865 0.594293 0.706848
0 0.665625 0.973437 0.611321 0.783373 0.559110 0.798290 0.613414 0.988355
0 0.554009 0.254658 0.477594 -0.012795 0.373379 0.016981 0.449794 0.284434
0 0.578247 0.248228 0.510933 -0.006603 0.483154 0.000735 0.550468 0.255566
0 0.879580 0.626798 0.771383 0.338271 0.753746 0.344884 0.861943 0.633412
0 0.730699 0.205607 0.673805 -0.021967 0.582996 0.000735 0.639890 0.228309
0 0.443002 0.997673 0.392003 0.839010 0.349012 0.852829 0.400011 1.011492
0 1.003900 0.456462 0.961595 0.285405 0.949452 0.288408 0.991756 0.459465
0 0.828225 0.933497 0.792237 0.737204 0.774400 0.740475 0.810387 0.936768
0 0.472879 0.736670 0.333381 0.417818 0.274283 0.443673 0.413781 0.762526
