0 0.936491 0.407729 0.913391 0.404030 0.890740 0.545487 0.913840 0.549186
0 0.861951 0.327956 0.833446 0.156926 0.791892 0.163851 0.820397 0.334882
0 0.546693 0.778318 0.520170 0.624486 0.499450 0.628058 0.525973 0.781891
0 0.665959 0.810412 0.637024 0.801178 0.588541 0.953092 0.617476 0.962326
0 0.617872 0.771520 0.593763 0.618830 0.579160 0.621136 0.603269 0.773826
0 0.260855 0.614913 0.242933 0.459589 0.224430 0.461724 0.242352 0.617048
0 0.323116 0.804350 0.288325 0.638581 0.250097 0.646604 0.284888 0.812373
0 0.801095 0.333641 0.772735 0.170571 0.748535 0.174779 0.776895 0.337850
0 0.489117 0.825115 0.458020 0.824549 0.455286 0.974869 0.486384 0.975434
0 0.648506 0.766718 0.626385 0.616294 0.615634 0.617875 0.637755 0.768299
0 0.881250 0.409375 0.828125 0.409375 0.828125 0.556250 0.881250 0.556250
0 0.679895 0.574249 0.670934 0.403997 0.637884 0.405736 0.646845 0.575988
0 0.576006 0.584520 0.562898 0.416304 0.533490 0.418596 0.546598 0.586811
0 0.867492 0.608693 0.842890 0.604352 0.819248 0.738323 0.843850 0.742665
0 0.669841 0.347326 0.646576 0.215494 0.623757 0.219521 0.647022 0.351353
0 0.792152 0.404966 0.767621 0.403867 0.760471 0.563552 0.785002 0.564650
0 0.986135 0.315056 0.963978 0.145188 0.928375 0.149832 0.950531 0.319700
0 0.823218 0.331520 0.796573 0.174985 0.773182 0.178966 0.799826 0.335502
0 0.282241 0.385237 0.267101 0.228789 0.245528 0.230876 0.260668 0.387324
0 0.813459 0.586203 0.775475 0.582205 0.757205 0.755775 0.795188 0.759773
0 0.998437 0.453125 0.981250 0.453125 0.981250 0.542188 0.998437 0.542188
0 0.649170 0.578417 0.637982 0.406864 0.601249 0.409260 0.612437 0.580813
0 0.467419 0.786736 0.434869 0.630496 0.417523 0.634110 0.450073 0.790349
0 0.953125 0.776563 0.854688 0.776563 0.854688 0.923438 0.953125 0.923438
0 0.246291 0.387799 0.228290 0.218070 0.209303 0.220083 0.227305 0.389812
0 0.287577 0.385236 0.273637 0.228420 0.253760 0.230187 0.267699 0.387003
0 0.453314 0.974652 0.447005 0.829546 0.433782 0.830121 0.440091 0.975227
0 0.166322 0.625889 0.148606 0.484159 0.129952 0.486490 0.147668 0.628221
0 0.378911 0.602906 0.360132 0.446409 0.342572 0.448516 0.361352 0.605013
0 0.349542 0.800695 0.315843 0.636414 0.289046 0.641910 0.322744 0.806192
0 0.383721 0.376389 0.362674 0.194862 0.321918 0.199587 0.342964 0.381115
0 0.488022 0.788466 0.456601 0.621696 0.433486 0.626051 0.464907 0.792821
0 0.269964 0.615519 0.256203 0.457273 0.240695 0.458622 0.254456 0.616868
0 0.567610 0.775971 0.541681 0.620397 0.520904 0.623860 0.546833 0.779434
0 0.921647 0.781366 0.897175 0.772153 0.840665 0.922258 0.865137 0.931471
0 0.898391 0.787611 0.873095 0.777071 0.813230 0.920747 0.838526 0.931287
0 0.347332 0.379210 0.325785 0.217604 0.313503 0.219241 0.335050 0.380847
0 0.524635 0.364232 0.506253 0.204047 0.464993 0.208781 0.483375 0.368967
0 0.715883 0.759180 0.699527 0.606524 0.678893 0.608735 0.695249 0.761391
0 0.620095 0.583543 0.607300 0.442802 0.582928 0.445018 0.595722 0.585758
0 0.263462 0.385817 0.244832 0.236779 0.225986 0.239135 0.244615 0.388173
0 0.840982 0.611943 0.820398 0.608811 0.800170 0.741738 0.820753 0.744870
0 0.528661 0.782380 0.499659 0.615616 0.478426 0.619309 0.507428 0.786072
0 0.219668 0.813549 0.191040 0.675184 0.172595 0.679000 0.201222 0.817366
0 0.401562 0.440625 0.281250 0.440625 0.281250 0.610938 0.401562 0.610938
0 0.804101 0.797812 0.783772 0.790306 0.731353 0.932274 0.751682 0.939780
0 0.583211 0.774624 0.554356 0.624165 0.536044 0.627676 0.564899 0.778136
0 0.318680 0.382543 0.305278 0.230646 0.291369 0.231874 0.304772 0.383770
0 0.475229 0.595808 0.456307 0.425514 0.425953 0.428887 0.444874 0.599181
0 0.202815 0.393520 0.184200 0.266937 0.162204 0.270172 0.180819 0.396755
0 1.006791 0.581671 0.962019 0.572716 0.929507 0.735276 0.974279 0.744231
0 0.443798 0.972720 0.435684 0.830729 0.416506 0.831825 0.424620 0.973816
0 0.934380 0.594486 0.899387 0.590369 0.881981 0.738321 0.916974 0.742438
0 0.883888 0.325439 0.862316 0.178749 0.837081 0.182461 0.858653 0.329150
0 0.605779 0.771816 0.582445 0.621206 0.569722 0.623177 0.593056 0.773787
0 1.000933 0.387165 0.977859 0.384418 0.959213 0.541052 0.982286 0.543799
0 0.417977 0.796023 0.382995 0.626111 0.356631 0.631539 0.391613 0.801451
0 0.605931 0.816806 0.571377 0.807467 0.530086 0.960243 0.564640 0.969582
0 0.998437 0.804688 0.960938 0.804688 0.960938 0.909375 0.998437 0.909375
0 0.732208 0.803615 0.703980 0.793351 0.650331 0.940887 0.678558 0.951152
0 0.342012 0.987219 0.328234 0.842549 0.268876 0.848202 0.282654 0.992872
0 0.308259 0.383256 0.291013 0.231878 0.268403 0.234454 0.285649 0.385832
0 0.585744 0.582640 0.576342 0.422807 0.562328 0.423631 0.571730 0.583464
0 0.283939 0.808158 0.249059 0.641512 0.218111 0.647990 0.252991 0.814636
0 0.950038 0.319029 0.927884 0.156567 0.900273 0.160332 0.922426 0.322794
0 0.651337 0.350325 0.615712 0.154388 0.576113 0.161588 0.611737 0.357525
0 0.361582 0.605641 0.341100 0.426419 0.293463 0.431863 0.313945 0.611085
0 0.460415 0.971798 0.457780 0.829486 0.445949 0.829705 0.448585 0.972017
0 0.783016 0.799323 0.764928 0.792462 0.710114 0.936972 0.728201 0.943833
0 0.532860 0.587772 0.516821 0.429388 0.484165 0.432695 0.500204 0.591079
0 0.767895 0.565311 0.765155 0.409137 0.741094 0.409559 0.743834 0.565733
0 0.223323 0.619779 0.209674 0.462814 0.189447 0.464573 0.203096 0.621538
0 0.694767 0.345868 0.672022 0.216978 0.646172 0.221539 0.668918 0.350430
0 0.314090 0.610255 0.296714 0.450391 0.277881 0.452438 0.295257 0.612302
0 0.447026 0.791174 0.417810 0.624644 0.385233 0.630359 0.414449 0.796889
0 0.763853 0.801621 0.737606 0.792118 0.684580 0.938571 0.710827 0.948074
0 0.809441 0.403602 0.789486 0.402393 0.779816 0.561940 0.799771 0.563149
0 0.501563 0.428125 0.457813 0.428125 0.457813 0.593750 0.501563 0.593750
0 0.976217 0.776054 0.946212 0.764673 0.888522 0.916767 0.918526 0.928148
0 0.238094 0.388531 0.216906 0.240219 0.202031 0.242344 0.223219 0.390656
0 0.754293 0.338938 0.728249 0.176168 0.701923 0.180380 0.727967 0.343150
0 0.511086 0.783131 0.478802 0.617099 0.457891 0.621165 0.490175 0.787197
0 0.549738 0.585138 0.536957 0.439439 0.518351 0.441071 0.531131 0.586770
0 0.545774 0.821491 0.525487 0.819647 0.512282 0.964895 0.532569 0.966739
0 0.238231 0.812614 0.208015 0.667028 0.187439 0.671298 0.217655 0.816884
0 0.252310 0.997987 0.235209 0.850920 0.207567 0.854135 0.224667 1.001201
0 0.203125 0.265625 0.118750 0.265625 0.118750 0.400000 0.203125 0.400000
0 0.922611 0.321455 0.905457 0.163639 0.888470 0.165486 0.905624 0.323302
0 0.695993 0.765060 0.679195 0.605479 0.654388 0.608091 0.671186 0.767671
0 0.635343 0.813070 0.609411 0.805408 0.564984 0.955776 0.590916 0.963438
0 0.855510 0.401722 0.832799 0.400207 0.822435 0.555662 0.845147 0.557176
0 0.437045 0.372228 0.422380 0.207247 0.378870 0.211114 0.393535 0.376096
0 0.713644 0.570474 0.706192 0.406537 0.670399 0.408164 0.677851 0.572101
0 0.282911 0.993226 0.265452 0.848566 0.233615 0.852409 0.251074 0.997069
0 0.910614 0.322668 0.888075 0.149114 0.857523 0.153081 0.880062 0.326636
0 0.675406 0.767371 0.652050 0.601754 0.623649 0.605759 0.647005 0.771376
0 0.682627 0.806680 0.660465 0.799398 0.612653 0.944916 0.634814 0.952198
0 0.638585 0.769212 0.615858 0.617699 0.591867 0.621298 0.614594 0.772811
0 0.471651 0.368896 0.451239 0.191984 0.418383 0.195776 0.438796 0.372687
0 0.745374 0.760864 0.731068 0.596347 0.700053 0.599044 0.714359 0.763561
0 0.832715 0.792386 0.807955 0.782888 0.751795 0.929306 0.776555 0.938803
0 0.606142 0.354887 0.578947 0.169962 0.551507 0.173997 0.578702 0.358923
0 0.596479 0.582168 0.582912 0.426146 0.570439 0.427231 0.584006 0.583252
0 0.398167 0.375253 0.379907 0.226563 0.362705 0.228676 0.380965 0.377365
0 0.525134 0.822179 0.490911 0.820549 0.483378 0.978747 0.517601 0.980377
0 0.588249 0.774366 0.563732 0.624543 0.549981 0.626793 0.574497 0.776616
0 0.167380 0.396883 0.151619 0.268169 0.134088 0.270316 0.149849 0.399030
0 0.732062 0.341188 0.703237 0.182650 0.665975 0.189425 0.694800 0.347963
0 0.700742 0.805424 0.679726 0.798515 0.630961 0.946844 0.651977 0.953753
0 0.765625 0.603125 0.734375 0.603125 0.734375 0.756250 0.765625 0.756250
0 0.368073 0.983619 0.355502 0.839060 0.327656 0.841481 0.340226 0.986040
0 0.746734 0.567785 0.740514 0.387396 0.704350 0.388643 0.710570 0.569032
0 0.190339 0.625553 0.170560 0.447542 0.145865 0.450286 0.165644 0.628296
0 0.775187 0.337250 0.751937 0.174500 0.727875 0.177937 0.751125 0.340687
0 0.903758 0.398087 0.870198 0.394989 0.855763 0.551373 0.889323 0.554471
0 0.436392 0.599757 0.421517 0.428700 0.382681 0.432077 0.397555 0.603134
0 0.488025 0.367222 0.467815 0.215645 0.451030 0.217883 0.471240 0.369460
0 0.427409 0.981831 0.416520 0.833735 0.377828 0.836580 0.388717 0.984676
0 0.998437 0.698438 0.992188 0.698438 0.992188 0.729688 0.998437 0.729688
0 0.336851 0.380949 0.315723 0.207230 0.296685 0.209546 0.317813 0.383264
0 0.832942 0.402227 0.807273 0.400876 0.798955 0.558909 0.824624 0.560260
0 0.875014 0.789419 0.839644 0.774982 0.778393 0.925046 0.813763 0.939483
0 0.394779 0.798382 0.359559 0.639890 0.334577 0.645441 0.369798 0.803934
0 0.979756 0.379921 0.951665 0.376664 0.932430 0.542556 0.960521 0.545813
0 0.908184 0.596638 0.882527 0.591858 0.855178 0.738635 0.880835 0.743415
