0 0.17093157468218262 0.8089596777364244 0.13042528636673353 0.15303642221158337 0.05819745126736575 0.15749682438255794 0.09870373958281484 0.813420079907399
0 0.24603138626437132 0.8040147029889742 0.21677932090714447 0.08129636202080076 0.12836425806897506 0.08487496664461693 0.15761632342620188 0.8075933076127904
0 0.29860004755942204 0.8089494007964559 0.2701003356450161 0.15090607737076545 0.194929725073836 0.15416170001663604 0.22342943698824186 0.8122050234423265
0 0.3645122577959702 0.805476099868628 0.34747959098248404 0.15572802386546034 0.27417136063514624 0.15764974508066315 0.2912040274486324 0.8073978210838308
0 0.4477286603389074 0.773188839943968 0.44066716287039187 0.15296295715492672 0.3567982328536784 0.1539178354556144 0.3638597303221939 0.7741437182446557
0 0.5222311298428357 0.12276984694146498 0.4675707053036221 0.12165365118209477 0.45379863009804183 0.7960761001150283 0.5084590546372555 0.7971922958743985
0 0.5560088269110011 0.20413367234362215 0.5228182202183079 0.2032680719883338 0.5072656529761141 0.799616189504251 0.5404562596688073 0.8004817898595393
0 0.5972328062816293 0.20746967210761066 0.5580117028811641 0.2057194094243593 0.5315041238570072 0.7997196744995158 0.5707252272574725 0.8014699371827672
0 0.6206963657338102 0.19002378166497186 0.5839197312379896 0.1883540221348757 0.5567417058989778 0.7869529737775973 0.5935183403947983 0.7886227333076935
0 0.7113655467905116 0.20694013776072895 0.6875930992697431 0.20585002465328062 0.6633510935874115 0.7345032478315152 0.68712354110818 0.7355933609389635
0 0.744419137881609 0.16085439157127107 0.6994857146584164 0.15913333690906745 0.6776878515641946 0.7282335690421899 0.7226212747873871 0.7299546237043936
0 0.79402784428965 0.15924667956179633 0.7447145662271877 0.15649708883226662 0.7127473398751913 0.7298219495293684 0.7620606179376537 0.7325715402588981
0 0.8435110594344541 0.21329383706184343 0.7911447481076178 0.20945131953810397 0.7529295880082552 0.7302523201333144 0.8052958993350915 0.734094837657054
0 0.8706880196251335 0.22053458377601137 0.841692092236394 0.21826278051083353 0.8016428168685266 0.7294275888101182 0.8306387442572664 0.731699392075296
0 0.9017585944805567 0.24938532276067932 0.8657499548651042 0.2466105355097179 0.8279515036890486 0.7371241076580948 0.863960143304501 0.7398988949090561
0 0.9449744653569734 0.15508616272101436 0.9074920765940048 0.15179238214747034 0.8555839437194989 0.7424937883035604 0.8930663324824675 0.7457875688771044
0 0.9744619022587505 0.15552755369616525 0.9448524568702 0.15285128973345324 0.8912258810488469 0.746160914748272 0.9208353264373974 0.748837178710984