0 0.486713 0.781438 0.454796 0.775935 0.437033 0.878960 0.468950 0.884463
0 0.968020 0.303011 0.940492 0.296795 0.918314 0.395012 0.945842 0.401228
0 0.559581 0.647826 0.532062 0.642476 0.508862 0.761793 0.536380 0.767143
0 0.573484 0.797418 0.553660 0.793549 0.533760 0.895535 0.553584 0.899404
0 0.677560 0.680545 0.659037 0.676223 0.636367 0.773382 0.654890 0.777704
0 0.373413 0.343227 0.355643 0.341534 0.345692 0.446018 0.363462 0.447711
0 0.264811 0.324642 0.219402 0.319502 0.207898 0.421118 0.253307 0.426259
0 0.297723 0.451496 0.280709 0.449006 0.262123 0.576012 0.279137 0.578502
0 0.761550 0.098447 0.703125 0.092188 0.693159 0.185205 0.751584 0.191464
0 0.533682 0.788883 0.503938 0.783572 0.485262 0.888161 0.515005 0.893472
0 0.718136 0.552974 0.698281 0.549081 0.679711 0.643785 0.699567 0.647679
0 0.028125 0.698438 -0.048437 0.698438 -0.048437 0.910937 0.028125 0.910937
0 0.912125 0.449500 0.895306 0.437856 0.832812 0.528125 0.849631 0.539769
0 0.716874 0.407628 0.689804 0.399667 0.660121 0.500587 0.687191 0.508549
0 0.201374 0.313426 0.145597 0.306151 0.132345 0.407752 0.188122 0.415027
0 0.702919 0.254002 0.686235 0.250738 0.666700 0.350584 0.683384 0.353848
0 0.834758 0.697877 0.800914 0.688208 0.766834 0.807488 0.800678 0.817158
0 0.694974 0.058107 0.675176 0.054039 0.650498 0.174139 0.670296 0.178207
0 0.181631 0.310633 0.154878 0.307660 0.143655 0.408670 0.170408 0.411643
0 0.767295 0.420043 0.741972 0.409914 0.703718 0.505550 0.729041 0.515679
0 0.998437 0.159375 0.981250 0.159375 0.981250 0.237500 0.998437 0.237500
0 0.952931 0.134254 0.925962 0.127833 0.903883 0.220567 0.930851 0.226988
0 0.398716 0.200745 0.384199 0.198567 0.369220 0.298430 0.383737 0.300607
0 0.808446 0.566512 0.779814 0.561740 0.763894 0.657264 0.792525 0.662035
0 0.980000 0.456875 0.945312 0.445313 0.912656 0.543281 0.947344 0.554844
0 0.715392 0.091592 0.689935 0.085448 0.667261 0.179382 0.692718 0.185527
0 0.687363 0.402203 0.661433 0.396646 0.639962 0.496845 0.665892 0.502401
0 0.436727 0.479403 0.402757 0.474830 0.386309 0.597015 0.420279 0.601588
0 0.832040 0.840578 0.801191 0.834794 0.781928 0.937529 0.812777 0.943314
0 0.460948 0.043344 0.430029 0.039983 0.419586 0.136062 0.450504 0.139423
0 0.821613 0.277200 0.802165 0.272505 0.778618 0.370054 0.798067 0.374749
0 0.652398 0.809195 0.630995 0.805019 0.611933 0.902710 0.633336 0.906886
0 0.912792 0.586550 0.886803 0.580703 0.865554 0.675140 0.891543 0.680988
0 0.495312 0.492188 0.475000 0.492188 0.475000 0.612500 0.495312 0.612500
0 0.418765 0.202389 0.395771 0.199196 0.381720 0.300369 0.404714 0.303563
0 0.506010 0.785577 0.487680 0.781911 0.468450 0.878065 0.486779 0.881731
0 0.505269 0.786792 0.477482 0.781500 0.458623 0.880511 0.486409 0.885804
0 0.842548 0.282572 0.818510 0.277764 0.799219 0.374219 0.823257 0.379026
0 0.150035 0.304800 0.125792 0.304223 0.123367 0.406100 0.147609 0.406677
0 0.493830 0.368662 0.468559 0.364898 0.453683 0.464777 0.478954 0.468541
0 0.259135 0.456611 0.243942 0.454712 0.230072 0.565673 0.245264 0.567572
0 0.493225 0.017671 0.462844 0.013940 0.447181 0.141485 0.477561 0.145216
0 0.308175 0.333755 0.286453 0.331653 0.276643 0.433022 0.298365 0.435124
0 0.329306 0.337805 0.305297 0.335137 0.293998 0.436833 0.318007 0.439501
0 0.682686 0.542948 0.638598 0.535600 0.622508 0.632137 0.666596 0.639485
0 0.012500 0.696875 0.000000 0.696875 0.000000 0.757812 0.012500 0.757812
0 0.579041 0.624466 0.567932 0.507816 0.545369 0.509965 0.556478 0.626615
0 0.721204 0.255208 0.657027 0.245225 0.641302 0.346321 0.705478 0.356303
0 0.771691 0.961673 0.752206 0.956801 0.742004 0.997610 0.761489 1.002482
0 0.556600 0.062039 0.522549 0.058717 0.513264 0.153886 0.547315 0.157208
0 0.201594 0.313844 0.149531 0.306406 0.135125 0.407250 0.187188 0.414687
0 0.684671 0.401351 0.621579 0.390836 0.604941 0.490667 0.668032 0.501182
0 0.677365 0.040674 0.646762 0.035377 0.623237 0.171299 0.653840 0.176596
0 1.000239 0.148143 0.983033 0.144320 0.963548 0.232004 0.980754 0.235827
0 0.699679 0.671712 0.678254 0.667565 0.655140 0.786983 0.676566 0.791130
0 0.666230 0.399803 0.641563 0.393438 0.616245 0.491541 0.640913 0.497907
0 0.385113 0.196428 0.361399 0.193335 0.348269 0.294000 0.371982 0.297093
0 0.819438 0.569773 0.783297 0.562687 0.764785 0.657096 0.800926 0.664183
0 0.529332 0.613629 0.517420 0.494508 0.487252 0.497525 0.499165 0.616646
0 0.595913 0.387620 0.580589 0.384555 0.561058 0.482212 0.576382 0.485276
0 0.522118 0.372700 0.493078 0.367514 0.474961 0.468966 0.504002 0.474152
0 0.781550 0.832873 0.749399 0.826442 0.728966 0.928606 0.761118 0.935036
0 0.593750 0.526563 0.570312 0.526563 0.570312 0.626563 0.593750 0.626563
0 0.462036 0.211316 0.438652 0.207545 0.422449 0.308006 0.445832 0.311777
0 0.269812 0.178500 0.246844 0.175219 0.232906 0.272781 0.255875 0.276062
0 0.017188 0.829688 0.000000 0.829688 0.000000 0.881250 0.017188 0.881250
0 0.904267 0.708353 0.865204 0.700541 0.841346 0.819832 0.880409 0.827644
0 0.497908 0.637282 0.465859 0.631029 0.442313 0.751701 0.474362 0.757955
0 0.863028 0.118777 0.837734 0.113841 0.819718 0.206172 0.845013 0.211108
0 0.852374 0.700623 0.835331 0.695348 0.800307 0.808503 0.817350 0.813778
0 0.925240 0.126923 0.894591 0.120793 0.875661 0.215445 0.906310 0.221575
0 0.666745 0.667954 0.648585 0.662765 0.615448 0.778744 0.633608 0.783933
0 0.865775 0.578767 0.841405 0.573989 0.822952 0.668103 0.847321 0.672882
0 0.362919 0.192846 0.347451 0.190850 0.334381 0.292138 0.349850 0.294134
0 0.176432 0.308939 0.134147 0.304060 0.122404 0.405830 0.164690 0.410709
0 0.385945 0.348638 0.370473 0.346663 0.357711 0.446629 0.373183 0.448605
0 0.477401 0.487767 0.434356 0.482984 0.421189 0.601486 0.464234 0.606269
0 0.598480 0.801309 0.569595 0.796495 0.552449 0.899367 0.581334 0.904181
0 0.751607 0.957581 0.714865 0.950515 0.705670 0.998326 0.742413 1.005392
0 0.001563 0.678125 -0.043750 0.678125 -0.043750 0.787500 0.001563 0.787500
0 0.560600 0.230152 0.535008 0.225887 0.518834 0.322931 0.544426 0.327196
0 0.356306 0.487725 0.333567 0.484567 0.320231 0.580588 0.342969 0.583746
0 0.439329 0.206974 0.414291 0.204192 0.403125 0.304688 0.428163 0.307470
0 0.578217 0.232787 0.561321 0.229502 0.541959 0.329079 0.558855 0.332364
0 0.439093 0.626880 0.413497 0.623040 0.395721 0.741546 0.421317 0.745385
0 0.641166 0.243329 0.617778 0.238998 0.599024 0.340271 0.622412 0.344602
0 0.280217 0.455867 0.258171 0.453242 0.244122 0.571250 0.266168 0.573874
0 0.562370 0.620406 0.542062 0.495660 0.514026 0.500224 0.534334 0.624970
0 0.314558 0.184677 0.285851 0.182284 0.277543 0.281983 0.306250 0.284375
0 0.404772 0.488756 0.388286 0.486134 0.371772 0.589934 0.388258 0.592557
0 0.866827 0.285849 0.841032 0.281923 0.826088 0.380125 0.851884 0.384050
0 0.998437 0.379688 0.992188 0.379688 0.992188 0.409375 0.998437 0.409375
0 0.744712 0.096755 0.712861 0.090385 0.694231 0.183534 0.726082 0.189904
0 0.266178 0.325264 0.221178 0.319639 0.208462 0.421370 0.253462 0.426995
0 0.389334 0.474868 0.356654 0.470451 0.340765 0.588026 0.373445 0.592442
0 0.733732 0.957261 0.705423 0.950184 0.693658 0.997243 0.721967 1.004320
0 0.003125 0.700000 0.000000 0.700000 0.000000 0.709375 0.003125 0.709375
0 0.572102 0.385141 0.547791 0.379584 0.525691 0.476274 0.550001 0.481831
0 0.896094 0.460156 0.857812 0.421875 0.769531 0.510156 0.807813 0.548438
0 0.782813 0.557813 0.740625 0.557813 0.740625 0.657813 0.782813 0.657813
0 0.768365 0.099783 0.743426 0.093797 0.720946 0.187465 0.745885 0.193450
0 0.359004 0.341213 0.340439 0.339356 0.330074 0.443007 0.348639 0.444864
0 0.655337 0.249495 0.638221 0.247356 0.626370 0.342163 0.643486 0.344303
0 0.440043 0.356805 0.417233 0.353722 0.403447 0.455744 0.426257 0.458827
0 0.316968 0.460245 0.294983 0.456774 0.276030 0.576807 0.298015 0.580279
0 0.779784 0.271351 0.762910 0.268251 0.745063 0.365420 0.761937 0.368519
0 0.826059 0.086682 0.801892 0.082035 0.779502 0.198462 0.803669 0.203109
0 0.866940 0.286423 0.819692 0.277204 0.800752 0.374270 0.848001 0.383489
0 0.714409 0.947752 0.657520 0.944907 0.654855 0.998212 0.711744 1.001056
0 0.738862 0.541173 0.719617 0.537565 0.698673 0.649263 0.717919 0.652871
0 0.549154 0.378805 0.522684 0.372923 0.500772 0.471526 0.527243 0.477408
0 0.555330 0.791938 0.533934 0.787862 0.513857 0.893264 0.535254 0.897340
0 0.289489 0.181720 0.267249 0.179154 0.255760 0.278729 0.278000 0.281296
0 0.802581 0.105254 0.785130 0.101423 0.764347 0.196099 0.781799 0.199930
0 0.503694 0.219598 0.481195 0.215969 0.465364 0.314121 0.487863 0.317750
0 0.458493 0.208394 0.394046 0.200660 0.381883 0.302014 0.446330 0.309747
0 0.525443 0.642787 0.497934 0.637449 0.475114 0.755060 0.502624 0.760397
0 0.662500 0.245313 0.612500 0.245313 0.612500 0.396875 0.662500 0.396875
0 0.528786 0.642007 0.498438 0.635938 0.474579 0.755228 0.504928 0.761298
0 0.346397 0.339520 0.328794 0.337172 0.315052 0.440236 0.332656 0.442583
0 1.010397 0.312079 0.986659 0.307332 0.967368 0.403786 0.991106 0.408534
0 0.219161 0.316754 0.198463 0.314366 0.186617 0.417026 0.207315 0.419414
0 0.179465 0.159988 0.154458 0.155335 0.135914 0.255010 0.160920 0.259663
0 0.989949 0.308286 0.967350 0.302997 0.944844 0.399159 0.967443 0.404448
0 0.857091 0.845793 0.831550 0.840685 0.811178 0.942548 0.836719 0.947656
0 0.701823 0.538774 0.683437 0.535177 0.662494 0.642220 0.680879 0.645817
0 0.633894 0.807091 0.623678 0.805048 0.603846 0.904207 0.614062 0.906250
0 0.892726 0.446388 0.880295 0.437437 0.817673 0.524412 0.830104 0.533362
0 0.611369 0.532328 0.593912 0.530873 0.585916 0.626821 0.603373 0.628276
0 0.555338 0.062274 0.523225 0.056689 0.506941 0.150324 0.539054 0.155909
0 0.857670 0.445789 0.846758 0.429640 0.732612 0.506766 0.743524 0.522915
0 0.012500 0.804688 -0.085937 0.804688 -0.085937 0.910937 0.012500 0.910937
0 0.966466 0.136418 0.948438 0.132813 0.929808 0.225962 0.947837 0.229567
0 0.650502 0.668119 0.623839 0.660120 0.589521 0.774513 0.616184 0.782511
0 0.453716 0.416765 0.436993 0.413978 0.434206 0.430701 0.450929 0.433488
0 0.589845 0.030771 0.558553 0.025724 0.537492 0.156299 0.568785 0.161346
0 0.961197 0.455541 0.933768 0.438778 0.875832 0.533581 0.903262 0.550344
0 0.795853 0.964483 0.771815 0.959675 0.764062 0.998437 0.788101 1.003245
0 0.801766 0.834789 0.779020 0.830753 0.760519 0.935032 0.783265 0.939067
0 0.720900 0.676191 0.700854 0.671665 0.674052 0.790360 0.694098 0.794887
0 0.812699 0.967458 0.771839 0.961172 0.766203 0.997805 0.807063 1.004091
0 0.722627 0.822614 0.681414 0.814763 0.662131 0.916001 0.703344 0.923851
0 0.595373 0.235637 0.577344 0.232031 0.557392 0.331791 0.575421 0.335397
0 0.335642 0.486149 0.312078 0.482221 0.296199 0.577492 0.319764 0.581419
0 0.641305 0.396954 0.620320 0.391984 0.597469 0.488463 0.618455 0.493433
0 0.940865 0.300361 0.921034 0.296394 0.901803 0.392548 0.921635 0.396514
0 0.741468 0.685411 0.720128 0.680486 0.693873 0.794259 0.715212 0.799184
0 0.619111 0.391947 0.596274 0.387380 0.576382 0.486839 0.599219 0.491406
0 0.521551 0.053335 0.488871 0.048918 0.475947 0.144554 0.508627 0.148970
0 0.622761 0.659433 0.598946 0.653022 0.566948 0.771871 0.590763 0.778282
0 0.248317 0.174399 0.214087 0.170120 0.201635 0.269736 0.235865 0.274014
0 0.599115 0.654030 0.586370 0.650996 0.558557 0.767811 0.571302 0.770846
0 0.635232 0.536033 0.608308 0.533041 0.597675 0.628735 0.624600 0.631726
0 0.744479 0.262039 0.721057 0.257275 0.700838 0.356685 0.724260 0.361449
0 0.681968 0.814443 0.650549 0.809206 0.633404 0.912078 0.664823 0.917314
0 1.000495 0.146646 0.966029 0.139261 0.947073 0.227721 0.981540 0.235107
0 0.771599 0.687040 0.742187 0.679688 0.712684 0.797702 0.742096 0.805055
0 0.786346 0.103003 0.762548 0.098064 0.743172 0.191419 0.766970 0.196358
0 0.396691 0.620913 0.366498 0.616887 0.351187 0.731721 0.381380 0.735746
0 0.686574 0.252854 0.661103 0.248078 0.642529 0.347134 0.668001 0.351910
0 0.919750 0.296063 0.896788 0.291888 0.879263 0.388275 0.902225 0.392450
0 0.756370 0.543149 0.737139 0.539303 0.714543 0.652284 0.733774 0.656130
0 0.624938 0.805125 0.594969 0.800844 0.580313 0.903438 0.610281 0.907719
0 0.815087 0.569363 0.785938 0.564063 0.768863 0.657975 0.798013 0.663275
0 0.894832 0.127404 0.861478 0.120733 0.843450 0.210877 0.876803 0.217548
0 0.913101 0.451442 0.882452 0.431010 0.819471 0.525481 0.850120 0.545913
0 0.163305 0.309587 0.148669 0.307635 0.135869 0.403637 0.150505 0.405588
0 0.468642 0.361642 0.440110 0.357253 0.424485 0.458815 0.453017 0.463204
0 0.620313 0.068750 0.582812 0.068750 0.582812 0.168750 0.620313 0.168750
0 0.456197 0.777134 0.438849 0.774160 0.421921 0.872910 0.439268 0.875883
0 0.987491 0.460022 0.956426 0.447078 0.916439 0.543047 0.947504 0.555991
0 0.483499 0.215787 0.460861 0.211906 0.443754 0.311697 0.466392 0.315578
0 0.842679 0.574186 0.813900 0.568232 0.794327 0.662835 0.823106 0.668789
0 0.749241 0.826315 0.723395 0.821312 0.703545 0.923872 0.729391 0.928874
0 0.415116 0.623315 0.393290 0.621236 0.382202 0.737665 0.404027 0.739744
0 0.646640 0.041812 0.621705 0.037768 0.600726 0.167136 0.625662 0.171180
0 0.524471 0.222749 0.501602 0.219045 0.485395 0.319099 0.508265 0.322804
0 0.616993 0.237065 0.593126 0.233140 0.576364 0.335056 0.600231 0.338982
0 0.899504 0.289264 0.872054 0.283113 0.849876 0.382080 0.877326 0.388232
0 0.840179 0.113866 0.816807 0.109323 0.798587 0.203055 0.821960 0.207598
0 0.934903 0.591851 0.912447 0.586605 0.890689 0.679753 0.913146 0.684998
0 0.799116 0.690390 0.774043 0.683673 0.741902 0.803651 0.766975 0.810368
0 0.586614 0.652864 0.560651 0.647049 0.533971 0.766162 0.559934 0.771978
0 0.464031 0.632683 0.442990 0.629026 0.422894 0.744646 0.443936 0.748303
