0 0.542290 0.882733 0.540568 0.779376 0.508962 0.779903 0.510685 0.883259
0 0.920312 0.217188 0.893750 0.217188 0.893750 0.317188 0.920312 0.317188
0 0.645313 0.632812 0.559375 0.632812 0.559375 0.756250 0.645313 0.756250
0 0.628125 0.778125 0.609375 0.778125 0.609375 0.881250 0.628125 0.881250
0 0.707813 0.643750 0.685937 0.643750 0.685938 0.742188 0.707813 0.742188
0 0.356031 0.474192 0.345026 0.370742 0.327932 0.372560 0.338937 0.476011
0 0.243019 0.473522 0.235464 0.373414 0.190672 0.376795 0.198227 0.476903
0 0.297997 0.618198 0.291324 0.491411 0.274840 0.492278 0.281513 0.619065
0 0.681250 0.056250 0.621875 0.056250 0.621875 0.150000 0.681250 0.150000
0 0.589063 0.778125 0.559375 0.778125 0.559375 0.882812 0.589063 0.882812
0 0.723437 0.509375 0.704688 0.509375 0.704688 0.606250 0.723437 0.606250
0 0.075000 0.906250 0.043750 0.906250 0.043750 0.998437 0.075000 0.998437
0 0.894558 0.371552 0.875323 0.363308 0.831923 0.464574 0.851158 0.472818
0 0.695128 0.368202 0.667631 0.365608 0.657809 0.469723 0.685306 0.472317
0 0.176692 0.475636 0.170700 0.373782 0.115652 0.377020 0.121643 0.478874
0 0.651563 0.220313 0.635938 0.220313 0.635938 0.321875 0.651563 0.321875
0 0.866126 0.630011 0.831912 0.626956 0.820845 0.750912 0.855059 0.753967
0 0.606250 0.029688 0.587500 0.029688 0.587500 0.153125 0.606250 0.153125
0 0.157718 0.476321 0.152396 0.375203 0.124676 0.376662 0.129998 0.477780
0 0.747005 0.370943 0.720236 0.365761 0.700696 0.466717 0.727465 0.471899
0 0.997509 0.026719 0.924125 0.025360 0.921875 0.146875 0.995258 0.148234
0 0.874399 0.054939 0.848547 0.053790 0.844385 0.147424 0.870237 0.148573
0 0.347593 0.326384 0.342942 0.226382 0.329019 0.227030 0.333670 0.327031
0 0.817397 0.603091 0.815555 0.507273 0.787470 0.507813 0.789313 0.603631
0 0.962800 0.366498 0.927183 0.361749 0.913633 0.463380 0.949249 0.468129
0 0.632745 0.058279 0.607877 0.057450 0.604693 0.152969 0.629561 0.153798
0 0.664508 0.368798 0.639522 0.368203 0.637101 0.469894 0.662087 0.470489
0 0.440693 0.614737 0.433776 0.492546 0.400451 0.494432 0.407368 0.616623
0 0.890625 0.771875 0.860938 0.771875 0.860938 0.875000 0.890625 0.875000
0 0.382812 0.059375 0.346875 0.059375 0.346875 0.157813 0.382812 0.157813
0 0.772755 0.221065 0.753193 0.220250 0.749090 0.318712 0.768653 0.319527
0 0.707813 0.775000 0.687500 0.775000 0.687500 0.873437 0.707813 0.873437
0 0.920364 0.506386 0.894564 0.505941 0.892916 0.601494 0.918717 0.601939
0 0.518202 0.611113 0.489912 0.494810 0.470455 0.499543 0.498745 0.615846
0 0.368095 0.324897 0.363922 0.224745 0.341760 0.225669 0.345933 0.325821
0 0.559375 0.779687 0.542188 0.779687 0.542188 0.876563 0.559375 0.876563
0 0.561468 0.880612 0.558971 0.780713 0.530512 0.781425 0.533010 0.881323
0 0.793750 0.221875 0.770312 0.221875 0.770312 0.318750 0.793750 0.318750
0 0.135250 0.476437 0.120781 0.375156 0.098469 0.378344 0.112937 0.479625
0 0.472883 0.473190 0.468461 0.371480 0.443915 0.372547 0.448337 0.474257
0 0.259375 0.615625 0.255620 0.502990 0.241782 0.503451 0.245536 0.616086
0 0.409665 0.155918 0.401148 0.028153 0.371073 0.030158 0.379591 0.157923
0 0.289796 0.474278 0.279346 0.373257 0.257969 0.375469 0.268419 0.476489
0 0.378486 0.473197 0.376562 0.457813 0.371947 0.458389 0.373870 0.473774
0 0.687500 0.507812 0.643750 0.507812 0.643750 0.604688 0.687500 0.604688
0 0.064063 0.789062 0.042188 0.789062 0.042188 0.878125 0.064063 0.878125
0 0.601333 0.607569 0.567317 0.494180 0.545528 0.500717 0.579544 0.614106
0 0.673438 0.218750 0.609375 0.218750 0.609375 0.320313 0.673438 0.320313
0 0.854688 0.901563 0.834375 0.901563 0.834375 0.989062 0.854688 0.989062
0 0.480891 0.153868 0.472336 0.059759 0.438665 0.062820 0.447221 0.156929
0 0.176681 0.475453 0.170700 0.373782 0.119407 0.376800 0.125388 0.478470
0 0.662500 0.368750 0.600000 0.368750 0.600000 0.470313 0.662500 0.470313
0 0.587500 0.015625 0.556250 0.015625 0.556250 0.154688 0.587500 0.154688
0 0.923688 0.059433 0.907877 0.058923 0.904996 0.148246 0.920806 0.148756
0 0.728125 0.631250 0.707812 0.631250 0.707813 0.751563 0.728125 0.751563
0 0.643409 0.370541 0.619134 0.369264 0.613821 0.470218 0.638096 0.471495
0 0.334375 0.325000 0.328895 0.224532 0.307170 0.225717 0.312650 0.326185
0 0.826562 0.507813 0.790625 0.507813 0.790625 0.603125 0.826562 0.603125
0 0.551479 0.606718 0.512091 0.492133 0.483444 0.501980 0.522833 0.616565
0 0.571875 0.371875 0.557813 0.371875 0.557813 0.471875 0.571875 0.471875
0 0.023438 0.778125 0.000000 0.778125 0.000000 0.881250 0.023438 0.881250
0 0.498489 0.473385 0.496791 0.371538 0.468726 0.372006 0.470424 0.473852
0 0.839063 0.773438 0.807813 0.773438 0.807813 0.876563 0.839063 0.876563
0 0.619577 0.604871 0.595221 0.507445 0.574265 0.512684 0.598621 0.610110
0 0.409375 0.225000 0.385937 0.225000 0.385937 0.325000 0.409375 0.325000
0 0.216958 0.326425 0.212344 0.229546 0.190074 0.230607 0.194687 0.327485
0 0.089063 0.906250 0.048438 0.906250 0.048438 0.998437 0.089063 0.998437
0 0.935937 0.628125 0.896875 0.628125 0.896875 0.748438 0.935937 0.748438
0 0.523438 0.635938 0.492188 0.635938 0.492188 0.757812 0.523438 0.757812
0 0.782813 0.056250 0.757812 0.056250 0.757812 0.150000 0.782813 0.150000
0 0.883840 0.630337 0.866661 0.628385 0.853315 0.745831 0.870493 0.747783
0 0.845313 0.053125 0.815625 0.053125 0.815625 0.148438 0.845313 0.148438
0 0.695396 0.634032 0.677212 0.632464 0.666970 0.751274 0.685154 0.752842
0 0.875000 0.507813 0.848437 0.507813 0.848437 0.603125 0.875000 0.603125
0 0.313107 0.326411 0.306003 0.224581 0.291538 0.225590 0.298643 0.327420
0 0.153465 0.476296 0.145643 0.374614 0.103465 0.377858 0.111287 0.479540
0 0.365354 0.473355 0.358921 0.372569 0.343392 0.373560 0.349825 0.474346
0 0.485938 0.610938 0.474025 0.491816 0.430863 0.496132 0.442775 0.615254
0 0.654688 0.778125 0.626563 0.778125 0.626563 0.881250 0.654688 0.881250
0 0.834375 0.901563 0.796875 0.901563 0.796875 0.989062 0.834375 0.989062
0 0.043845 0.879587 0.040567 0.774709 0.019982 0.775352 0.023259 0.880230
0 0.509402 0.321847 0.507639 0.223078 0.482061 0.223535 0.483825 0.322303
0 0.361341 0.612227 0.356126 0.514878 0.334425 0.516041 0.339640 0.613390
0 0.391635 0.324578 0.384234 0.224663 0.360637 0.226411 0.368038 0.326326
0 0.525000 0.223438 0.509375 0.223438 0.509375 0.323438 0.525000 0.323438
0 0.468750 0.635938 0.440625 0.635938 0.440625 0.757812 0.468750 0.757812
0 0.592187 0.220313 0.501563 0.220313 0.501563 0.323438 0.592187 0.323438
0 0.283985 0.616999 0.275838 0.498865 0.253852 0.500381 0.261999 0.618515
0 0.583497 0.606569 0.540294 0.487762 0.514450 0.497160 0.557653 0.615967
0 0.268846 0.325834 0.257357 0.225718 0.228055 0.229081 0.239544 0.329197
0 0.408244 0.612407 0.403365 0.507511 0.388644 0.508195 0.393523 0.613092
0 0.822793 0.318445 0.818583 0.219522 0.792799 0.220619 0.797008 0.319542
0 0.989851 0.217321 0.969339 0.216160 0.963760 0.314723 0.984272 0.315884
0 0.664062 0.057813 0.631250 0.057813 0.631250 0.153125 0.664062 0.153125
0 0.244697 0.474807 0.236893 0.373364 0.191967 0.376820 0.199770 0.478263
0 0.393353 0.614760 0.384994 0.497724 0.353236 0.499992 0.361596 0.617029
0 0.815625 0.903125 0.787500 0.903125 0.787500 0.987500 0.815625 0.987500
0 0.054688 0.778125 0.000000 0.778125 0.000000 0.881250 0.054688 0.881250
0 0.546875 0.373438 0.523438 0.373438 0.523438 0.471875 0.546875 0.471875
0 0.863550 0.372280 0.809249 0.351322 0.767378 0.459805 0.821679 0.480763
0 0.787500 0.507813 0.765625 0.507813 0.765625 0.603125 0.787500 0.603125
0 0.017188 0.642188 0.000000 0.642188 0.000000 0.750000 0.017188 0.750000
0 0.685409 0.054977 0.659821 0.054266 0.657134 0.150979 0.682722 0.151690
0 0.340312 0.474375 0.329439 0.371079 0.311627 0.372954 0.322500 0.476250
0 0.610344 0.320079 0.604879 0.224453 0.588905 0.225366 0.594369 0.320991
0 0.419229 0.473166 0.413886 0.371638 0.391497 0.372816 0.396840 0.474344
0 0.316626 0.617096 0.312313 0.496324 0.291079 0.497082 0.295392 0.617854
0 0.731250 0.221875 0.714063 0.221875 0.714063 0.320313 0.731250 0.320313
0 0.740625 0.032813 0.717187 0.032813 0.717187 0.150000 0.740625 0.150000
0 0.818750 0.220313 0.770312 0.220313 0.770312 0.318750 0.818750 0.318750
0 0.801562 0.903125 0.743750 0.903125 0.743750 0.989062 0.801562 0.989062
0 0.742188 0.495313 0.723437 0.495312 0.723437 0.607813 0.742188 0.607813
0 0.523438 0.371875 0.498437 0.371875 0.498437 0.471875 0.523438 0.471875
0 0.610938 0.032813 0.589063 0.032813 0.589063 0.884375 0.610938 0.884375
0 0.239298 0.327678 0.233721 0.227293 0.212173 0.228490 0.217750 0.328875
0 0.720365 0.054715 0.704030 0.054438 0.702387 0.151365 0.718722 0.151641
0 0.452791 0.323353 0.449794 0.224438 0.428128 0.225095 0.431125 0.324009
0 0.409469 0.323745 0.404458 0.223527 0.338996 0.226800 0.344007 0.327018
0 0.553581 0.636080 0.526595 0.635615 0.524544 0.754599 0.551529 0.755064
0 0.610938 0.223438 0.590625 0.223438 0.590625 0.321875 0.610938 0.321875
0 0.554688 0.634375 0.525000 0.634375 0.525000 0.754687 0.554688 0.754687
0 0.325002 0.474710 0.315519 0.372290 0.299166 0.373804 0.308649 0.476225
0 0.970717 0.217774 0.945733 0.215990 0.938698 0.314483 0.963682 0.316267
0 0.196800 0.476337 0.189250 0.374407 0.170084 0.375827 0.177635 0.477756
0 0.047766 0.996833 0.043566 0.908640 0.026343 0.909460 0.030543 0.997653
0 0.120313 0.228125 0.095313 0.228125 0.095313 0.328125 0.120313 0.328125
0 0.944172 0.219549 0.921945 0.218623 0.917908 0.315525 0.940135 0.316451
0 0.915625 0.771875 0.890625 0.771875 0.890625 0.875000 0.915625 0.875000
0 0.704688 0.500000 0.687500 0.500000 0.687500 0.607812 0.704688 0.607812
0 0.689063 0.776563 0.679688 0.776563 0.679688 0.876563 0.689063 0.876563
0 0.874594 0.372083 0.860626 0.365797 0.816801 0.463185 0.830769 0.469471
0 0.625452 0.606031 0.615107 0.510858 0.597784 0.512741 0.608129 0.607914
0 0.471904 0.154657 0.470091 0.060371 0.438733 0.060974 0.440546 0.155260
0 0.840625 0.378125 0.827344 0.364844 0.729688 0.462500 0.742969 0.475781
0 0.020223 0.998208 0.015754 0.908822 -0.000534 0.909636 0.003935 0.999022
0 0.887500 0.054688 0.870313 0.054688 0.870313 0.148438 0.887500 0.148438
0 0.678637 0.636552 0.651025 0.634042 0.640228 0.752805 0.667841 0.755315
0 0.439063 0.428125 0.421875 0.428125 0.421875 0.443750 0.439063 0.443750
0 0.501563 0.154688 0.498818 0.022941 0.468037 0.023583 0.470782 0.155329
0 0.943326 0.367696 0.913302 0.357021 0.876235 0.461272 0.906259 0.471948
0 0.878156 0.900032 0.855477 0.899578 0.853694 0.988730 0.876373 0.989184
0 0.862500 0.770313 0.839063 0.770313 0.839063 0.878125 0.862500 0.878125
0 0.750497 0.631905 0.730616 0.631169 0.726162 0.751432 0.746042 0.752168
0 0.898438 0.900000 0.856250 0.900000 0.856250 0.989062 0.898438 0.989062
0 0.781250 0.773438 0.737500 0.773438 0.737500 0.876563 0.781250 0.876563
0 0.542188 0.221875 0.525000 0.221875 0.525000 0.323438 0.542188 0.323438
0 0.337527 0.613878 0.335657 0.518510 0.312290 0.518969 0.314160 0.614336
0 0.617627 0.372203 0.597196 0.371786 0.595186 0.470278 0.615617 0.470695
0 0.893750 0.220313 0.875000 0.220313 0.875000 0.317188 0.893750 0.317188
0 0.770541 0.636084 0.750783 0.635494 0.747320 0.751483 0.767079 0.752072
0 0.595313 0.371875 0.573438 0.371875 0.573438 0.471875 0.595313 0.471875
0 0.982888 0.021901 0.947388 0.021329 0.945371 0.146397 0.980870 0.146970
0 0.440875 0.154500 0.435534 0.058356 0.403601 0.060130 0.408942 0.156274
0 0.650431 0.633597 0.626836 0.631969 0.618463 0.753375 0.642058 0.755002
0 0.197658 0.327753 0.188192 0.228357 0.155011 0.231517 0.164477 0.330913
0 0.625000 0.632812 0.610938 0.632812 0.610938 0.751563 0.625000 0.751563
0 0.646728 0.605901 0.639338 0.509835 0.612096 0.511930 0.619485 0.607996
0 0.696671 0.220780 0.673255 0.220070 0.670224 0.320120 0.693640 0.320830
0 0.740625 0.775000 0.709375 0.775000 0.709375 0.878125 0.740625 0.878125
0 0.923438 0.057813 0.889062 0.057813 0.889062 0.146875 0.923438 0.146875
0 0.802610 0.631691 0.772739 0.629393 0.763401 0.750790 0.793272 0.753088
0 0.706250 0.056250 0.681250 0.056250 0.681250 0.150000 0.706250 0.150000
0 0.428069 0.753621 0.421974 0.637824 0.391959 0.639403 0.398053 0.755201
0 0.635938 0.221875 0.610938 0.221875 0.610938 0.321875 0.635938 0.321875
0 0.873437 0.220313 0.850000 0.220313 0.850000 0.317188 0.873437 0.317188
0 0.759375 0.493750 0.740625 0.493750 0.740625 0.607813 0.759375 0.607813
0 0.682813 0.776563 0.654688 0.776563 0.654688 0.879687 0.682813 0.879687
0 0.823438 0.507813 0.793750 0.507813 0.793750 0.603125 0.823438 0.603125
0 0.815625 0.059375 0.781250 0.059375 0.781250 0.150000 0.815625 0.150000
0 0.893655 0.371018 0.858319 0.357999 0.819238 0.464078 0.854573 0.477096
0 0.134375 0.376563 0.118750 0.376563 0.118750 0.475000 0.134375 0.475000
0 0.445348 0.473400 0.442973 0.371275 0.415590 0.371912 0.417965 0.474037
0 0.535937 0.056250 0.517188 0.056250 0.517188 0.154688 0.535937 0.154688
0 0.511833 0.881149 0.509326 0.780861 0.493711 0.781251 0.496218 0.881540
0 0.968504 0.366501 0.935612 0.360696 0.917555 0.463024 0.950446 0.468829
0 0.431354 0.324891 0.429079 0.224801 0.407606 0.225289 0.409881 0.325379
0 0.850000 0.507813 0.821875 0.507813 0.821875 0.603125 0.850000 0.603125
0 0.807813 0.771875 0.781250 0.771875 0.781250 0.878125 0.807813 0.878125
0 0.445339 0.754437 0.443024 0.638702 0.421595 0.639131 0.423910 0.754866
0 0.559411 0.153007 0.556159 0.022932 0.531956 0.023537 0.535207 0.153612
0 0.474302 0.324482 0.471120 0.223174 0.447963 0.223901 0.451146 0.325210
0 0.567666 0.322815 0.564673 0.219572 0.540496 0.220273 0.543488 0.323516
0 0.851954 0.216907 0.823834 0.216106 0.820948 0.317488 0.849067 0.318288
0 0.760251 0.056052 0.736442 0.056052 0.736442 0.151538 0.760251 0.151538
0 0.944439 0.507180 0.921394 0.506316 0.917810 0.601903 0.940854 0.602767
0 0.829948 0.629818 0.804054 0.628008 0.795397 0.751915 0.821291 0.753724
0 0.614190 0.633529 0.587595 0.632775 0.584133 0.754790 0.610729 0.755545
0 0.492344 0.754439 0.490009 0.637108 0.468656 0.637533 0.470991 0.754864
