0 0.301563 0.906250 0.284375 0.906250 0.284375 0.989062 0.301563 0.989062
0 0.349267 0.909811 0.325034 0.907897 0.318911 0.985457 0.343143 0.987370
0 0.493750 0.642188 0.479687 0.642188 0.479688 0.759375 0.493750 0.759375
0 0.606250 0.787500 0.576563 0.787500 0.576563 0.895312 0.606250 0.895312
0 0.589063 0.645312 0.573438 0.645312 0.573438 0.764062 0.589063 0.764062
0 0.378635 0.501764 0.338308 0.499524 0.332226 0.608995 0.372553 0.611236
0 0.267587 0.377549 0.242718 0.376365 0.238292 0.469309 0.263161 0.470493
0 0.221989 0.751442 0.218930 0.629058 0.191447 0.629745 0.194506 0.752130
0 0.486023 0.784553 0.462063 0.784101 0.460120 0.887101 0.484079 0.887553
0 0.610731 0.524034 0.590481 0.522909 0.585207 0.617841 0.605457 0.618966
0 0.746725 0.925642 0.717770 0.922594 0.709833 0.997992 0.738789 1.001040
0 0.844934 0.397646 0.822642 0.395735 0.814285 0.493233 0.836577 0.495144
0 0.653755 0.390226 0.628918 0.388846 0.623471 0.486894 0.648308 0.488274
0 0.150232 0.323265 0.145471 0.230441 0.126291 0.231424 0.131051 0.324249
0 0.628643 0.388596 0.605270 0.387366 0.600099 0.485614 0.623472 0.486844
0 0.600320 0.248581 0.580302 0.247747 0.576378 0.341919 0.596396 0.342753
0 0.777020 0.513182 0.758650 0.512215 0.752473 0.629571 0.770843 0.630538
0 0.681362 0.117602 0.659955 0.117038 0.657660 0.204231 0.679068 0.204795
0 0.181533 0.324816 0.177990 0.229172 0.160768 0.229810 0.164311 0.325454
0 0.686198 0.514457 0.664827 0.513162 0.658077 0.624543 0.679447 0.625838
0 0.973221 0.124041 0.948159 0.121535 0.938939 0.213738 0.964001 0.216244
0 0.859663 0.125817 0.839471 0.123293 0.828750 0.209063 0.848942 0.211587
0 0.361877 0.191910 0.355860 0.103649 0.333803 0.105153 0.339821 0.193414
0 0.701562 0.650000 0.678125 0.650000 0.678125 0.770312 0.701563 0.770312
0 0.949149 0.260216 0.933114 0.258879 0.925216 0.353664 0.941250 0.355000
0 0.621875 0.112500 0.598437 0.112500 0.598437 0.203125 0.621875 0.203125
0 0.590720 0.515383 0.562755 0.513911 0.557113 0.621098 0.585079 0.622570
0 0.438883 0.642400 0.421926 0.641928 0.418848 0.752737 0.435805 0.753208
0 0.840319 0.798966 0.822263 0.796787 0.810053 0.897954 0.828109 0.900133
0 0.273317 0.185337 0.243269 0.035096 0.199700 0.043810 0.229748 0.194050
0 0.805882 0.258185 0.784247 0.255908 0.774529 0.348223 0.796164 0.350501
0 0.654688 0.790625 0.618750 0.790625 0.618750 0.898438 0.654688 0.898438
0 0.858455 0.514443 0.835136 0.512778 0.826436 0.634589 0.849754 0.636255
0 0.440625 0.501563 0.410938 0.501563 0.410938 0.615625 0.440625 0.615625
0 0.368952 0.240115 0.342558 0.238649 0.337471 0.330207 0.363865 0.331673
0 0.451563 0.782813 0.434375 0.782813 0.434375 0.885938 0.451563 0.885938
0 0.479941 0.914445 0.457592 0.913130 0.452651 0.997123 0.475000 0.998437
0 0.749897 0.253524 0.732367 0.251999 0.724147 0.346529 0.741677 0.348053
0 0.176563 0.490625 0.153125 0.490625 0.153125 0.606250 0.176563 0.606250
0 0.389101 0.380105 0.373909 0.379599 0.370687 0.476262 0.385879 0.476769
0 0.156250 0.629687 0.126563 0.629687 0.126563 0.742188 0.156250 0.742188
0 0.401443 0.193531 0.398320 0.106087 0.372850 0.106996 0.375973 0.194441
0 0.420313 0.639062 0.393750 0.639062 0.393750 0.759375 0.420313 0.759375
0 0.286234 0.374291 0.267998 0.371913 0.255469 0.467969 0.273705 0.470347
0 0.332813 0.496875 0.296875 0.496875 0.296875 0.610938 0.332813 0.610938
0 0.625000 0.789062 0.604688 0.789062 0.604688 0.900000 0.625000 0.900000
0 0.772149 0.797083 0.742668 0.795278 0.736463 0.896620 0.765945 0.898425
0 0.514062 0.643750 0.492188 0.643750 0.492188 0.757812 0.514063 0.757812
0 0.764050 0.253371 0.745351 0.252387 0.740383 0.346780 0.759081 0.347764
0 0.827322 0.658202 0.789938 0.656125 0.783346 0.774769 0.820731 0.776846
0 0.798649 0.797252 0.775349 0.795460 0.767665 0.895349 0.790965 0.897142
0 0.379451 0.191881 0.373156 0.100612 0.353369 0.101977 0.359663 0.193245
0 0.735861 0.513885 0.668707 0.510154 0.662269 0.626029 0.729423 0.629760
0 0.603146 0.113673 0.579052 0.112382 0.574303 0.201023 0.598397 0.202314
0 0.814795 0.121918 0.776692 0.119677 0.771503 0.207883 0.809607 0.210124
0 0.749624 0.517664 0.734101 0.516405 0.724977 0.628926 0.740500 0.630184
0 0.235937 0.234375 0.212500 0.234375 0.212500 0.326562 0.235937 0.326562
0 0.787681 0.653315 0.761952 0.652703 0.759087 0.773021 0.784817 0.773634
0 0.401562 0.495312 0.376563 0.495312 0.376563 0.615625 0.401562 0.615625
0 0.531444 0.243185 0.501839 0.241626 0.496802 0.337332 0.526407 0.338890
0 0.074794 0.742375 0.056193 0.618368 0.026471 0.622826 0.045072 0.746833
0 0.409375 0.379688 0.387500 0.379688 0.387500 0.478125 0.409375 0.478125
0 0.748729 0.794457 0.726667 0.792843 0.718956 0.898224 0.741018 0.899838
0 0.526563 0.643750 0.512500 0.643750 0.512500 0.757812 0.526563 0.757812
0 0.400000 0.239063 0.378125 0.239063 0.378125 0.332813 0.400000 0.332813
0 0.457602 0.640825 0.438084 0.640311 0.435002 0.757418 0.454520 0.757931
0 0.168890 0.324589 0.163940 0.228886 0.143171 0.229960 0.148122 0.325663
0 0.325000 0.906250 0.301563 0.906250 0.301563 0.989062 0.325000 0.989062
0 0.890980 0.659846 0.861614 0.658425 0.855844 0.777652 0.885211 0.779073
0 0.435964 0.884320 0.434205 0.784049 0.407760 0.784513 0.409519 0.884784
0 0.556250 0.242188 0.476562 0.242188 0.476562 0.339063 0.556250 0.339063
0 0.882213 0.536399 0.866631 0.535579 0.861602 0.631121 0.877184 0.631941
0 0.842530 0.122277 0.820484 0.120514 0.813305 0.210252 0.835351 0.212016
0 0.282813 0.634375 0.264063 0.634375 0.264063 0.751563 0.282813 0.751563
0 0.628824 0.649188 0.602518 0.648248 0.598278 0.766959 0.624584 0.767898
0 0.880076 0.397307 0.856949 0.396089 0.851817 0.493599 0.874944 0.494816
0 0.281250 0.235937 0.256250 0.235937 0.256250 0.328125 0.281250 0.328125
0 0.200138 0.384145 0.167969 0.364844 0.112132 0.457904 0.144301 0.477206
0 0.355306 0.378187 0.303481 0.373004 0.293456 0.473252 0.345282 0.478434
0 0.365625 0.637500 0.348438 0.637500 0.348438 0.754687 0.365625 0.754687
0 0.554622 0.786473 0.525110 0.785550 0.521750 0.893062 0.551262 0.893985
0 0.357181 0.882688 0.351976 0.778573 0.329610 0.779691 0.334815 0.883806
0 0.708267 0.794042 0.680962 0.791813 0.672485 0.895649 0.699791 0.897878
0 0.044500 0.769750 0.009281 0.764719 -0.006875 0.877813 0.028344 0.882844
0 0.457813 0.240625 0.415625 0.240625 0.415625 0.337500 0.457813 0.337500
0 0.258642 0.876127 0.250557 0.773722 0.228695 0.775448 0.236780 0.877853
0 0.375000 0.376563 0.350000 0.376563 0.350000 0.476562 0.375000 0.476562
0 0.456250 0.381250 0.432812 0.381250 0.432812 0.478125 0.456250 0.478125
0 0.380318 0.883570 0.376295 0.778977 0.351152 0.779944 0.355174 0.884537
0 0.617596 0.247332 0.601500 0.246438 0.596226 0.341370 0.612322 0.342264
0 0.195592 0.746828 0.192539 0.627755 0.172680 0.628265 0.175733 0.747337
0 0.482389 0.500482 0.459748 0.499886 0.456633 0.618267 0.479273 0.618862
0 0.214062 0.231250 0.190625 0.231250 0.190625 0.325000 0.214062 0.325000
0 0.823908 0.394186 0.805210 0.393202 0.799961 0.492926 0.818659 0.493910
0 0.364063 0.637500 0.332813 0.637500 0.332813 0.754687 0.364063 0.754687
0 0.805739 0.120730 0.774025 0.117559 0.765161 0.206204 0.796875 0.209375
0 0.823438 0.254688 0.796875 0.254688 0.796875 0.351563 0.823438 0.351563
0 0.578183 0.112560 0.551600 0.112058 0.549942 0.199940 0.576525 0.200442
0 0.308656 0.328102 0.306156 0.235602 0.279571 0.236321 0.282071 0.328821
0 0.200000 0.490625 0.176563 0.490625 0.176563 0.606250 0.200000 0.606250
0 0.767395 0.927454 0.743114 0.925195 0.736311 0.998327 0.760592 1.000586
0 0.461175 0.914343 0.434407 0.912112 0.427500 0.995000 0.454267 0.997231
0 0.007813 0.775000 0.000000 0.775000 0.000000 0.879687 0.007813 0.879687
0 0.526563 0.385938 0.503125 0.385938 0.503125 0.482812 0.526563 0.482812
0 0.861018 0.397004 0.839624 0.396426 0.836998 0.493568 0.858393 0.494146
0 0.176563 0.632812 0.156250 0.632812 0.156250 0.740625 0.176563 0.740625
0 0.737813 0.118017 0.716549 0.116790 0.711402 0.206006 0.732666 0.207233
0 0.247432 0.372556 0.229950 0.370808 0.220034 0.469972 0.237515 0.471720
0 0.636453 0.247723 0.618727 0.246410 0.611654 0.341893 0.629381 0.343206
0 0.317188 0.376563 0.290625 0.376563 0.290625 0.475000 0.317188 0.475000
0 0.301563 0.632812 0.279688 0.632812 0.279688 0.753125 0.301563 0.753125
0 0.687851 0.250109 0.667471 0.248945 0.661986 0.344926 0.682366 0.346091
0 0.696909 0.117484 0.678848 0.116996 0.676479 0.204643 0.694540 0.205131
0 0.783408 0.255475 0.762690 0.253839 0.755325 0.347131 0.776043 0.348767
0 0.717386 0.923655 0.697114 0.922754 0.693750 0.998438 0.714022 0.999338
0 0.711707 0.509591 0.685486 0.508135 0.678856 0.627471 0.705077 0.628928
0 0.503816 0.382191 0.476834 0.380771 0.471586 0.480495 0.498567 0.481915
0 0.427508 0.913290 0.408810 0.912306 0.404485 0.994479 0.423183 0.995464
0 0.855286 0.800699 0.838055 0.798941 0.827795 0.899488 0.845026 0.901246
0 0.195313 0.231250 0.176563 0.231250 0.176563 0.325000 0.195313 0.325000
0 0.759609 0.119350 0.737920 0.117342 0.729690 0.206221 0.751379 0.208230
0 0.417188 0.242188 0.401432 0.241916 0.399839 0.334345 0.415594 0.334617
0 0.382812 0.234375 0.284375 0.234375 0.284375 0.334375 0.382812 0.334375
0 0.503336 0.242857 0.486360 0.241963 0.481375 0.336684 0.498351 0.337578
0 0.398010 0.639369 0.349706 0.636827 0.343513 0.754511 0.391816 0.757053
0 0.551562 0.245313 0.525000 0.245313 0.525000 0.340625 0.551562 0.340625
0 0.462500 0.784375 0.448438 0.784375 0.448438 0.885938 0.462500 0.885938
0 0.221875 0.492188 0.195313 0.492188 0.195313 0.606250 0.221875 0.606250
0 0.906450 0.400229 0.892668 0.399279 0.886060 0.495105 0.899841 0.496056
0 0.125000 0.625000 0.081250 0.625000 0.081250 0.745313 0.125000 0.745313
0 0.030107 0.895831 0.006116 0.892320 -0.005634 0.972613 0.018357 0.976124
0 0.888733 0.125788 0.866203 0.123416 0.857016 0.210689 0.879546 0.213061
0 0.160761 0.180631 0.128213 0.066716 0.108608 0.072317 0.141156 0.186232
0 0.867788 0.800604 0.851395 0.798731 0.839248 0.905021 0.855641 0.906895
0 0.665625 0.517188 0.634375 0.517188 0.634375 0.625000 0.665625 0.625000
0 0.589349 0.918987 0.561065 0.917640 0.557219 0.998409 0.585503 0.999756
0 0.806349 0.392293 0.790408 0.391771 0.787077 0.493378 0.803018 0.493900
0 0.535937 0.643750 0.523438 0.643750 0.523438 0.756250 0.535938 0.756250
0 0.464062 0.107813 0.420312 0.107813 0.420312 0.195313 0.464062 0.195313
0 0.770925 0.388355 0.747635 0.387129 0.742140 0.491527 0.765431 0.492753
0 0.069200 0.897525 0.027813 0.890000 0.012688 0.973188 0.054075 0.980713
0 0.867839 0.123554 0.851437 0.122691 0.846728 0.212163 0.863130 0.213027
0 0.745313 0.390625 0.700000 0.390625 0.700000 0.490625 0.745313 0.490625
0 0.675136 0.389460 0.653706 0.388388 0.648710 0.488295 0.670141 0.489366
0 0.665940 0.923014 0.649852 0.921584 0.643039 0.998235 0.659127 0.999665
0 0.545341 0.520343 0.526598 0.519989 0.524764 0.617183 0.543508 0.617537
0 0.935937 0.257813 0.907813 0.257813 0.907813 0.356250 0.935937 0.356250
0 0.757984 0.518035 0.734361 0.516977 0.729385 0.628111 0.753008 0.629169
0 0.642572 0.650207 0.620864 0.649529 0.617346 0.762114 0.639053 0.762793
0 0.840625 0.931250 0.806250 0.931250 0.806250 0.998437 0.840625 0.998437
0 0.563691 0.245904 0.548369 0.245157 0.543742 0.340015 0.559063 0.340762
0 0.268750 0.631250 0.245313 0.631250 0.245313 0.751563 0.268750 0.751563
0 0.717285 0.117722 0.697002 0.116956 0.693643 0.205951 0.713927 0.206717
0 0.550000 0.385938 0.529687 0.385938 0.529687 0.481250 0.550000 0.481250
0 0.598390 0.249340 0.562798 0.247466 0.557907 0.340383 0.593500 0.342257
0 0.727238 0.651885 0.701349 0.650680 0.695797 0.770044 0.721686 0.771248
0 0.949200 0.127515 0.923990 0.124714 0.914139 0.213377 0.939348 0.216178
0 0.418750 0.106250 0.398438 0.106250 0.398438 0.195313 0.418750 0.195313
0 0.504688 0.785937 0.484375 0.785937 0.484375 0.889062 0.504688 0.889062
0 0.830884 0.121121 0.816780 0.120181 0.810778 0.210198 0.824882 0.211138
0 0.574201 0.645312 0.538159 0.643635 0.532658 0.761911 0.568699 0.763588
0 0.177886 0.182518 0.147261 0.044706 0.123272 0.050037 0.153897 0.187849
0 0.642292 0.513434 0.610810 0.511102 0.602620 0.621664 0.634102 0.623996
0 0.733214 0.252413 0.712043 0.250572 0.703711 0.346383 0.724883 0.348223
0 0.679463 0.792429 0.653568 0.791029 0.647894 0.896001 0.673789 0.897401
0 0.882361 0.257978 0.863627 0.257443 0.860906 0.352678 0.879640 0.353213
0 0.642252 0.112534 0.618174 0.112032 0.616277 0.203073 0.640355 0.203575
0 0.767093 0.656962 0.739146 0.655798 0.734267 0.772912 0.762213 0.774077
0 0.669429 0.250346 0.649705 0.248553 0.641086 0.343366 0.660809 0.345159
0 0.238394 0.870108 0.230183 0.771573 0.201864 0.773933 0.210075 0.872468
0 0.586585 0.248931 0.561183 0.248161 0.558384 0.340500 0.583787 0.341270
0 0.867303 0.257298 0.845495 0.256087 0.840154 0.352231 0.861962 0.353442
0 0.735222 0.511827 0.711507 0.510037 0.702595 0.628114 0.726310 0.629904
0 0.633209 0.921010 0.612333 0.919519 0.606702 0.998358 0.627578 0.999849
0 0.268750 0.498437 0.223438 0.498437 0.223438 0.607812 0.268750 0.607812
0 0.817921 0.120433 0.800207 0.119501 0.795481 0.209302 0.813195 0.210234
0 0.913739 0.259593 0.892075 0.258510 0.887282 0.354364 0.908946 0.355447
0 0.771699 0.395593 0.734979 0.392096 0.725660 0.489944 0.762381 0.493441
0 0.296171 0.374305 0.266566 0.372747 0.261425 0.470420 0.291031 0.471979
0 0.538073 0.113544 0.514850 0.112383 0.510501 0.199353 0.533724 0.200514
0 0.663254 0.116063 0.641659 0.114713 0.636059 0.204304 0.657654 0.205654
0 0.285993 0.905103 0.261386 0.904601 0.259696 0.987411 0.284303 0.987913
0 0.864062 0.660938 0.832812 0.660938 0.832812 0.773438 0.864062 0.773438
0 0.343750 0.237500 0.323437 0.237500 0.323437 0.329688 0.343750 0.329688
0 0.813317 0.517850 0.789115 0.515581 0.778352 0.630392 0.802553 0.632661
0 0.730145 0.795884 0.707508 0.793369 0.695903 0.897809 0.718540 0.900324
0 0.351616 0.751535 0.349645 0.637237 0.329312 0.637587 0.331283 0.751885
0 0.517188 0.110938 0.487500 0.110938 0.487500 0.198438 0.517188 0.198438
0 0.511185 0.501892 0.480519 0.501672 0.479673 0.619326 0.510339 0.619547
0 0.519555 0.507857 0.509968 0.507520 0.506068 0.618592 0.515655 0.618929
0 0.296957 0.611861 0.296448 0.493996 0.267029 0.494123 0.267538 0.611988
0 0.695484 0.390233 0.675668 0.389269 0.670859 0.488152 0.690675 0.489116
0 0.923289 0.126451 0.903178 0.125214 0.897743 0.213583 0.917854 0.214819
0 0.903733 0.125386 0.885237 0.123913 0.878162 0.212756 0.896657 0.214229
0 0.782617 0.927925 0.765112 0.926501 0.759136 0.999936 0.776641 1.001361
0 0.836707 0.516931 0.813614 0.514604 0.801882 0.631026 0.824975 0.633353
0 0.490747 0.112462 0.464022 0.111848 0.462047 0.197860 0.488773 0.198473
0 0.474850 0.242833 0.455553 0.242007 0.451533 0.335943 0.470830 0.336769
0 0.844931 0.255282 0.820734 0.254127 0.816099 0.351243 0.840295 0.352398
0 0.434105 0.378906 0.409484 0.378856 0.409286 0.477662 0.433906 0.477711
0 0.578196 0.381928 0.553205 0.381382 0.550977 0.483240 0.575968 0.483787
0 0.920183 0.399581 0.902351 0.398647 0.897197 0.496974 0.915030 0.497909
0 0.893067 0.398636 0.876221 0.397872 0.871804 0.495214 0.888650 0.495978
0 0.662447 0.764841 0.661157 0.648109 0.638151 0.648363 0.639441 0.765095
0 0.682489 0.649080 0.662302 0.648154 0.656835 0.767374 0.677022 0.768300
0 0.822436 0.797603 0.798654 0.795902 0.791237 0.899593 0.815020 0.901294
0 0.327172 0.846560 0.325574 0.835619 0.315916 0.837029 0.317514 0.847971
0 0.337427 0.881832 0.329278 0.774232 0.290365 0.777180 0.298514 0.884779
0 0.807890 0.929652 0.783996 0.925248 0.770423 0.998887 0.794317 1.003292
