0 0.7212734073098115 0.06769840650542211 0.7084556401800981 0.013918614516644067 0.17448423605414684 0.14118428176654127 0.1873020031838602 0.19496407375531932
0 0.8715067760809363 0.12493032115913745 0.8568416574820017 0.05693151663116884 0.1799226303866746 0.20292081575399842 0.19458774898560924 0.27091962028196703
0 0.801448097059317 0.15213315040198405 0.7972874032218973 0.1337985198219223 0.21186686442444486 0.2666485173954886 0.21602755826186448 0.28498314797555035
0 0.8082881387825334 0.17387381131764262 0.8030261656134312 0.15021503683660564 0.20942989663191863 0.2822374136999294 0.21469186980102078 0.30589618818096637
0 0.8108749518784346 0.20523333921919207 0.8038765075450532 0.17313948743342272 0.217590220823551 0.3009861531572516 0.22458866515693243 0.33308000494302087
0 0.8115696479223526 0.22986907608175566 0.8060502333274876 0.2041886006606241 0.22722422148002325 0.3285936471127487 0.23274363607488846 0.35427412253388024
0 0.8065041987999366 0.2492668991287304 0.8017890684296946 0.2277212869085151 0.23879154147092332 0.3509299806602663 0.24350667184116542 0.3724755928804816
0 0.8156667631556237 0.2957605614269079 0.8080283613642887 0.247533591791939 0.2369496645084376 0.3379835739092892 0.24458806629977245 0.38621054354425804
0 0.795133272542861 0.3259770807120243 0.7848582453616209 0.2695216630321867 0.22335571412479024 0.3717165277219231 0.2336307413060304 0.4281719454017606
0 0.7515328217190277 0.337941222360327 0.748477893218137 0.32274088474809426 0.2552948050141773 0.4218596747872782 0.25834973351506807 0.43706001239951087
0 0.7711322380559128 0.3599739750135861 0.7657847150503344 0.3332421588302952 0.24962287271797784 0.43649692115352484 0.2549703957235562 0.46322873733681574
0 0.7732272636867992 0.42010983093448645 0.7620767028540314 0.360475192917501 0.25264867988880824 0.4557286957286101 0.2637992407215761 0.5153633337455956
0 0.7349106725389973 0.44856831326397684 0.7305359652972235 0.4248748047110446 0.28980978176260175 0.5062493306678432 0.2941844890043755 0.5299428392207755
0 0.6949888201194161 0.5289925019355926 0.6822097132616052 0.45634373390605437 0.2897393055772741 0.5253802972829789 0.3025184124350851 0.598029065312517
0 0.7359087090959875 0.573010644825579 0.72717184619313 0.5212486744552336 0.2851967823739375 0.5958493032845069 0.29393364527679494 0.6476112736548523
0 0.8205416789520612 0.5914304197075542 0.8149707080489511 0.5581805800835465 0.2960822439890322 0.6451197222847032 0.30165321489214225 0.6783695619087109
0 0.7635763738070209 0.6322224752785826 0.7582116237348301 0.5994560739666029 0.30588036089363846 0.6735149903509985 0.3112451109658293 0.7062813916629781
0 0.7884174833695875 0.6559899292174756 0.7839977665787368 0.6289070861383605 0.3007331221958528 0.7077722502189604 0.3051528389867036 0.7348550932980755
0 0.7623650635064522 0.6917870275410859 0.7574764862870018 0.6609217661045663 0.3073018362288871 0.7322224269972114 0.3121904134483374 0.7630876884337309
0 0.6987147313372702 0.7394401982192813 0.6929095460014072 0.7027877008773856 0.32248011941450183 0.7614579588719597 0.32828530475036494 0.7981104562138553
0 0.70923109654721 0.7891888277443669 0.7012871628736501 0.739032784394176 0.3128507465956358 0.8005550441498599 0.32079468026919555 0.8507110875000509
0 0.7301653033779211 0.8214676396310441 0.7246656546579596 0.7867442211847522 0.3207946823466644 0.8507110935517949 0.3262943310666258 0.8854345119980869
0 0.7474823371176027 0.8642067228405533 0.7398439382337572 0.8159797521037966 0.3205384045767021 0.8823911992950098 0.3281768034605476 0.9306181700317666
0 0.7384232057779622 0.8904314611725856 0.7345501923847229 0.863617070145821 0.3346946835197975 0.9213713461854516 0.3385676969130368 0.9481857372122162
0 0.7395676238888518 0.9312098504029486 0.7339741127605096 0.8907411082548305 0.3411323589377232 0.9450389343064209 0.3467258700660653 0.985507676454539
0 0.8169082383853382 0.9362645188272924 0.8049923301715479 0.8610304450349823 0.3419555509637791 0.9343682756551935 0.35387145917756957 1.0096023494475037