0 0.8398440559520521 0.12904907161082207 0.12735417049804182 0.1280234903221199 0.12719960821539625 0.23540070582984968 0.8396894936694066 0.23642628711855185
0 0.6777796374359611 0.2302777746435894 0.6773837924767466 0.18388758133942595 0.1560434687296598 0.18833614954946715 0.15643931368887437 0.23472634285363053
0 0.7590482827191325 0.253324662340646 0.7589693416609898 0.22811769638004767 0.16151174578019717 0.2299887638813063 0.16159068683833983 0.25519572984190464
0 0.726706120336462 0.2537148558326586 0.16490679077320664 0.2242722002571687 0.16030695080881427 0.31204237443415994 0.7221062803720697 0.34148503000964986
0 0.6065933093334259 0.3259531476510921 0.6065350076139682 0.30221796239547105 0.19956161914476114 0.3032176280001737 0.19961992086421887 0.3269528132557948
0 0.6472324719048889 0.3246220979904963 0.19100676892854146 0.31435955379810143 0.19024291264798016 0.34831710487303214 0.6464686156243274 0.35857964906542705
0 0.6177991988539174 0.3595080349655232 0.6176721456322877 0.3353598145197306 0.18730035731440084 0.33762416862926375 0.18742741053603057 0.3617723890750564
0 0.6737581179586849 0.3581069506360178 0.1812355607868693 0.3522803876683679 0.1808680641948129 0.38334507576604954 0.6733906213666285 0.38917163873369937
0 0.654808443349947 0.40376428208261955 0.6547791922573424 0.3784100200021826 0.18788468196082303 0.37894867399708004 0.18791393305342768 0.40430293607751694
0 0.7016946666049617 0.4037506689007045 0.17216088287171355 0.39842806433124067 0.1712934705189572 0.4847249400839878 0.7008272542522054 0.4900475446534516
0 0.7610810745419272 0.48940051782166805 0.14863738668949916 0.48078762537616254 0.14816843054725987 0.5141340570205016 0.7606121183996879 0.5227469494660071
0 0.7487932718691735 0.5196710873470388 0.12308229486049246 0.5124304817772248 0.12273697647641986 0.5422718398506333 0.748447953485101 0.5495124454204473
0 0.6408252331736526 0.5449317208369182 0.1715387964114303 0.541321331717785 0.17130379507164867 0.5718673304291219 0.640590231833871 0.5754777195482552
0 0.6646671119766671 0.5754262814619087 0.17565792607326874 0.5644840338149277 0.17460452717007796 0.611560444137535 0.6636137130734763 0.6225026917845159
0 0.6819577005665802 0.6125805197065824 0.17390099970430992 0.6074737922451396 0.17293552111047977 0.7035270617485623 0.68099222197275 0.7086337892100052
0 0.6064505904217616 0.7070267910682648 0.19290386219177308 0.6853537274465685 0.1912683637027086 0.7165609005986199 0.6048150919326972 0.7382339642203163
0 0.6202006334541985 0.7209427600260395 0.17117156093167546 0.7184618450540091 0.17083538632482273 0.7793072080037773 0.6198644588473459 0.7817881229758077
0 0.6713072500586946 0.7266650179702511 0.15581635337151928 0.7132999694794921 0.15320166150988293 0.8141488256020526 0.6686925581970582 0.8275138740928115
0 0.6782429364137091 0.8300933956323988 0.15025560283746406 0.8024227512880924 0.1484156667566348 0.8375308222523902 0.6764030003328799 0.8652014665966965
0 0.6374913772892157 0.8612063874391567 0.17712803726963755 0.8370797683571423 0.17610585062421108 0.856584252454657 0.6364691906437893 0.8807108715366713
0 0.60818691416658 0.8792722487103465 0.18160984611761072 0.8525197969433908 0.17935925177383166 0.8884062997918033 0.605936319822801 0.9151587515587589