0 0.202435 0.792473 0.169789 0.790141 0.158384 0.949818 0.191030 0.952149
0 0.643073 0.828055 0.616729 0.826200 0.605217 0.989672 0.631561 0.991527
0 0.752459 0.385959 0.713604 0.382233 0.696677 0.558757 0.735532 0.562483
0 0.851561 0.602107 0.825055 0.600258 0.812294 0.783161 0.838800 0.785011
0 0.228616 0.794199 0.199060 0.792229 0.188254 0.954321 0.217810 0.956291
0 0.443612 0.101877 0.418754 0.099564 0.403794 0.260382 0.428652 0.262694
0 0.750155 0.125873 0.717927 0.123650 0.707184 0.279429 0.739412 0.281651
0 0.490907 0.816993 0.447481 0.814488 0.438144 0.976329 0.481570 0.978835
0 0.678820 0.379221 0.641397 0.375349 0.622967 0.553507 0.660390 0.557379
0 0.171234 0.788872 0.137677 0.786531 0.126124 0.952113 0.159682 0.954455
0 0.564604 0.109963 0.524634 0.106965 0.512488 0.268905 0.552459 0.271903
0 0.654027 0.597789 0.629625 0.596654 0.621704 0.766962 0.646106 0.768096
0 0.581812 0.824528 0.543456 0.821164 0.528986 0.986123 0.567342 0.989487
0 0.554959 0.594833 0.516251 0.592796 0.507566 0.757800 0.546275 0.759837
0 0.089562 0.063680 0.042500 0.060138 0.029285 0.235706 0.076347 0.239248
0 0.372066 0.106216 0.331909 0.104588 0.325757 0.256323 0.365915 0.257951
0 0.481295 0.364465 0.436310 0.361327 0.423852 0.539891 0.468837 0.543029
0 0.692268 0.590814 0.653615 0.588540 0.642489 0.777683 0.681142 0.779957
0 0.619911 0.828289 0.581574 0.824681 0.566227 0.987741 0.604564 0.991349
0 0.889081 0.397288 0.851867 0.394023 0.836495 0.569265 0.873709 0.572529
0 0.450360 0.584681 0.426442 0.583231 0.416367 0.749477 0.440285 0.750926
0 0.575840 0.374212 0.537991 0.370823 0.522257 0.546513 0.560107 0.549902
0 0.631952 0.585533 0.591793 0.583473 0.582535 0.764008 0.622694 0.766068
0 0.842187 0.123438 0.798438 0.123438 0.798438 0.287500 0.842187 0.287500
0 0.066629 0.780479 0.037899 0.779111 0.030076 0.943396 0.058806 0.944765
0 0.714707 0.380521 0.677350 0.376838 0.659686 0.555995 0.697043 0.559678
0 0.781571 0.380544 0.752778 0.377513 0.733497 0.560681 0.762290 0.563711
0 0.507961 0.820317 0.484473 0.819572 0.479053 0.990307 0.502541 0.991053
0 0.512480 0.589654 0.475778 0.588389 0.470023 0.755270 0.506725 0.756536
0 0.992990 0.618228 0.969775 0.616603 0.957438 0.792849 0.980652 0.794474
0 0.810946 0.130088 0.778292 0.127810 0.767421 0.283628 0.800075 0.285906
0 0.041997 0.083230 0.028269 0.082284 0.017785 0.234308 0.031513 0.235255
0 0.106437 0.783759 0.065212 0.781698 0.056807 0.949793 0.098032 0.951855
0 0.037500 0.554688 0.000000 0.554688 0.000000 0.717187 0.037500 0.717187
0 0.116821 0.324808 0.082508 0.323359 0.074438 0.514347 0.108752 0.515797
0 0.412739 0.810155 0.385450 0.808484 0.375443 0.971934 0.402732 0.973605
0 0.395994 0.100976 0.372063 0.099863 0.364686 0.258459 0.388617 0.259572
0 0.687888 0.114095 0.659957 0.111767 0.646250 0.276250 0.674181 0.278578
0 0.181960 0.069622 0.131722 0.064484 0.113557 0.242100 0.163795 0.247238
0 0.770596 0.839411 0.729426 0.835200 0.712777 0.997986 0.753948 1.002197
0 0.388879 0.808640 0.357096 0.806195 0.344623 0.968336 0.376406 0.970781
0 0.397367 0.361817 0.354285 0.359467 0.344806 0.533239 0.387888 0.535589
0 0.295162 0.561185 0.255722 0.557899 0.240819 0.736735 0.280259 0.740022
0 0.249997 0.350071 0.199604 0.347780 0.191633 0.523128 0.242026 0.525419
0 0.601034 0.114149 0.565603 0.111196 0.552446 0.269084 0.587877 0.272037
0 0.159703 0.326216 0.117696 0.323299 0.104324 0.515860 0.146331 0.518777
0 0.660440 0.111914 0.601330 0.107103 0.587946 0.271530 0.647057 0.276341
0 0.810568 0.378691 0.782160 0.374727 0.755985 0.562318 0.784392 0.566281
0 0.435765 0.366013 0.397470 0.363341 0.385489 0.535070 0.423784 0.537742
0 0.006250 0.778125 0.000000 0.778125 0.000000 0.928125 0.006250 0.928125
0 0.686173 0.832412 0.639609 0.829307 0.628616 0.994199 0.675180 0.997304
0 0.253597 0.558152 0.205539 0.555406 0.194888 0.741806 0.242945 0.744552
0 0.201919 0.328408 0.157701 0.326160 0.147870 0.519489 0.192089 0.521738
0 0.525656 0.111751 0.494477 0.109563 0.483436 0.266902 0.514614 0.269090
0 0.938215 0.137087 0.894119 0.133252 0.880587 0.288869 0.924683 0.292703
0 0.209666 0.077488 0.168282 0.076061 0.162480 0.244342 0.203864 0.245769
0 0.136208 0.551327 0.109738 0.549480 0.097457 0.725513 0.123927 0.727360
0 0.286058 0.354315 0.246450 0.352949 0.240480 0.526073 0.280088 0.527438
0 0.417360 0.102326 0.393848 0.101292 0.386850 0.260497 0.410362 0.261530
0 0.136170 0.786285 0.104815 0.784605 0.095905 0.950925 0.127260 0.952604
0 0.498438 0.103125 0.401562 0.103125 0.401563 0.979688 0.498438 0.979688
0 0.325197 0.572935 0.291721 0.569747 0.275660 0.738381 0.309136 0.741570
0 0.206840 0.567290 0.192958 0.566629 0.184838 0.737150 0.198720 0.737811
0 0.719170 0.123802 0.684970 0.121359 0.673731 0.278704 0.707931 0.281147
0 0.285049 0.798374 0.256179 0.796312 0.244876 0.954545 0.273747 0.956607
0 0.827479 0.600672 0.784127 0.596109 0.765000 0.777813 0.808352 0.782376
0 0.130442 0.086261 0.088028 0.082726 0.075129 0.237511 0.117543 0.241045
0 0.346447 0.567594 0.321604 0.565860 0.308791 0.749523 0.333633 0.751256
0 0.731535 0.836448 0.681785 0.831030 0.663854 0.995661 0.713605 1.001079
0 0.352811 0.360664 0.315961 0.359129 0.308844 0.529926 0.345694 0.531461
0 0.039861 0.779545 0.006250 0.778125 -0.000455 0.936821 0.033155 0.938241
0 0.726975 0.592957 0.691077 0.590437 0.678475 0.770008 0.714373 0.772527
0 0.244287 0.094865 0.209160 0.093633 0.203692 0.249472 0.238818 0.250704
0 0.618348 0.374335 0.577351 0.370235 0.559576 0.547989 0.600572 0.552088
0 0.784034 0.597025 0.736012 0.592558 0.719145 0.773874 0.767167 0.778341
0 0.428003 0.570696 0.393762 0.568555 0.382630 0.746668 0.416871 0.748808
0 0.593499 0.595834 0.556122 0.593256 0.544628 0.759920 0.582004 0.762498
0 0.386079 0.566426 0.341053 0.564788 0.334195 0.753374 0.379221 0.755011
0 0.331494 0.097912 0.286135 0.095786 0.278713 0.254129 0.324072 0.256255
0 0.109946 0.557462 0.042185 0.552719 0.030531 0.719200 0.098293 0.723943
0 0.316716 0.356650 0.280580 0.355587 0.275485 0.528829 0.311621 0.529891
0 0.110821 0.547553 0.039838 0.541875 0.025688 0.718743 0.096671 0.724421
0 0.641409 0.371585 0.615483 0.369363 0.599814 0.552172 0.625739 0.554394
0 0.319984 0.802128 0.283506 0.799848 0.273085 0.966580 0.309563 0.968859
0 0.286455 0.095923 0.242757 0.094416 0.237322 0.252041 0.281020 0.253548
0 0.850505 0.374087 0.807813 0.368750 0.783269 0.565096 0.825962 0.570433
0 0.544931 0.821565 0.500965 0.817952 0.487646 0.979999 0.531612 0.983613
0 0.210251 0.086415 0.186899 0.085581 0.181160 0.246258 0.204512 0.247092
0 0.824578 0.842604 0.769576 0.837238 0.753872 0.998205 0.808874 1.003572
0 0.534596 0.370916 0.500405 0.369068 0.490966 0.543684 0.525157 0.545532
0 0.463315 0.102590 0.438120 0.101015 0.427985 0.263175 0.453180 0.264750
0 0.864062 0.392188 0.828125 0.392188 0.828125 0.568750 0.864062 0.568750
0 0.049045 0.337843 0.007509 0.335766 -0.001251 0.510953 0.040286 0.513030
0 0.501368 0.365123 0.477562 0.363762 0.467343 0.542598 0.491149 0.543959
0 0.083153 0.319980 0.047876 0.318155 0.037784 0.513269 0.073061 0.515094
0 0.356572 0.804798 0.322257 0.802382 0.310738 0.965963 0.345052 0.968380
0 0.785518 0.124591 0.749285 0.121039 0.733568 0.281355 0.769801 0.284907
0 0.169105 0.566025 0.133676 0.563878 0.123855 0.725925 0.159284 0.728072
0 0.479624 0.589458 0.448670 0.587298 0.437155 0.752338 0.468109 0.754497
0 0.896237 0.130645 0.842608 0.125097 0.825855 0.287050 0.879483 0.292597
0 0.256827 0.796322 0.227226 0.794281 0.216198 0.954188 0.245799 0.956230
