0 0.9933086772162181 0.26519557926277654 0.044274285131287915 0.15501852042025538 0.037716099316908704 0.21150890011377613 0.9867504914018388 0.3216859589562972
0 0.9410401642919395 0.3106787938191039 0.03830953808858151 0.21089883524847725 0.032001135368006334 0.26797230390758575 0.9347317615713642 0.36775226247821236
0 0.9351074515943975 0.3678649393328858 0.04935156912472253 0.2698154687317898 0.041446335614454245 0.34122949107265355 0.9272022180841291 0.4392789616737495
0 0.9912466135577972 0.445582399560818 0.43322523269176916 0.3869319779819276 0.4279171456635574 0.437435042981308 0.9859385265295856 0.4960854645601985
0 0.8758486416898105 0.47865554267160604 0.42878747413692403 0.4294013609829368 0.4270105813929933 0.4455295295461485 0.8740717489458797 0.4947837112348178
0 0.8615904485440561 0.49087148634746514 0.43136022108540883 0.44565246783738965 0.42768539222950286 0.4806161292931491 0.8579156196881502 0.5258351478032246
0 0.8322981216372959 0.5251508579231683 0.4277993726215653 0.4798919052119238 0.4240371684441874 0.5135163439611012 0.828535917459918 0.5587752966723457
0 0.8373604129654977 0.5590938602869774 0.31801855528928813 0.5011811139726304 0.3147176849943568 0.530782198708154 0.8340595426705664 0.5886949450225011
0 0.856875795440884 0.8200434074468449 0.8309859276285174 0.5729617279657577 0.6985815587054469 0.5868354057568321 0.7244714265178136 0.8339170852379192
0 0.7448899601194464 0.576799938753588 0.3189194380867276 0.5320286328082038 0.31422382348585043 0.5767044214760645 0.7401943455185692 0.6214757274214487
0 0.07388878299327968 0.5784237054210555 0.04270743116519471 0.5600469684230402 0.00842058464375337 0.6182243382453368 0.03960193647183834 0.6366010752433521
0 0.7337945283038394 0.6610665761912767 0.049152809830975704 0.6205218198610871 0.044954335649805124 0.691417561716126 0.7295960541226688 0.7319623180463156
0 0.7779498049267953 0.7942795384516164 0.02772760253646288 0.719567912532753 0.024271631632818935 0.7542712946482003 0.7744938340231514 0.8289829205670636
0 0.7631791419602068 0.7232148880375107 0.032120361684803554 0.6658935812890994 0.02656401833163787 0.7367575204589656 0.7576227986070411 0.7940788272073769
0 0.7121524563355279 0.025218040916895234 0.3237609777938026 -0.007482014721154706 0.3211397683052081 0.02365112584935286 0.7095312468469335 0.0563511814874028