0 0.8409117287031604 0.22926039564041373 0.8383404298139411 0.16275913039065756 0.48824067298431223 0.1762958820971264 0.4908119718735316 0.24279714734688257
0 0.8460199006536474 0.29395208329354566 0.8444533132704661 0.22882026467944683 0.4853768554231347 0.23745697497605206 0.48694344280631585 0.3025887935901509
0 0.8374351289714692 0.3406726291528715 0.8372252894780908 0.29618171420035616 0.48762109766659545 0.2978306073860989 0.48783093715997383 0.34232152233861424
0 0.8351030692634008 0.34021201342239993 0.4803478318309094 0.33960684201200575 0.4802451762108335 0.3997842037450938 0.8350004136433249 0.400389375155488
0 0.8204865866397897 0.39994734850260566 0.4819360435256258 0.370328015789693 0.47353822494893666 0.4663155273136404 0.8120887680631006 0.495934860026553
0 0.7966870037612653 0.4840267063477812 0.47365342208164113 0.46393578120053675 0.4704488342887667 0.5154610078863272 0.793482415968391 0.5355519330335717
0 0.7604621553607854 0.525374892296395 0.4702974891937708 0.5026752141504132 0.4672566566157051 0.5415454643896399 0.7574213227827198 0.5642451425356217
0 0.7319108203125 0.5608083359375 0.46596126682455513 0.5326307387371081 0.4603355746370551 0.5857278965496082 0.726285128125 0.61390549375
0 0.7726898132267106 0.6101230357239806 0.45943327780858556 0.5827166300101358 0.45353210570214975 0.6501673110030957 0.7667886411202748 0.6775737167169406
0 0.7909784849224876 0.6670245417408717 0.45746131850670135 0.629529582413203 0.4490159983400768 0.7046505933958238 0.782533164755863 0.7421455527234925
0 0.7857929354537647 0.7430032446040723 0.45548537576382164 0.6796589785866705 0.4455019215476644 0.7317175247936665 0.7758094812376075 0.7950617908110684
0 0.6908350398476679 0.7773476030778511 0.5058885944310212 0.7364422678363887 0.4982557654544154 0.7709527926704578 0.6832022108710623 0.8118581279119201
0 0.7000702509128396 0.8159740880599523 0.45047054932454156 0.7778183699015307 0.4445356377710074 0.816642227090236 0.6941353393593055 0.8547979452486578
0 0.6898208914610124 0.8542819802079821 0.46067060074582483 0.8088598646411522 0.4574551788021849 0.825081365202327 0.6866054695173726 0.8705034807691568
0 0.4619874677919814 0.181694661728774 0.1188363811151513 0.16008371510316546 0.11041036876155033 0.2938768036513703 0.45356145543838045 0.3154877502769789
0 0.4534956494704626 0.2920304925870905 0.11786364717780887 0.2626664944120519 0.10969279551246809 0.356059747215269 0.4453247978051219 0.38542374539030766
0 0.45057799246405594 0.3701986557014856 0.11981022126633836 0.34126022153200275 0.11345511384958688 0.4138994218304665 0.4442228850473044 0.44283785599994935
0 0.4422591698296114 0.4356975236163209 0.11092688867515488 0.41650416406878377 0.10693435998738318 0.48542662834178507 0.43826664114183966 0.5046199878893223
0 0.4383217157302107 0.5102885338422205 0.11241817707625726 0.4817756693515819 0.10787881559288204 0.5336608095186517 0.4337823542468355 0.5621736740092903
0 0.3794484481982575 0.5576671484030417 0.10725033943541477 0.5305842411307073 0.1033347658781127 0.5699379082352789 0.37553287464095547 0.5970208155076133
0 0.39626018851351147 0.5870510645857856 0.10361048627912414 0.5699734407373162 0.10124680503494565 0.6104785261299679 0.39389650726933295 0.6275561499784373
0 0.43120004467133555 0.6111102002652632 0.1041674713456161 0.6018647201764658 0.10236154734793812 0.6657441473688859 0.42939412067365756 0.6749896274576832
0 0.3514646734375001 0.6739140046875001 0.1083015875000001 0.6408764765625 0.10514284863955833 0.6641254522748959 0.34830593457705833 0.697162980399896
0 0.3986601846287622 0.6708172718173414 0.10135144064972437 0.664114149177624 0.10019823128918696 0.7152633291873609 0.3975069752682248 0.7219664518270783
0 0.3525370680302565 0.7253840146086094 0.1050573403959155 0.6883980586367613 0.10023544150390293 0.7206622571175008 0.3477151691382439 0.7576482130893489
0 0.35003209009067277 0.7565014418908533 0.10287529425116992 0.7156967436994043 0.09783443847434647 0.746229545492062 0.3449912343138493 0.787034243683511
0 0.35012143711719457 0.7853628051455004 0.10079261164480999 0.7419491862731968 0.09480685944960947 0.776325969484656 0.34413568492199403 0.8197395883569596