0 0.6260628982127415 0.8585788381801874 0.5424945783496662 0.06347930162099928 0.4822793840168315 0.06980817289968225 0.5658477038799068 0.8649077094588703
0 0.6975214178651855 0.8586596276018174 0.6030562437169253 0.14861140111292603 0.5233521699060782 0.15921527128960236 0.6178173440543384 0.8692634977784938
0 0.7694164696159903 0.8616512103689817 0.6723161921875 0.14017313437500004 0.6033213357211998 0.1494588215315873 0.7004216131496901 0.8709368975255691
0 0.8280904804488417 0.8255192451727155 0.7386076806411087 0.13663172171635574 0.6743844027252767 0.14497398155567603 0.7638672025330095 0.8338615050120358
0 0.8934421572910782 0.8537575197429128 0.7982616011884991 0.12177093430446018 0.7362386143989866 0.1298358121194445 0.8314191705015658 0.8618223975578971
0 0.9133442216320162 0.8518478270342577 0.8166625938129307 0.10784996856169644 0.7942374293161085 0.11076409174494684 0.890919057135194 0.8547619502175081
0 0.585407173895336 0.8574550215954465 0.4863989263407894 0.11851213532450278 0.4551443337739963 0.12269982356883471 0.554152581328543 0.8616427098397785
0 0.56554336371639 0.8906394845442709 0.4640533897719533 0.1474740670632067 0.4285173127084693 0.15232703176046722 0.5300072866529061 0.8954924492415314
0 0.5398377470482216 0.9118928650224337 0.44137003758787274 0.17584144141686422 0.4084002873377937 0.1802520786148771 0.5068679967981427 0.9163035022204467
0 0.5076961129876019 0.8840421787683305 0.4253589637278442 0.16459457741748643 0.39436070615256036 0.1681421716494726 0.4766978554123181 0.8875897730003166
0 0.48094563139209534 0.8607524091073673 0.40755404449869825 0.1431662542834557 0.37449435546454346 0.1465474553059507 0.44788594235794044 0.8641336101298622
0 0.45547553765849064 0.8424676472110949 0.38089016882588045 0.1328348323625793 0.35369621076546603 0.13569303078507972 0.4282815795980762 0.8453258456335954
0 0.4578776348224388 0.8741458239288811 0.4467900763995745 0.8224951744681374 0.41939375959589686 0.8283761898339351 0.43048131801876116 0.8800268392946788
0 0.43221476899398087 0.8212704118694987 0.358776558620318 0.18468257413808392 0.33161435919049725 0.18781606679645318 0.4050525695641601 0.8244039045278679
0 0.4251408815284935 0.8480958612738559 0.33283715220740406 0.18224519724495342 0.30576717687590627 0.1859977799346039 0.3980709061969957 0.8518484439635063
0 0.4231553864206871 0.8816404579426914 0.3104305761128863 0.18869903463775198 0.2750959389234905 0.19444712551601484 0.3878207492312913 0.8873885488209542
0 0.39545866589135126 0.8880533427842578 0.3165179155569259 0.13698211823327375 0.24076331680902302 0.14494424575322754 0.31970406714344846 0.8960154703042116
0 0.34033345257774655 0.8985651653010149 0.2409838212183705 0.14740910350940087 0.1793912716289498 0.15555547602431857 0.2787409029883259 0.9067115378159327
0 0.27713006313463506 0.8925736067713348 0.18963714896231862 0.16827557781066318 0.12972273137852103 0.1755130502125495 0.21721564555083744 0.8998110791732211
0 0.2209994894558803 0.8853626510595651 0.13460030943186801 0.20838331017101383 0.09540254084440883 0.21338590753282166 0.18180172086842114 0.890365248421373
0 0.13577736398540977 0.815805945830488 0.07471012140890772 0.2670009011482606 0.04183752568643777 0.270658737016489 0.10290476826293982 0.8194637816987165
0 0.18806213067858976 0.9307482468903615 0.10743639645320291 0.20342216028304794 0.06295049703905274 0.2083535223900681 0.1435762312644396 0.9356796089973818
0 0.13727014232584697 0.9031355792696726 0.04060568635698849 0.24829016298329248 -0.03566240133883032 0.25954841267328865 0.061002054630028155 0.9143938289596687