0 0.284736 0.834615 0.238389 0.828822 0.221370 0.964976 0.267716 0.970769
0 0.577008 0.869451 0.552129 0.860772 0.505356 0.994855 0.530235 1.003534
0 0.294820 0.284668 0.262021 0.282379 0.247061 0.496815 0.279859 0.499104
0 0.847649 0.079765 0.805569 0.075557 0.787825 0.253001 0.829904 0.257209
0 0.944479 0.361439 0.922452 0.358365 0.892740 0.571298 0.914768 0.574372
0 0.109213 0.259941 0.074052 0.256671 0.053861 0.473724 0.089022 0.476995
0 0.636804 0.327503 0.603397 0.324270 0.583038 0.534649 0.616445 0.537882
0 0.998437 0.107813 0.978125 0.107813 0.978125 0.279688 0.998437 0.279688
0 0.820990 0.617103 0.778002 0.613009 0.759624 0.805976 0.802612 0.810070
0 1.005090 0.474103 0.993332 0.472927 0.982751 0.578744 0.994508 0.579920
0 0.673934 0.333234 0.638296 0.329090 0.613837 0.539436 0.649475 0.543580
0 0.945813 0.904313 0.901188 0.897938 0.886844 0.998344 0.931469 1.004719
0 0.981501 0.375145 0.943387 0.368383 0.907364 0.571417 0.945479 0.578180
0 0.500785 0.854632 0.429164 0.849516 0.418821 0.994313 0.490443 0.999429
0 0.156380 0.261595 0.122278 0.260802 0.117156 0.481031 0.151258 0.481824
0 0.383837 0.294342 0.337423 0.290350 0.319015 0.504341 0.365429 0.508333
0 0.311581 0.559926 0.282169 0.552574 0.232996 0.749265 0.262408 0.756618
0 0.339835 0.287213 0.294713 0.283400 0.276424 0.499812 0.321547 0.503625
0 0.683804 0.602166 0.643588 0.598815 0.627446 0.792522 0.667662 0.795873
0 0.915739 0.630221 0.867035 0.624809 0.845560 0.818083 0.894264 0.823495
0 0.861604 0.893998 0.845484 0.892207 0.833727 0.998018 0.849848 0.999809
0 0.639679 0.043420 0.593101 0.042126 0.587920 0.228614 0.634499 0.229908
0 0.350635 0.188353 0.324229 -0.009689 0.247776 0.000505 0.274181 0.198547
0 0.865682 0.624486 0.818178 0.619207 0.796341 0.815739 0.843845 0.821018
0 0.483594 0.310156 0.466149 0.308814 0.449936 0.519586 0.467381 0.520928
0 0.427954 0.306231 0.385252 0.301486 0.362195 0.508994 0.404897 0.513739
0 0.798369 0.886588 0.755668 0.882093 0.743425 0.998403 0.786126 1.002898
0 0.527582 0.313202 0.477609 0.309695 0.462730 0.521727 0.512703 0.525234
0 0.256791 0.174579 0.220132 -0.008714 0.176262 0.000060 0.212921 0.183353
0 0.964134 0.633123 0.913608 0.626918 0.889912 0.819869 0.940438 0.826074
0 0.952908 0.100603 0.895823 0.094895 0.878744 0.265687 0.935829 0.271395
0 0.616744 0.591092 0.570055 0.586749 0.551587 0.785286 0.598276 0.789629
0 0.129700 0.266613 0.103241 0.264756 0.088396 0.476296 0.114855 0.478153
0 0.411926 0.571766 0.362599 0.562370 0.325332 0.758024 0.374658 0.767420
0 0.484750 0.207313 0.453937 -0.008375 0.394219 0.000156 0.425031 0.215844
0 0.256611 0.570553 0.198197 0.531611 0.072476 0.720192 0.130889 0.759135
0 0.565184 0.316673 0.527665 0.313787 0.511259 0.527068 0.548778 0.529954
0 0.435557 0.571030 0.407939 0.566427 0.374789 0.765329 0.402407 0.769932
0 0.854603 0.895819 0.798860 0.886529 0.780363 0.997508 0.836106 1.006799
0 0.377257 0.843700 0.282223 0.832425 0.265733 0.971411 0.360767 0.982686
0 0.757101 0.883534 0.733179 0.881541 0.723448 0.998308 0.747371 1.000302
0 0.603432 0.323648 0.565029 0.320075 0.545324 0.531905 0.583727 0.535478
0 0.867443 0.360288 0.828840 0.354870 0.800006 0.560308 0.838610 0.565726
0 0.829078 0.352363 0.791178 0.348152 0.767931 0.557374 0.805831 0.561585
0 0.803711 0.071579 0.758470 0.068837 0.747574 0.248622 0.792815 0.251364
0 0.265370 0.274516 0.234601 0.272112 0.217463 0.491477 0.248232 0.493880
0 0.672590 0.055083 0.636973 0.054535 0.634213 0.233940 0.669830 0.234488
0 0.753386 0.344943 0.719577 0.341012 0.695368 0.549207 0.729177 0.553138
0 0.423380 0.848952 0.374505 0.843521 0.358803 0.984832 0.407679 0.990263
0 0.886719 0.896094 0.861125 0.892438 0.846031 0.998094 0.871625 1.001750
0 0.758845 0.067497 0.714398 0.065246 0.705363 0.243685 0.749810 0.245936
0 0.414758 0.197925 0.395298 -0.006397 0.327093 0.000098 0.346552 0.204421
0 0.463729 0.576592 0.432838 0.571715 0.401457 0.770460 0.432348 0.775338
0 0.508691 0.577956 0.462414 0.571448 0.434191 0.772142 0.480468 0.778650
0 0.235108 0.269724 0.194038 0.267671 0.182988 0.488681 0.224057 0.490734
0 0.193112 0.270688 0.157560 0.269159 0.148297 0.484520 0.183849 0.486049
0 0.896035 0.086768 0.846247 0.082136 0.829873 0.258157 0.879661 0.262788
0 0.996339 0.102737 0.953040 0.097848 0.933374 0.272039 0.976672 0.276928
0 0.901698 0.898997 0.883193 0.896506 0.869486 0.998326 0.887991 1.000817
0 0.646512 0.594554 0.616499 0.591476 0.596167 0.789711 0.626180 0.792789
0 0.643774 0.871683 0.596659 0.865793 0.580144 0.997909 0.627260 1.003798
0 0.923378 0.366247 0.891145 0.361723 0.862372 0.566731 0.894605 0.571255
0 0.196751 0.825501 0.149018 0.821386 0.137589 0.953968 0.185322 0.958083
0 0.719586 0.336599 0.671337 0.331411 0.648647 0.542428 0.696896 0.547617
0 0.593266 0.001006 0.520564 -0.000270 0.516661 0.222222 0.589363 0.223498
0 1.012188 0.377188 0.973687 0.371688 0.944312 0.577313 0.982813 0.582813
0 0.732961 0.604198 0.684823 0.599539 0.665677 0.797384 0.713814 0.802043
0 0.701850 0.876064 0.662736 0.872960 0.652780 0.998410 0.691894 1.001514
0 0.338585 0.561526 0.307978 0.554724 0.264044 0.752426 0.294651 0.759228
0 0.524516 0.204651 0.483628 -0.005627 0.441346 0.002594 0.482234 0.212873
0 0.570579 0.589410 0.510910 0.581455 0.484682 0.778166 0.544350 0.786122
0 0.276875 0.180313 0.250469 -0.004531 0.218094 0.000094 0.244500 0.184938
0 0.665579 0.872339 0.640053 0.869787 0.627212 0.998190 0.652738 1.000743
0 0.777360 0.612725 0.733192 0.608518 0.714870 0.800895 0.759038 0.805102
0 0.714293 0.052702 0.673716 0.051303 0.667284 0.237827 0.707861 0.239226
0 0.792389 0.347578 0.751461 0.343120 0.728687 0.552227 0.769615 0.556685
0 0.565823 0.864986 0.511124 0.848010 0.466877 0.990583 0.521577 1.007558
0 0.469978 0.305650 0.425165 0.301795 0.406783 0.515486 0.451596 0.519341
0 0.526029 0.215394 0.513986 -0.001385 0.478678 0.000577 0.490721 0.217356
0 0.241899 0.830433 0.195938 0.824688 0.179087 0.959495 0.225048 0.965240
0 0.985031 0.636031 0.963375 0.632938 0.936156 0.823469 0.957812 0.826563
0 0.894938 0.357313 0.867812 0.353438 0.837625 0.564750 0.864750 0.568625
0 0.736337 0.880316 0.701454 0.876885 0.689509 0.998328 0.724392 1.001759
0 0.367857 0.567056 0.327809 0.557954 0.283175 0.754344 0.323223 0.763445
0 0.321394 0.595686 0.262504 0.535543 0.104145 0.690603 0.163035 0.750746
