0 0.401430 0.478494 0.373561 0.471936 0.312779 0.730227 0.340647 0.736785
0 0.961866 0.391545 0.952894 0.073048 0.862825 0.075585 0.871796 0.394082
0 0.737983 0.135649 0.680471 0.132774 0.668162 0.378955 0.725674 0.381831
0 0.388807 0.808780 0.341733 0.792912 0.277768 0.982675 0.324842 0.998542
0 0.090846 0.784632 0.079733 0.783778 0.065414 0.969936 0.076526 0.970790
0 0.623346 0.522070 0.588155 0.511297 0.520038 0.733813 0.555229 0.744585
0 0.769736 0.836862 0.744493 0.825796 0.669559 0.996738 0.694803 1.007803
0 1.003286 0.609319 0.983347 0.599635 0.899747 0.771752 0.919686 0.781437
0 0.983575 0.855407 0.956488 0.840960 0.873746 0.996102 0.900833 1.010548
0 0.198343 0.040398 0.088326 0.032651 0.065974 0.350047 0.175992 0.357794
0 0.622988 0.824636 0.591481 0.812821 0.521875 0.998438 0.553382 1.010253
0 1.009720 0.505126 0.928227 0.466776 0.794764 0.750385 0.876257 0.788735
0 0.374338 0.481103 0.340257 0.473529 0.282978 0.731287 0.317059 0.738860
0 0.328658 0.804632 0.288787 0.795772 0.247537 0.981397 0.287408 0.990257
0 0.773699 0.185056 0.733326 0.183326 0.724789 0.382536 0.765161 0.384266
0 0.045313 0.495312 0.000000 0.495312 0.000000 0.726562 0.045313 0.726562
0 0.340335 0.482081 0.293171 0.471974 0.238476 0.727218 0.285640 0.737325
0 0.080163 0.783620 0.043385 0.781577 0.033005 0.968413 0.069784 0.970457
0 0.148489 0.143186 0.115100 0.140151 0.095940 0.350909 0.129329 0.353945
0 0.645937 0.527812 0.617344 0.518281 0.544531 0.736719 0.573125 0.746250
0 0.493435 0.496232 0.447429 0.481004 0.364995 0.730062 0.411000 0.745289
0 0.512323 0.126145 0.467011 0.124555 0.458435 0.368964 0.503747 0.370554
0 0.722289 0.507588 0.684144 0.496286 0.608656 0.751060 0.646800 0.762362
0 0.172276 0.141246 0.149014 0.140425 0.141465 0.354331 0.164726 0.355152
0 0.845313 0.912500 0.817812 0.898750 0.768125 0.998125 0.795625 1.011875
0 0.283693 0.086865 0.241904 0.085766 0.234731 0.358356 0.276519 0.359456
0 0.170739 0.135639 0.114656 0.133770 0.107337 0.353317 0.163421 0.355187
0 0.879773 0.851017 0.828471 0.822713 0.735832 0.990621 0.787134 1.018925
0 0.540992 0.819443 0.503897 0.806797 0.440396 0.993068 0.477491 1.005714
0 0.145313 0.028125 0.067188 0.028125 0.067188 0.351562 0.145313 0.351562
0 0.986692 0.712823 0.954623 0.710151 0.949095 0.776487 0.981164 0.779159
0 0.496516 0.818183 0.460663 0.805276 0.393279 0.992455 0.429132 1.005363
0 0.941563 0.878408 0.915230 0.864197 0.843706 0.996727 0.870039 1.010939
0 0.741336 0.831866 0.712882 0.820384 0.641197 0.998038 0.669651 1.009519
0 0.136992 0.787923 0.087409 0.784270 0.073639 0.971150 0.123222 0.974803
0 0.364063 0.089063 0.315625 0.089063 0.315625 0.364063 0.364063 0.364063
0 0.318878 0.089403 0.279275 0.088926 0.275999 0.360855 0.315601 0.361333
0 0.444361 0.488489 0.402832 0.477496 0.335441 0.732084 0.376970 0.743077
0 0.242491 0.090149 0.195497 0.088901 0.188371 0.357296 0.235365 0.358544
0 0.998437 0.270313 0.993750 0.270313 0.993750 0.395313 0.998437 0.395313
0 0.557080 0.075683 0.512567 0.074130 0.502189 0.371624 0.546702 0.373177
0 0.282709 0.438144 0.231815 0.430994 0.189307 0.733557 0.240200 0.740707
0 0.020510 0.779693 0.003666 0.779219 -0.001583 0.965580 0.015261 0.966055
0 0.883750 0.527813 0.857500 0.514688 0.735625 0.758438 0.761875 0.771563
0 0.854908 0.523031 0.825349 0.509057 0.710269 0.752496 0.739828 0.766470
0 0.006250 0.779687 0.000000 0.779687 0.000000 0.931250 0.006250 0.931250
0 0.681841 0.086287 0.627221 0.084371 0.616974 0.376391 0.671594 0.378307
0 0.196975 0.152049 0.168383 0.151368 0.163508 0.356088 0.192101 0.356769
0 0.623405 0.100780 0.581551 0.099036 0.570031 0.375509 0.611885 0.377253
0 0.229565 0.458734 0.172967 0.451187 0.136790 0.722510 0.193388 0.730056
0 0.920625 0.852500 0.880000 0.832188 0.797813 0.996562 0.838438 1.016875
0 0.423829 0.813254 0.391207 0.801874 0.327143 0.985522 0.359765 0.996902
0 0.453750 0.815313 0.420938 0.804375 0.359688 0.988125 0.392500 0.999063
0 0.174159 0.447605 0.123261 0.441153 0.087772 0.721117 0.138671 0.727569
0 0.120979 0.445560 0.051696 0.437862 0.020713 0.716711 0.089996 0.724409
0 0.042854 0.782204 0.020457 0.781186 0.012010 0.967023 0.034407 0.968041
0 0.834500 0.128433 0.767656 0.125837 0.757651 0.383459 0.824495 0.386054
0 0.587728 0.523868 0.564671 0.516774 0.497745 0.734282 0.520802 0.741377
0 0.519078 0.817186 0.500564 0.810082 0.430115 0.993678 0.448628 1.000782
0 0.936390 0.527794 0.915773 0.516587 0.782782 0.761225 0.803399 0.772433
0 0.765047 0.498416 0.740903 0.489362 0.641952 0.753232 0.666096 0.762286
0 0.692894 0.481178 0.655082 0.469362 0.567838 0.748543 0.605649 0.760359
0 0.558642 0.818073 0.540932 0.811514 0.472288 0.996854 0.489997 1.003413
0 0.503867 0.509340 0.478618 0.502238 0.412620 0.736899 0.437869 0.744000
0 0.476479 0.078467 0.405957 0.073857 0.386861 0.366022 0.457383 0.370632
0 1.021991 0.547432 0.996073 0.533064 0.868335 0.763493 0.894253 0.777861
0 0.796871 0.838877 0.773845 0.828041 0.694525 0.996596 0.717550 1.007432
0 0.212188 0.793678 0.182473 0.790456 0.162350 0.976038 0.192064 0.979260
0 0.094799 0.024807 0.040186 0.022785 0.028108 0.348900 0.082720 0.350923
0 0.090846 0.784632 0.079733 0.783778 0.065423 0.969816 0.076535 0.970671
0 0.569176 0.501372 0.511258 0.483486 0.433700 0.734626 0.491618 0.752513
0 0.707235 0.831229 0.648159 0.809075 0.579966 0.990925 0.639041 1.013078
0 0.589063 0.121875 0.537500 0.121875 0.537500 0.375000 0.589063 0.375000
0 0.180236 0.791214 0.135256 0.787644 0.120426 0.974513 0.165405 0.978083
0 0.866348 0.175180 0.831855 0.174031 0.824757 0.386971 0.859250 0.388121
0 0.828005 0.495913 0.774167 0.475492 0.668862 0.753114 0.722700 0.773535
0 0.589684 0.823232 0.558333 0.811076 0.486328 0.996771 0.517680 1.008928
0 0.404062 0.105054 0.360298 0.104299 0.355777 0.366506 0.399541 0.367260
0 0.285938 0.800000 0.213376 0.788837 0.184510 0.976463 0.257072 0.987626
0 1.019183 0.651587 0.987716 0.633606 0.912236 0.765697 0.943702 0.783678
0 0.911624 0.526396 0.889987 0.514887 0.759898 0.759454 0.781536 0.770963
0 0.816194 0.840557 0.795961 0.831487 0.721247 0.998156 0.741481 1.007226
