0 0.9640375328124999 0.05420562812500006 0.07004934187647689 -0.0545674242506875 0.06272172218053794 0.005657101335061755 0.9567099131165611 0.11443015371074931
0 0.8331595311092936 0.06158474211015833 0.05736041723317094 0.0013254620230150453 0.05539611304382589 0.02661460333491365 0.8311952269199485 0.08687388342205693
0 0.9341252053561462 0.09439387247760202 0.055038631280952974 0.019400604277793977 0.050814549931857335 0.06891615801920192 0.9299011240070506 0.14390942621900998
0 0.9380546048180696 0.14399411347977883 0.04938783421455201 0.06475234354303451 0.041259723736420714 0.15590605825025958 0.9299264943399382 0.23514782818700392
0 0.962460138500805 0.2380005579774907 0.042287136578221016 0.12501757971505403 0.033004125052096565 0.20062168145004816 0.9531771269746807 0.31360465971248486
0 0.9332245024017208 0.2754552773305726 0.03409695192774167 0.19106921844557206 0.03055965496670937 0.22875886995787117 0.9296872054406885 0.31314492884287176
0 1.0038004904369584 0.32004556254113947 0.031573330463110574 0.2242535634537696 0.02777284002615229 0.2628260962251303 1.0000000000000002 0.35861809531250016
0 0.9070605151170117 0.3472981060130812 0.03168994940230231 0.23981611308078504 0.017646411432624732 0.3541915488330447 0.8930169771473342 0.4616735417653409
0 0.7865709120536425 0.4165088277134121 0.016819861035798363 0.33208300594059736 0.013151225972402253 0.3655317262083032 0.7829022769902464 0.4499575479811179
0 0.9443399215341266 0.4698325092506038 0.013357749548773879 0.36014186348014987 0.006501595258853815 0.4183323989397906 0.9374837672442066 0.5280230447102444
0 0.9028698724826315 0.5238848969496079 0.010267605366242688 0.4142871055199137 0.003364847151597328 0.47050555254675197 0.8959671142679863 0.5801033439764461
0 0.8752890704334522 0.5775643858122728 0.0016416771757860938 0.4702939747898571 -0.0005005573162375598 0.48774107471112105 0.8731468359414285 0.5950114857335367
0 0.8317907475973975 0.5899335971657994 0.00041295892644628297 0.48785323977682793 -0.005299666635889389 0.5343788410678055 0.8260781220350617 0.6364591984567769
0 0.9365990534480334 0.6480616685674808 0.0001574806049916111 0.5330811015190898 -0.00983961398585922 0.6145009033415756 0.9266019588571826 0.7294814703899666
0 0.8724544075427287 0.7230686619487012 0.0002627853809275771 0.6056729496768164 -0.012306800278998765 0.6990587053783766 0.8598848218828025 0.8164544176502613
0 0.9280200405241468 0.7749148196588906 0.004076049116372415 0.6614687662441349 -0.014966035085930729 0.8165541019876038 0.9089779563218435 0.9300001554023597
0 0.8874397962278918 0.9288897024138967 0.0007650437902188445 0.7849371947187751 -0.020071136789449672 0.9132775449706265 0.8666036156482232 1.057230052665748
0 0.8813351409171281 0.18428358574636713 0.043752516087081424 0.11174185229004048 0.03976100034151566 0.15782876083123493 0.8773436251715625 0.2303704942875616