0 0.8041207652755252 0.34496190894374534 0.7985719405581704 0.305944828159162 0.14556204207630416 0.3988128078365475 0.15111086679365907 0.4378298886211308
0 0.7219751747867587 0.3145322347332232 0.7132538457407682 0.2558184554119626 0.13165238667661633 0.3422093802811081 0.14037371572260682 0.4009231596023688
0 0.7991461176064865 0.3824682140266802 0.795047714502184 0.35075661384609436 0.18086331551204404 0.43013372610473033 0.1849617186163465 0.46184532628531605
0 0.831640826106449 0.39826628779466855 0.8287623004336133 0.3754587530635381 0.18486140738145584 0.4567251096979768 0.18773993305429143 0.47953264442910726
0 0.8328775450030687 0.41653320934366284 0.8303097343562641 0.39594131547141814 0.18908948418307375 0.4759015267835407 0.19165729482987842 0.4964934206557854
0 0.8504529121341017 0.43544373032286365 0.8478242669046632 0.41354118032541 0.19073250660762678 0.492402368689731 0.19336115183706531 0.5143049186871846
0 0.8269243902827498 0.5222508777952574 0.8184123201589084 0.44058692828470286 0.213296309924104 0.5036599236890204 0.22180838004794512 0.5853238731995749
0 0.8327443308532725 0.5983391404476796 0.8266762019349827 0.5263457120418951 0.20257475424455298 0.5789495138962957 0.20864288316284285 0.6509429423020802
0 0.8402382915581661 0.6703707693874785 0.836287304405816 0.6002838221387672 0.21970760403277279 0.6350420555931218 0.22365859118512285 0.7051290028418331
0 0.830439387639905 0.7536839772981849 0.8268742238008591 0.6738691617040582 0.20468697697912405 0.7016609877826192 0.20825214081816998 0.7814758033767459
0 0.8195818333321935 0.7822182609122039 0.8186911036298599 0.7549960334987674 0.20062259374554298 0.7752196533910681 0.2015133234478767 0.8024418808045046
0 0.8423545143102131 0.8299543611014597 0.8404996625799732 0.7791071459439132 0.1539080672349295 0.8041532690137416 0.15576291896516947 0.8550004841712882
0 0.8501041076619629 0.8627238965039421 0.8490040057551431 0.8288274527527749 0.14701563791052696 0.8516103366358262 0.14811573981734685 0.8855067803869934
0 0.8500288463559459 0.889999332249458 0.8494464165834825 0.8613509936598917 0.14931818445516648 0.8755848217633504 0.1499006142276297 0.9042331603529169
0 0.8544572453621454 0.9099155355697931 0.8540478829031966 0.8866744078308081 0.1576823957345085 0.8989399868231842 0.15809175819345728 0.9221811145621693
0 0.8480432775776008 0.9280905312534629 0.8477728235674334 0.9081124641388619 0.16690471172716037 0.9173297477822666 0.16717516573732769 0.9373078148968675
0 0.8521223172187018 0.9415076151994539 0.8518294651447483 0.9224810027648495 0.17085802368637987 0.932962316746492 0.17115087576033325 0.9519889291810963