0 0.1275453175259096 0.02939713145745116 0.06886549110910628 0.02041050573959315 -0.05119773498326645 0.8043854355223721 0.007482091433536886 0.81337206124023
0 0.09880699329104731 0.15467005220217725 0.07361090999164469 0.15169942210824355 -0.017401447249546908 0.9236416908568437 0.007794636049855708 0.9266123209507773
0 0.15806605451079234 0.05774789426937441 0.10868296756523148 0.05187303774535542 0.004459082989553687 0.9279620337509658 0.05384216993511455 0.9338368902749845
0 0.25042945910521797 0.06155866197422884 0.1596295406117221 0.04959759391516431 0.043092108860096845 0.9342668602579647 0.13389202735359268 0.9462279283170292
0 0.32972491856766883 0.040997015378266805 0.2547132752750947 0.028242742728653118 0.09929884540821281 0.9422808926067212 0.17431048870078697 0.955035165256335
0 0.3294364030289266 0.0643328903605933 0.29100076705169553 0.05922207018444044 0.17196497629929886 0.9544240463699796 0.21040061227652992 0.9595348665461323
0 0.3753855531250002 6.661338147750939e-17 0.33726580462950845 -0.005497160469369567 0.19846423573113073 0.9570144719757663 0.23658398422662247 0.9625116324451358
0 0.4763786719033617 0.10704852514334615 0.36230448369372 0.08583539463862551 0.20082455651884423 0.9541981099166363 0.314898744728486 0.9754112404213571
0 0.4598832995863601 0.21561104723805058 0.426690398385695 0.2106991445417415 0.3133339235809611 0.9767221098330822 0.3465268247816263 0.9816340125293912
0 0.5433232650781773 0.06384631219599934 0.48543134139095595 0.05480547713933324 0.340782545481637 0.9810470247114613 0.39867446916885835 0.9900878597681274
0 0.5938735865158943 0.10706966170779579 0.5379303018139674 0.09820911587595542 0.3972479182881735 0.9864427285104564 0.45319120299010046 0.9953032743422968
0 0.6079944097246085 0.1304058960648859 0.5908924836644751 0.12765791565781534 0.4512454585414806 0.9967445699971756 0.468347384601614 0.9994925504042463
0 0.6477705013270378 0.17904893510529157 0.6015568996637922 0.171505325325834 0.4665181080718245 0.998778886149652 0.5127317097350701 1.0063224959291097
0 0.7442298712326304 0.08166670296524633 0.6632085626449075 0.06883418652094206 0.5157284964781927 0.9999865449295526 0.5967498050659157 1.012819061373857
0 0.8295206728555999 0.15157384895622086 0.7363566977015854 0.13456204379702322 0.5787149784205855 0.9978760237593894 0.6718789535746003 1.014887828918587
0 0.9443218463051732 0.1065352741251399 0.791468659724587 0.0787876268867306 0.6259611095984688 0.9905174114900304 0.778814296179055 1.0182650587284396
0 1.0683178673599658 0.15310621783895545 0.9405035941913029 0.12812630369390252 0.7702424312712577 0.9992985047315367 0.8980567044399205 1.0242784188765897
0 0.24383343567661625 0.11369022481713627 0.1981255872235896 0.10788514810977001 0.09220154084413783 0.9419069024303848 0.1379093892971645 0.9477119791377511