0 0.3148554085472646 0.9624723422121034 0.2864086643841858 0.14786471537038065 0.09511901399548382 0.15454470161940395 0.12356575815856267 0.9691523284611268
0 0.14147207083770758 0.9657575572247703 0.10765221712042997 0.37723739770311776 0.060866265343317516 0.3799259955693517 0.09468611906059515 0.9684461550910042
0 0.2797205608394794 0.963699281982279 0.2593625185583489 0.3807212977196761 0.17347736848040918 0.3837204736127753 0.1938354107615397 0.9666984578753782
0 0.2862083022038853 0.9608100980141433 0.26156093753666665 0.41396411479209816 0.2018431742242759 0.41665570535805363 0.22649053889149454 0.9635016885800989
0 0.31903191497776767 0.9701437609242636 0.2981285709666758 0.3715502955245681 0.2590898660105177 0.3729135571146377 0.27999321002160954 0.9715070225143331
0 0.3617927218277184 0.9634390118622906 0.3407984925899027 0.36224296718841664 0.2978559167578087 0.3637425550334603 0.3188501459956244 0.9649385997073343
0 0.3991521423775126 0.9699516548168468 0.3748860866136842 0.2750627195691358 0.337799316984275 0.27635781807233284 0.3620653727481034 0.9712467533200438
0 0.49688402482682736 0.9667880590393996 0.47810099588790667 0.18030024815024448 0.43477384543763103 0.18133499415581633 0.45355687437655173 0.9678228050449713
0 0.5265312849806223 0.9609706202151246 0.5179835985240004 0.09046574532203308 0.4761917297603507 0.09087610923949171 0.48473941621697253 0.9613809841325832
0 0.45652823894673666 0.9693763070955406 0.44909672899487757 0.11410185499181716 0.37138380984522923 0.11477710529378524 0.3788153197970884 0.9700515573975086
0 0.5265966077157989 0.9609699787968419 0.5180489212782313 0.09046510390314293 0.4761917297605617 0.09087610923874653 0.4847394161981292 0.9613809841324453
0 0.5778086400760658 0.9697289992697316 0.5712488474650882 0.2449314466579346 0.5123404623396828 0.24546459800216552 0.5189002549506603 0.9702621506139625
0 0.6621050844925638 0.9719595407971203 0.6587409055006228 0.26271941410974253 0.6158931618285313 0.2629226562469112 0.6192573408204722 0.9721627829342891
0 0.6203597482744646 0.9685355342403715 0.6179436905085571 0.219848285192981 0.5705975480196248 0.22000107397814023 0.5730136057855323 0.9686883230255308
0 0.7100257387575708 0.9731740404880025 0.7047431656321561 0.2584174086121426 0.6560602360660658 0.25877721098951584 0.6613428091914805 0.9735338428653758
0 0.7498775319832125 0.9613978603378148 0.7460567630248346 0.3013556000534982 0.7035428909772385 0.30160169896624045 0.7073636599356163 0.961643959250557
0 0.7641106751282669 0.9524771159739862 0.7626958850850607 0.3398698646885553 0.744363289133973 0.33991220302876146 0.7457780791771792 0.9525194543141924
0 0.7958573388990448 0.9591843509054121 0.791514701059066 0.30243780845437074 0.7457277277965975 0.3027405679358682 0.7500703656365761 0.9594871103869094
0 0.829601208007826 0.9532631085536669 0.8259199273003149 0.1656377474331768 0.7039539611526396 0.1662078039350569 0.7076352418601508 0.953833165055547
0 0.8741430762134976 0.9568185596795026 0.8668982001249367 0.15632653828657198 0.8208486726859997 0.15674331086058385 0.8280935487745607 0.9572353322535143
0 0.9561787346117235 0.975387371818129 0.9500076042202112 0.2160935573907298 0.865777204338935 0.21677813662833173 0.8719483347304473 0.9760719510557309