0 0.857824068578276 0.21479050284783258 0.8457719916886666 0.08271732673009691 0.3963732271250494 0.12372632358944383 0.4084253040146589 0.25579949970717947
0 0.799087488402464 0.1831581947532916 0.7935926328125001 0.1357861890625 0.4016106649714145 0.18125363921049562 0.4071055205613784 0.2286256449012872
0 0.7654372947259803 0.20919096733174752 0.7626931590945354 0.1884723968025907 0.4118959626309032 0.23493482454933878 0.4146400982623482 0.2556533950784956
0 0.7563438313682013 0.2237434457418564 0.7548185195870041 0.21006726230627892 0.41779605853130286 0.24765555093942265 0.4193213703125 0.26133173437500007
0 0.7660091464979021 0.2752594752867596 0.7592380016961698 0.21716753303834047 0.41350676896534966 0.2574656561289917 0.4202779137670819 0.3155575983774108
0 0.7744223756884845 0.3374177731815156 0.7684689483852734 0.27477753993746046 0.4164714216060682 0.3082319442086802 0.4224248489092794 0.3708721774527354
0 0.7768081664543383 0.39213077113715145 0.7720418366381179 0.3376513712108702 0.4198714440380781 0.3684622877207976 0.42463777385429846 0.4229416876470789
0 0.7900381701207371 0.4537120350015087 0.7845909372458866 0.3914498672357309 0.4295020065244632 0.4225161176784983 0.43494923939931374 0.48477828544427615
0 0.7616541034673765 0.5111486669722769 0.7578269031108237 0.4544247712312279 0.4314254100708501 0.47644730501918764 0.4352526104274029 0.5331712007602366
0 0.7592955888040097 0.576782725861602 0.7571021065526984 0.5170037525347824 0.4421850233657444 0.5285590703022656 0.4443785056170557 0.5883380436290853
0 0.767892166219963 0.6321327536493222 0.7666593398726846 0.579120904839162 0.44587353483429853 0.5865809953879831 0.4471063611815769 0.6395928441981433
0 0.771212886346924 0.6674178345710153 0.7703356701846309 0.6299220617407444 0.4497211363624457 0.6374228606230066 0.45059835252473873 0.6749186334532775
0 0.775475094898277 0.7205743384569612 0.7751543182508713 0.6672966405027365 0.45320134257438455 0.6692350687780817 0.4535221192217902 0.7225127667323064
0 0.793301220470351 0.7672750400445605 0.7914027728926681 0.7103833583312 0.45709322420260873 0.7215391043698663 0.45899167178029154 0.7784307860832269
0 0.8134441184923762 0.7920960033646419 0.8126890108521847 0.7482137237542077 0.4610725605699679 0.7542641903749528 0.4618276682101595 0.798146469985387
0 0.8053055593515307 0.8233664572176463 0.8051532580967834 0.7909345848277229 0.4654106128710979 0.7925300286718818 0.46556291412584533 0.8249619010618053
0 0.8230121186786292 0.8585518250054264 0.8224408607481623 0.8125095611858063 0.46799494996105057 0.8169072606180494 0.46856620789151754 0.8629495244376695