0 0.7689604042053986 0.49599565866191125 0.7603351207992224 0.4158257861494432 0.023441523405462895 0.49510639267316386 0.03206680681163902 0.5752762651856319
0 0.7573663938828548 0.4150737424574175 0.7473540730632973 0.34324733399760365 0.007839290331802229 0.44633280651786267 0.017851611151359657 0.5181592149776766
0 0.7914137953593168 0.35244398747812483 0.781365594775125 0.27928678102130833 0.04039025297863382 0.38106033448122734 0.05043845356282554 0.4542175409380439
0 0.7809034721316388 0.2785562092267658 0.7695354229270543 0.21570729651594975 0.027396568163406503 0.34994463895664246 0.03876461736799083 0.41279355166745857
0 0.818998358468592 0.29171738329587726 0.8052100483840638 0.13411626818315026 -0.012275628279926915 0.2056369930932577 0.0015126818046013568 0.3632381082059847
0 0.7307013437994568 0.1444494064766301 0.7194761366780877 0.09569344755978211 0.000511541104662161 0.2612224757552297 0.01173674822603118 0.3099784346720777
0 0.7589454129501161 0.1386910170875764 0.7419687330620612 0.032709007403306824 -0.0158674329699646 0.15410264804707413 0.0011092469180902509 0.2600846577313437
0 0.7135316552580527 0.036631098366394665 0.700736904311252 -0.013260574128157177 -0.003402646453836267 0.1673164587387047 0.009392104492964386 0.21720813123325655
0 0.6463298593846827 0.002610823013371144 0.6216119310801178 -0.09178714030719841 -0.024215468934405494 0.0773215439180265 0.000502459370159436 0.17171950723859605
0 0.7518059199876556 0.6684577013340718 0.7405247413780254 0.5029067600174771 0.04763610119171041 0.5501224414528205 0.05891727980134054 0.7156733827694152
0 0.8044484056739467 0.8419108772083165 0.7803123277163897 0.5969039613677442 0.04888139742373603 0.6689585558004966 0.07301747538129302 0.9139654716410688
0 1.0030118303460407 0.9680177562845943 0.9977718261493959 0.8220926403705558 0.03596172266731123 0.8566301423423918 0.041201726863956026 1.00255525825643