0 0.11445588527774822 0.24469768402209957 0.09348180890409748 0.24352120816403552 0.0646464780134681 0.7575941729546377 0.08562055438711882 0.7587706488127017
0 0.2151808474245298 0.2811884069485353 0.11073851258651282 0.266509994596724 0.042593167426470055 0.7513893389203049 0.14703550226448708 0.7660677512721162
0 0.1539357054361942 0.3469867929249952 0.12537090951411103 0.3454187068195284 0.10287794385622381 0.7551583068708323 0.13144273977830698 0.7567263929762991
0 0.2109838536071149 0.3366262725980665 0.1542322224522807 0.33104737190952993 0.11252849125287381 0.7552805502617246 0.169280122407708 0.7608594509502611
0 0.1919920484375001 0.593539996875 0.18005155427528646 0.5924780178261665 0.16759062092542418 0.7325840793187994 0.1795311150876378 0.733646058367633
0 0.20996720951223252 0.3616262718038288 0.196939708172703 0.36072845960845135 0.18130480360654747 0.5875952155154341 0.19433230494607698 0.5884930277108117
0 0.257732833102761 0.36508951162403863 0.23916554207253182 0.3638032761011932 0.21156191908805866 0.7622719020551635 0.2301292101182879 0.763558137578009
0 0.2913957229592354 0.26899713438036177 0.26059829776359816 0.26705853046713435 0.23195802568257834 0.7220491714018535 0.2627554508782156 0.723987775315081
0 0.3489597426569788 0.2673474581161352 0.29079609902174053 0.2603590218063986 0.2301333332707573 0.765245570482851 0.2882969769059956 0.7722340067925877
0 0.3501471041016067 0.28590976772400195 0.32433835282640716 0.2838482968276991 0.2854988145466403 0.7701030312039423 0.3113075658218398 0.7721645021002451
0 0.43881075836767625 0.27579630857745013 0.36531430057119774 0.26546705538005017 0.2939066776631397 0.773558709550169 0.3674031354596182 0.783887962747569
0 0.41646816085998967 0.37709998897812347 0.38701347756806553 0.3743306149989275 0.3496837801980965 0.7713641762570681 0.37913846349002067 0.7741335502362642
0 0.4652906883536039 0.3820912542703043 0.41693775501892905 0.375295691623719 0.36184150819689403 0.7673257983456874 0.4101944415315689 0.7741213609922727
0 0.4628839031161219 0.41283366672390276 0.4385802497943591 0.4102223880310628 0.40158100449377815 0.7545812009826658 0.4258846578155409 0.7571924796755057
0 0.48259523354518874 0.41589974711408695 0.4601581490914424 0.4135405762283105 0.42178003789347784 0.7785386894703666 0.44421712234722416 0.7808978603561432
0 0.5114101782429474 0.4172373830353807 0.4828536385645165 0.4137552845134115 0.437780580441672 0.7833974886591235 0.46633712012010287 0.7868795871810927
0 0.5392715135041584 0.4160577131978235 0.5171363197714618 0.41316079727286426 0.4694860403466281 0.7772542655707567 0.4916212340793247 0.7801511814957159
0 0.5173466697625011 0.4182692495643624 0.5083533941817899 0.41713483041172605 0.463362985873062 0.7738029450753436 0.47235626145377313 0.77493736422798
0 0.5714264062224161 0.4127881833417895 0.5443487631286892 0.40898266880135836 0.48997747520695745 0.7958544868562469 0.5170551183006843 0.799660001396678
0 0.5501497968769822 0.4098529495314932 0.538553653601509 0.4081632576963564 0.48260194445188154 0.7921528245004797 0.4941980877273548 0.7938425163356165
0 0.5855390439465653 0.3912494420454068 0.5605155756729782 0.3872646907313039 0.4953582558531354 0.7964400687613604 0.5203817241267226 0.8004248200754631
0 0.590161622191007 0.391750454128656 0.5785569175713663 0.3901195192708117 0.5198359269135773 0.8079410823325013 0.531440631533218 0.8095720171903455
0 0.6000860014325644 0.39316352707083946 0.58282516720397 0.3906375976505566 0.5220967224059856 0.8056229136302095 0.53935755663458 0.8081488430504923
0 0.6234040936874536 0.3937922912371872 0.598260567135229 0.39025859859721573 0.5402645195199193 0.8029218694897919 0.5654080460721438 0.8064555621297632
0 0.6462240252866577 0.3365355635991958 0.6329010110916605 0.33446680831744413 0.5585519540102157 0.813283008386304 0.5718749682052129 0.8153517636680556
0 0.6704410637317672 0.33478281909255825 0.6537686006336945 0.33190607507951764 0.5704294526660512 0.8149066002624157 0.587101915764124 0.8177833442754562
0 0.657115752582127 0.3381048660310008 0.6415877139593196 0.3355917247310819 0.5641494649519425 0.8140622832738551 0.5796775035747499 0.8165754245737741
0 0.6771767441018125 0.3409116562908687 0.6642526939865594 0.3387305310832516 0.5835690674315939 0.8168136917542222 0.596493117546847 0.8189948169618393
0 0.687229498791042 0.342340532864832 0.6740269539711694 0.3400821745561331 0.5922766206352351 0.818001216786868 0.6054791654551077 0.820259575095567
0 0.6822686880925939 0.4443163168794406 0.6670223906675451 0.44171746508267845 0.6048555662877757 0.8064223303795668 0.6201018637128245 0.8090211821763289
0 0.7272423173042772 0.4032604008835401 0.6889138938935527 0.39640040697542056 0.6154062410244746 0.8071052094621758 0.653734664435199 0.8139652033702953
0 0.7079020441934634 0.4240783203226545 0.6750220482861364 0.4194573384012479 0.6184759104763276 0.821804028213813 0.6513559063836544 0.8264250101352196
0 0.7412097108664312 0.40261118915698324 0.7258540205013262 0.3997968689437165 0.6501364616724167 0.8129322979177906 0.6654921520375217 0.8157466181310573
0 0.761692106519246 0.3921866995358342 0.7249438740665284 0.38702207247174386 0.6644105088573555 0.8177393630422202 0.701158741310073 0.8229039901063105
0 0.7861736187578939 0.39054422061634675 0.7570543758308116 0.3849567400436919 0.674353086667277 0.8159558098787777 0.7034723295943593 0.8215432904514326
0 0.7839151438470464 0.4533817106752821 0.7716544100048098 0.4510290869832615 0.703297298875313 0.8072732022770038 0.7155580327175496 0.8096258259690245
0 0.7926240147722114 0.4546061625845419 0.779599529375533 0.4522342242423335 0.7188445166295576 0.7858444038173363 0.7318690020262361 0.7882163421595447
0 0.803946357211457 0.4536501424352128 0.7890242883763813 0.4508639547620037 0.7263517275633788 0.7865212672663471 0.7412737963984546 0.7893074549395561
0 0.8242931111239894 0.504309460433322 0.7938983611432231 0.4985935826851514 0.7326988011919384 0.8240283462693784 0.7630935511727047 0.8297442240175489
0 0.8729333024579988 0.3184314441167304 0.7552449050481644 0.30063960733308315 0.6761904986934562 0.8235640532577841 0.7938788961032903 0.8413558900414314
0 0.8994329387706953 0.31957689112176746 0.8722718382064361 0.31538127528066784 0.7899347956217598 0.8484054554019703 0.8170958961860191 0.85260107124307
0 0.9186522752293158 0.3117113945367456 0.8939541799685884 0.3078716165129028 0.8090960461462926 0.853693343648351 0.8337941414070199 0.8575331216721939
0 0.9725026506262993 0.29556996433524885 0.910610895480047 0.2868716456828398 0.8290539657415745 0.8671793726773661 0.8909457208878268 0.8758776913297753