0 0.336251 0.998297 0.330667 0.861503 0.283679 0.863421 0.289263 1.000215
0 0.627254 0.853856 0.601791 0.848980 0.573513 0.996657 0.598975 1.001532
0 0.281655 0.529101 0.266371 0.315125 0.233947 0.317441 0.249231 0.531417
0 0.792287 0.213518 0.785506 0.037216 0.744401 0.038797 0.751182 0.215099
0 0.920312 0.301563 0.898438 0.301563 0.898438 0.515625 0.920312 0.515625
0 0.089306 0.535163 0.079572 0.316151 0.045022 0.317687 0.054756 0.536698
0 0.620313 0.310938 0.581250 0.310938 0.581250 0.523438 0.620313 0.523438
0 0.987679 0.212239 0.980601 0.037632 0.934077 0.039518 0.941155 0.214125
0 0.837500 0.573438 0.795312 0.573438 0.795313 0.765625 0.837500 0.765625
0 0.998437 0.306250 0.987500 0.306250 0.987500 0.510938 0.998437 0.510938
0 0.653500 0.521637 0.648359 0.310825 0.613547 0.311674 0.618689 0.522486
0 0.996875 0.839063 0.953125 0.839063 0.953125 0.998437 0.996875 0.998437
0 0.959417 0.309689 0.922010 0.308442 0.915167 0.513735 0.952574 0.514982
0 0.560733 0.997543 0.548470 0.850388 0.477737 0.856282 0.490000 1.003437
0 0.152163 0.530815 0.126811 0.313513 0.092975 0.317460 0.118327 0.534763
0 0.367492 0.527174 0.355787 0.311795 0.309609 0.314305 0.321314 0.529684
0 0.321300 0.584638 0.292323 0.581651 0.271588 0.782783 0.300565 0.785770
0 0.323448 0.528691 0.310869 0.311711 0.266927 0.314259 0.279506 0.531238
0 0.706685 0.769937 0.695800 0.576184 0.656581 0.578387 0.667466 0.772140
0 0.935259 0.764493 0.928093 0.571008 0.878277 0.572853 0.885443 0.766338
0 0.920367 0.997966 0.912500 0.840625 0.895433 0.841478 0.903300 0.998819
0 0.594876 0.213597 0.574544 0.028068 0.528945 0.033065 0.549277 0.218594
0 0.309227 0.212338 0.243729 -0.019424 0.169590 0.001529 0.235088 0.233290
0 0.883324 0.770277 0.879918 0.572733 0.833111 0.573540 0.836517 0.771084
0 0.470016 0.524650 0.457613 0.313798 0.440485 0.314806 0.452888 0.525657
0 0.407329 0.526246 0.401028 0.318293 0.359352 0.319556 0.365654 0.527509
0 0.854669 0.997992 0.848295 0.841811 0.804745 0.843588 0.811119 0.999769
0 0.515501 0.523227 0.500650 0.311605 0.452013 0.315018 0.466864 0.526640
0 0.218776 0.209314 0.128693 -0.014090 0.087572 0.002491 0.177654 0.225895
0 0.981641 0.761744 0.977426 0.567848 0.927721 0.568929 0.931936 0.762825
0 0.899481 0.213589 0.891669 0.041714 0.836031 0.044243 0.843843 0.216118
0 0.635938 0.575000 0.584375 0.575000 0.584375 0.773438 0.635938 0.773438
0 0.115387 0.531044 0.100349 0.320511 0.074365 0.322367 0.089404 0.532900
0 0.423502 0.583276 0.374682 0.580404 0.362926 0.780264 0.411746 0.783136
0 0.444770 0.212843 0.377493 -0.015899 0.319969 0.001020 0.387246 0.229762
0 0.270000 0.605313 0.207500 0.574063 0.106250 0.776563 0.168750 0.807813
0 0.552329 0.523194 0.539014 0.310159 0.502438 0.312445 0.515753 0.525480
0 0.445313 0.579688 0.414062 0.579688 0.414063 0.779687 0.445313 0.779687
0 0.998437 0.037500 0.981250 0.037500 0.981250 0.210938 0.998437 0.210938
0 0.910937 0.998437 0.902686 0.840013 0.845501 0.842991 0.853752 1.001416
0 0.429779 0.996677 0.425431 0.857555 0.330456 0.860523 0.334803 0.999645
0 0.810937 0.845313 0.787500 0.845313 0.787500 0.998437 0.810937 0.998437
0 0.587052 0.522627 0.578457 0.312040 0.540319 0.313597 0.548914 0.524183
0 0.843750 0.310938 0.806250 0.310938 0.806250 0.517188 0.843750 0.517188
0 0.807813 0.309375 0.770312 0.309375 0.770312 0.520313 0.807813 0.520313
0 0.753828 0.213371 0.741507 0.033840 0.695767 0.036979 0.708088 0.216510
0 0.249475 0.529622 0.235498 0.309477 0.206077 0.311345 0.220055 0.531490
0 0.630126 0.213319 0.610518 0.036852 0.576391 0.040644 0.595998 0.217111
0 0.732885 0.520263 0.729637 0.312403 0.696735 0.312917 0.699983 0.520777
0 0.473438 0.857812 0.425000 0.857812 0.425000 0.998437 0.473438 0.998437
0 0.938482 0.839104 0.912556 0.838685 0.909980 0.998422 0.935906 0.998840
0 0.711313 0.213614 0.695562 0.035856 0.652820 0.039643 0.668571 0.217401
0 0.374081 0.211949 0.317004 -0.016360 0.251195 0.000092 0.308272 0.228401
0 0.473451 0.581278 0.443949 0.581012 0.442147 0.781095 0.471649 0.781361
0 0.518750 0.575000 0.473438 0.575000 0.473438 0.778125 0.518750 0.778125
0 0.225231 0.529522 0.204936 0.309167 0.164591 0.312883 0.184887 0.533238
0 0.185461 0.530347 0.163709 0.315933 0.128563 0.319498 0.150315 0.533913
0 0.843085 0.212371 0.833848 0.036870 0.784971 0.039442 0.794208 0.214943
0 0.940708 0.212412 0.935908 0.037201 0.893089 0.038374 0.897889 0.213585
0 0.953125 0.839063 0.935937 0.839063 0.935937 0.998437 0.953125 0.998437
0 0.665930 0.771675 0.657962 0.572494 0.627948 0.573695 0.635915 0.772876
0 0.697425 0.998375 0.693006 0.848138 0.645804 0.849526 0.650223 0.999764
0 0.900000 0.309375 0.868750 0.309375 0.868750 0.515625 0.900000 0.515625
0 0.251591 0.997513 0.245580 0.865258 0.198447 0.867400 0.204459 0.999655
0 0.700971 0.520136 0.694348 0.308184 0.646933 0.309666 0.653556 0.521617
0 0.548997 0.213814 0.523219 -0.006732 0.452012 0.001591 0.477790 0.222137
0 0.989062 0.307813 0.951562 0.307813 0.951562 0.514063 0.989062 0.514063
0 0.753661 0.768910 0.744944 0.571340 0.697174 0.573447 0.705890 0.771018
0 0.842187 0.845313 0.715625 0.845313 0.715625 1.000000 0.842187 1.000000
0 0.348023 0.584367 0.317861 0.582011 0.302188 0.782617 0.332351 0.784974
0 0.483299 0.205324 0.409079 -0.011149 0.368693 0.002698 0.442912 0.219171
0 0.582813 0.579688 0.523438 0.579688 0.523438 0.776563 0.582813 0.776563
0 0.232977 0.214572 0.171799 -0.008548 0.138094 0.000694 0.199271 0.223814
0 0.720313 0.998438 0.715294 0.846216 0.690802 0.847024 0.695820 0.999245
0 0.798478 0.766993 0.790494 0.573395 0.746706 0.575200 0.754689 0.768798
0 0.670065 0.213396 0.649428 0.027668 0.609299 0.032127 0.629935 0.217854
0 0.774084 0.518638 0.767844 0.308567 0.727858 0.309754 0.734098 0.519826
0 0.615625 0.853125 0.559775 0.843969 0.535268 0.993461 0.591118 1.002617
0 0.454573 0.525654 0.443209 0.312013 0.398422 0.314396 0.409786 0.528037
0 0.485712 0.214767 0.443663 -0.003890 0.408717 0.002831 0.450767 0.221487
0 0.292188 0.864062 0.246875 0.864062 0.246875 0.998437 0.292188 0.998437
0 0.998437 0.567188 0.978125 0.567188 0.978125 0.759375 0.998437 0.759375
0 0.870313 0.303125 0.843750 0.303125 0.843750 0.517188 0.870313 0.517188
0 0.792498 0.998375 0.787370 0.844536 0.752877 0.845685 0.758005 0.999525
0 0.378612 0.585107 0.338529 0.581571 0.320889 0.781485 0.360972 0.785021
0 0.337179 0.620809 0.271540 0.569439 0.135135 0.743734 0.200775 0.795104
