0 0.3717258744311785 0.25579120006198197 0.26241750182728135 0.25197406666681915 0.2392420492533025 0.9156320379681843 0.34855042185719964 0.919449171363347
0 0.2618722038430851 0.2675895486018474 0.18574673019903012 0.26493118765713436 0.1632983490493079 0.9077685160355585 0.23942382269336288 0.9104268769802717
0 0.19347067260022896 0.28880902136731895 0.1451070259213458 0.2865568430834037 0.11638118863721958 0.9034201948378753 0.16474483531610273 0.9056723731217904
0 0.36845892158954624 0.38360584274156145 0.32417920558346247 0.3815555688672294 0.29983836254040913 0.9072441760276819 0.3441180785464929 0.9092944499020138
0 0.4388412290544549 0.3076830807665039 0.3701985113412672 0.3049996225864715 0.3462832657355953 0.9167503349198686 0.41492598344878306 0.919433793099901
0 0.47735551221236455 0.30898919266191 0.43831680844116716 0.30762593102041064 0.4170499265944628 0.9166297167041619 0.4560886303656602 0.9179929783456613
0 0.4922701740460652 0.4421099289353573 0.4709486839555564 0.441792017933588 0.46383935530373366 0.9185967826519963 0.4851608453942425 0.9189146936537658
0 0.5335021199495792 0.32813302332828964 0.47665900504146314 0.32780397744016415 0.4732614608664158 0.9147342534810665 0.5301045757745318 0.915063299369192
0 0.5966922947781669 0.9483443145366743 0.5936082029508567 0.27002303043660036 0.5235565740232748 0.27034153091908475 0.526640665850585 0.9486628150191588
0 0.6345663926693026 0.37841151034400466 0.592243692376151 0.3783764301870419 0.5917790518994275 0.9389451773945469 0.6341017521925789 0.9389802575515096
0 0.6781744103700619 0.9383040642867186 0.6768792329128177 0.37748934472327933 0.6322653821482364 0.3775923784914303 0.6335605596054805 0.9384070980548695
0 0.740065164833199 0.9454198822816033 0.7369995656356034 0.3615455328137399 0.6723901978989731 0.3618847606391634 0.6754557970965688 0.945759110107027
0 0.8148245657657354 0.9407391728179408 0.8098143447978486 0.2643210911990691 0.6643935507515104 0.2653982213517018 0.669403771719397 0.9418163029705736
0 0.8421202436333661 0.9495930494797852 0.8397188289688046 0.32860622453862126 0.8102086485891326 0.3287203431914998 0.8126100632536941 0.9497071681326638
0 0.9008453603901652 0.961408861167382 0.8993743440652711 0.13971520499252404 0.7759737407732582 0.13993611980740697 0.7774447570981524 0.9616297759822648