0 0.1484771827964857 0.8392702208490055 0.06980061353550968 0.3304357797707841 0.04904026753252751 0.3336457684592942 0.1277168367935035 0.8424802095375157
0 0.19356077167563265 0.836399244459483 0.1768996268600616 0.34825698183746845 0.07081625927521272 0.3518777917635765 0.08747740409078378 0.8400200543855911
0 0.19287301911033336 0.8277436693948055 0.12968480581257444 0.42228131203825026 0.10141819594925756 0.42668644741232675 0.16460640924701647 0.8321488047688819
0 0.23074287476292824 0.8239195747001451 0.1833322412817453 0.40028621535425507 0.12666085013379974 0.406628554774202 0.17407148361498267 0.8302619141200921
0 0.2351118756169106 0.7951695592836022 0.21817082031249999 0.655534378125 0.2062704567550646 0.6569781741332574 0.22321151205947523 0.7966133552918597
0 0.21941061143741208 0.6501111292403025 0.18753560600342997 0.42495127818196343 0.17460612203028977 0.42678165500076687 0.20648112746427194 0.6519415060591058
0 0.2908233523233221 0.8139080519583948 0.234977484130474 0.41840780611948303 0.21654851012854842 0.42101003472457005 0.27239437832139657 0.8165102805634818
0 0.3145094892041082 0.7684190200399528 0.24792603015506107 0.3174163686518958 0.2173985438424973 0.32192327261023646 0.2839820028915444 0.7729259239982935
0 0.3705599698737564 0.806322478221119 0.3029199034502771 0.30162809880611235 0.24496212709816093 0.30939570629712165 0.3126021935216402 0.8140900857121283
0 0.37201713830032 0.8054484165394831 0.3089098860709604 0.3217443218271099 0.2832365146598407 0.3250938405575291 0.3463437668892003 0.8087979352699024
0 0.4293243146333385 0.8052527692021878 0.3935333222781302 0.29341765675641646 0.31949536519178406 0.2985948942917827 0.35528635754699234 0.810430006737554
0 0.43877514251808314 0.7932716025114869 0.392741183908981 0.3971528943820138 0.36335437091245587 0.4005680103696518 0.40938832952155807 0.7966867184991249
0 0.4691499548037202 0.7868027755429224 0.4415345618449771 0.3918843133153743 0.392825379457679 0.39529039163528146 0.42044077241642197 0.7902088538628296
0 0.48097757880073855 0.766981653379329 0.44557207814664823 0.42245532984534995 0.4212566027710084 0.42495412752932954 0.45666210342509883 0.7694804510633086
0 0.5038380592194333 0.7863574807224422 0.46549014483989526 0.4213561951691184 0.4430528657997357 0.4237135097584012 0.48140078017927374 0.788714795311725
0 0.5267183547870402 0.7876094847767694 0.4939535227141758 0.4166736353959323 0.46529704399409494 0.41920486745298546 0.4980618760669594 0.7901407168338226
0 0.5500510366944183 0.7757712487145001 0.5209607530754214 0.4097270460638788 0.4987069639837361 0.4114956003302398 0.527797247602733 0.7775398029808611
0 0.5301230338676537 0.7746767784870132 0.4999748249932817 0.4164486867885005 0.49094221638682634 0.41720886438835514 0.5210904252611983 0.7754369560868678
0 0.5789852406846678 0.7895657531970379 0.5517332117050195 0.3998435866245191 0.524456069535558 0.4017509902382826 0.5517080985152063 0.7914731568108014
0 0.5554181687246605 0.788627637557825 0.5303112770118765 0.40139614964637066 0.5186172321625988 0.4021543553369741 0.5437241238753827 0.7893858432484283
0 0.5823981675208504 0.7896222183893327 0.5610592989716006 0.3758413349166788 0.5357541756608699 0.3771463316468767 0.5570930442101198 0.7909272151195307
0 0.5951172198565124 0.7962702514696569 0.5656850281925571 0.3753703118391428 0.5539948234536561 0.37618777060800906 0.5834270151176115 0.7970877102385231
0 0.6025652463983731 0.793232155209662 0.575686331030237 0.37468911119140313 0.5582775168054004 0.3758071086134044 0.5851564321735364 0.7943501526316632
0 0.627694419944928 0.786159675754119 0.5986255926745536 0.37045603172583663 0.5732968168266968 0.3722271920720791 0.6023656440970713 0.7879308361003614
0 0.6358696465932724 0.7935169241930808 0.6090425110011699 0.30970596854464416 0.5955805177184945 0.3104524310108574 0.6224076533105969 0.7942633866592941
0 0.6512694009291601 0.7927295085548511 0.632365935321076 0.3029565213939981 0.6154596968860344 0.3036090410412565 0.6343631624941185 0.7933820282021096
0 0.6437560911237372 0.7930916085123929 0.6200225052134677 0.3089764603363977 0.6043112784758573 0.30974669805967026 0.6280448643861269 0.7938618462356654
0 0.6607072641161336 0.7919619679162437 0.6402286796150902 0.30755100191666757 0.6271335689814499 0.3081046007170336 0.6476121534824932 0.7925155667166097
0 0.6697599011874682 0.7913307837327264 0.6503588384887106 0.30685856848533327 0.6369752627607627 0.3073945240750649 0.6563763254595203 0.791866739322458
0 0.6817264672262688 0.7772977451587024 0.6667083907053373 0.4076373487973563 0.6512549298881284 0.4082651716838502 0.66627300640906 0.7779255680451963
0 0.7156522199007126 0.7751410767641235 0.7021632349527843 0.3581280586097417 0.663246106949337 0.3593868983365647 0.6767350918972653 0.7763999164909465
0 0.7159159905786119 0.7878231792552935 0.687573881156733 0.3825121250049742 0.654451636602893 0.38482825793448316 0.6827937460247717 0.7901393121848026
0 0.7275231646220173 0.7744390448245347 0.7156904267901603 0.3545890494521489 0.7000851652519916 0.35502885645611215 0.7119179030838487 0.774878851828498
0 0.7638984530538917 0.7740245094507757 0.7335578599157971 0.3401338310146641 0.6965388796820278 0.3427224503915732 0.7268794728201223 0.7766131288276849
0 0.7658785715790293 0.7722125229671666 0.7571629025940728 0.3334372506242481 0.727518282541039 0.3340261003426641 0.7362339515259955 0.7728013726855826
0 0.775222400053817 0.7580427228023098 0.7680184338700525 0.39537115445472704 0.755536485093405 0.395619091003225 0.7627404512771696 0.7582906593508076
0 0.7867256555796497 0.7337098464985279 0.7767915695813403 0.39475817431370974 0.7635585461621643 0.39514601129299465 0.7734926321604736 0.7340976834778129
0 0.7961517832564763 0.7328217506046717 0.7876677248243007 0.3914689973011961 0.7724924558576883 0.39184616686374035 0.7809765142898639 0.7331989201672158
0 0.8259020050434425 0.7678382966999541 0.818102516124837 0.4367909594834128 0.7871835671945536 0.4375194111954377 0.7949830561131591 0.768566748411979
0 0.8584288181559068 0.7727955868059923 0.8270335900033101 0.2448619579019659 0.7082178352533052 0.2519277092090824 0.7396130634059017 0.7798613381131088
0 0.8834764742541383 0.7789679486099019 0.8531922964304075 0.24047279165748464 0.8257524146252999 0.2420159703645152 0.8560365924490307 0.7805111273169325
0 0.9008352535562014 0.7803204600736053 0.8703563172828034 0.22878324975964834 0.8453995986357867 0.23016240283039502 0.8758785349091849 0.7816996131443521
0 0.9605519903096044 0.7863816749699252 0.9196739389436204 0.20179842550248686 0.857326186281614 0.2061582059754871 0.898204237647598 0.7907414554429254