0 0.342188 0.882812 0.312500 0.882812 0.312500 0.998437 0.342188 0.998437
0 0.365625 0.881250 0.342188 0.881250 0.342188 0.998437 0.365625 0.998437
0 0.928665 0.383826 0.913700 0.198640 0.866251 0.202475 0.881216 0.387661
0 0.320313 0.460938 0.301563 0.460938 0.301563 0.631250 0.320313 0.631250
0 0.813436 0.384978 0.800904 0.209534 0.773255 0.211509 0.785787 0.386953
0 0.661338 0.826409 0.654260 0.663606 0.640834 0.664189 0.647913 0.826993
0 0.312500 0.882812 0.248438 0.882812 0.248438 0.996875 0.312500 0.996875
0 0.929725 0.470888 0.911988 0.467663 0.884163 0.620700 0.901900 0.623925
0 0.567602 0.388968 0.563052 0.218360 0.521103 0.219479 0.525652 0.390087
0 0.621875 0.251563 0.598437 0.251563 0.598437 0.389063 0.621875 0.389063
0 0.754767 0.450359 0.717476 0.449294 0.712501 0.623393 0.749792 0.624458
0 0.982956 0.382390 0.973093 0.196644 0.940608 0.198369 0.950470 0.384115
0 0.287906 0.390561 0.282599 0.227826 0.263954 0.228434 0.269260 0.391169
0 0.764063 0.654688 0.732812 0.654688 0.732813 0.828125 0.764063 0.828125
0 0.998736 0.475790 0.973973 0.470075 0.940897 0.613404 0.965660 0.619119
0 0.970938 0.873750 0.950313 0.863438 0.883750 0.996563 0.904375 1.006875
0 0.270400 0.390594 0.266947 0.207581 0.250355 0.207894 0.253808 0.390907
0 0.686024 0.878311 0.645351 0.863416 0.596575 0.996611 0.637248 1.011505
0 0.314689 0.390022 0.302530 0.219797 0.277213 0.221605 0.289372 0.391831
0 0.441691 0.881452 0.428189 0.880414 0.419118 0.998346 0.432619 0.999384
0 0.482813 0.881250 0.450755 0.878421 0.440229 0.997713 0.472287 1.000542
0 0.161881 0.634309 0.157763 0.477797 0.137793 0.478323 0.141912 0.634835
0 0.462500 0.454688 0.448437 0.454688 0.448437 0.628125 0.462500 0.628125
0 0.486928 0.835701 0.470403 0.657225 0.446562 0.659433 0.463088 0.837909
0 0.273438 0.464062 0.254688 0.464062 0.254688 0.632812 0.273438 0.632812
0 0.560402 0.831194 0.551368 0.666769 0.538238 0.667490 0.547272 0.831915
0 0.905880 0.676959 0.881217 0.670616 0.844682 0.812695 0.869346 0.819037
0 0.896769 0.877828 0.858350 0.859630 0.797105 0.988925 0.835524 1.007123
0 0.315722 0.390521 0.310220 0.219932 0.288720 0.220626 0.294223 0.391215
0 0.682813 0.445312 0.642188 0.445312 0.642188 0.625000 0.682813 0.625000
0 0.511205 0.390468 0.505189 0.200951 0.471963 0.202006 0.477980 0.391522
0 0.731250 0.660938 0.709375 0.660937 0.709375 0.826562 0.731250 0.826562
0 0.858530 0.677745 0.846228 0.675054 0.815230 0.816759 0.827532 0.819450
0 0.571875 0.470313 0.554688 0.470313 0.554688 0.623437 0.571875 0.623437
0 0.198944 0.838850 0.183007 0.684033 0.164204 0.685969 0.180141 0.840785
0 0.410938 0.459375 0.385938 0.459375 0.385938 0.629687 0.410938 0.629687
0 0.821875 0.873437 0.743750 0.873437 0.743750 1.000000 0.821875 1.000000
0 0.572544 0.831129 0.563474 0.663334 0.540484 0.664577 0.549554 0.832372
0 0.337117 0.390495 0.332180 0.227576 0.309521 0.228263 0.314458 0.391181
0 0.218750 0.257812 0.198438 0.257812 0.198438 0.390625 0.218750 0.390625
0 1.007219 0.661528 0.982935 0.654829 0.936761 0.822210 0.961045 0.828909
0 0.448119 0.835338 0.428814 0.656767 0.392248 0.660720 0.411553 0.839292
0 0.748587 0.386238 0.737661 0.249675 0.711019 0.251806 0.721945 0.388369
0 0.952064 0.670902 0.932665 0.665360 0.889269 0.817246 0.908667 0.822789
0 0.865006 0.383714 0.848963 0.209024 0.822655 0.211440 0.838698 0.386130
0 0.615652 0.829032 0.604317 0.666559 0.592239 0.667402 0.603574 0.829874
0 0.935036 0.668570 0.892668 0.660096 0.860757 0.819651 0.903125 0.828125
0 0.232854 0.390242 0.228010 0.251403 0.215471 0.251840 0.220314 0.390679
0 0.414603 0.837783 0.391209 0.656477 0.363197 0.660091 0.386592 0.841397
0 0.609677 0.879914 0.573835 0.867065 0.527253 0.997005 0.563095 1.009854
0 0.948125 0.874063 0.923125 0.861563 0.855313 0.997188 0.880313 1.009688
0 0.712266 0.827994 0.707249 0.657415 0.682730 0.658137 0.687747 0.828715
0 0.310777 0.837991 0.289957 0.658944 0.249372 0.663663 0.270192 0.842710
0 0.186060 0.635712 0.182135 0.443349 0.158834 0.443825 0.162760 0.636187
0 0.346890 0.390548 0.345313 0.229687 0.331405 0.229824 0.332982 0.390685
0 0.433035 0.390503 0.427284 0.232332 0.408445 0.233017 0.414197 0.391188
0 0.387019 0.838341 0.365000 0.662188 0.340769 0.665216 0.362788 0.841370
0 0.614357 0.456305 0.601980 0.456168 0.600087 0.626529 0.612464 0.626666
0 0.246319 0.631083 0.242034 0.485391 0.218065 0.486096 0.222350 0.631787
0 0.450000 0.448437 0.410938 0.448437 0.410938 0.632812 0.450000 0.632812
0 0.259827 0.390541 0.253057 0.228063 0.238629 0.228664 0.245399 0.391142
0 0.498679 0.834042 0.481235 0.657659 0.466118 0.659155 0.483563 0.835537
0 0.998437 0.210938 0.985938 0.210938 0.985938 0.376563 0.998437 0.376563
0 0.654868 0.388610 0.643519 0.188103 0.612163 0.189878 0.623512 0.390385
0 0.262575 0.632709 0.259807 0.463876 0.240499 0.464193 0.243267 0.633025
0 0.851047 0.880085 0.825092 0.867555 0.763201 0.995758 0.789156 1.008289
0 0.451563 0.881250 0.440834 0.880341 0.430840 0.998270 0.441568 0.999180
0 0.555343 0.626485 0.552873 0.456050 0.519275 0.456537 0.521745 0.626972
0 0.865106 0.455452 0.845353 0.452818 0.823083 0.619849 0.842836 0.622482
0 0.818727 0.459207 0.793167 0.457576 0.782600 0.623125 0.808161 0.624756
0 0.705491 0.386932 0.683680 0.176096 0.641193 0.180491 0.663004 0.391327
0 0.224029 0.632611 0.219063 0.463778 0.201753 0.464287 0.206719 0.633120
0 0.298438 0.464062 0.271875 0.464062 0.271875 0.632812 0.298438 0.632812
0 0.625000 0.454688 0.604688 0.454688 0.604688 0.625000 0.625000 0.625000
0 0.846600 0.456602 0.822336 0.453606 0.801656 0.621115 0.825920 0.624110
0 0.785138 0.879424 0.770776 0.871884 0.708061 0.991342 0.722423 0.998882
0 0.795519 0.431862 0.760340 0.429929 0.749717 0.623267 0.784896 0.625200
0 0.522694 0.880126 0.487024 0.876162 0.473438 0.998437 0.509108 1.002401
0 1.008475 0.875869 0.976504 0.858171 0.903451 0.990136 0.935423 1.007835
0 0.246904 0.390297 0.242910 0.218588 0.222064 0.219073 0.226057 0.390782
0 0.724782 0.386777 0.711138 0.243508 0.688058 0.245706 0.701703 0.388975
0 0.414842 0.390476 0.411987 0.196354 0.369992 0.196972 0.372847 0.391093
0 0.527971 0.390454 0.521830 0.227714 0.504932 0.228352 0.511073 0.391092
0 0.511482 0.831514 0.495913 0.656370 0.473590 0.658355 0.489158 0.833498
0 0.531250 0.656250 0.495312 0.656250 0.495313 0.835938 0.531250 0.835938
0 0.207999 0.632778 0.204623 0.463939 0.189566 0.464240 0.192943 0.633079
0 0.214084 0.998371 0.212474 0.884089 0.187083 0.884447 0.188692 0.998729
0 0.167720 0.392091 0.164094 0.254317 0.146425 0.254782 0.150051 0.392556
0 0.887114 0.384044 0.874246 0.216765 0.849871 0.218640 0.862739 0.385919
0 1.001420 0.894186 0.949897 0.890506 0.942188 0.998437 0.993710 1.002118
0 0.627696 0.829508 0.616863 0.667001 0.603796 0.667872 0.614629 0.830379
0 0.915925 0.459288 0.892275 0.454988 0.862475 0.618888 0.886125 0.623188
0 0.248438 0.885938 0.215625 0.885938 0.215625 0.998437 0.248438 0.998437
0 0.837532 0.384142 0.824547 0.207912 0.800402 0.209691 0.813387 0.385921
0 0.648438 0.481250 0.621875 0.481250 0.621875 0.631250 0.648438 0.631250
0 0.711113 0.876359 0.687773 0.866748 0.634800 0.995396 0.658141 1.005006
0 0.584193 0.831051 0.573080 0.666578 0.560111 0.667454 0.571224 0.831927
0 0.478943 0.389878 0.470899 0.212899 0.426530 0.214916 0.434575 0.391894
0 0.967012 0.459180 0.932192 0.452944 0.902563 0.618370 0.937384 0.624606
0 0.799885 0.878889 0.782291 0.869937 0.718255 0.995801 0.735850 1.004752
0 0.851702 0.654427 0.810307 0.645994 0.773962 0.824412 0.815358 0.832845
0 0.690728 0.831016 0.682106 0.654265 0.649790 0.655841 0.658412 0.832593
0 0.771636 0.878850 0.749535 0.867484 0.684279 0.994370 0.706380 1.005737
0 0.364484 0.835508 0.343200 0.659915 0.318422 0.662919 0.339706 0.838511
0 0.951186 0.382511 0.943209 0.226951 0.917036 0.228293 0.925013 0.383853
0 0.520312 0.453125 0.490625 0.453125 0.490625 0.626563 0.520312 0.626563
0 0.366373 0.390556 0.360743 0.202896 0.341308 0.203480 0.346937 0.391139
0 0.551180 0.831605 0.536345 0.663475 0.515962 0.665274 0.530797 0.833404
0 0.594626 0.831084 0.583504 0.667957 0.570815 0.668822 0.581937 0.831949
0 0.184375 0.390625 0.181852 0.254387 0.163658 0.254724 0.166181 0.390962
0 0.605631 0.830951 0.593565 0.666856 0.580538 0.667814 0.592604 0.831909
0 0.676614 0.387925 0.665237 0.293662 0.640968 0.296591 0.652344 0.390854
0 0.742824 0.878099 0.715537 0.865820 0.658995 0.991470 0.686282 1.003749
0 0.800728 0.664961 0.767787 0.661494 0.750612 0.824653 0.783553 0.828121
0 0.600085 0.388926 0.595245 0.219511 0.562236 0.220454 0.567077 0.389869
0 0.340884 0.836658 0.317845 0.658628 0.288899 0.662374 0.311938 0.840404
0 0.717049 0.443925 0.684575 0.442997 0.679398 0.624188 0.711872 0.625116
0 0.640868 0.877850 0.614205 0.867656 0.566022 0.993672 0.592685 1.003867
0 0.788640 0.385222 0.772007 0.213344 0.723620 0.218027 0.740253 0.389905
0 0.368750 0.437500 0.317188 0.437500 0.317188 0.631250 0.368750 0.631250
0 0.409414 0.881550 0.365993 0.880955 0.364387 0.998185 0.407808 0.998780
0 0.377497 0.390245 0.369959 0.216863 0.359110 0.217335 0.366648 0.390716
0 0.889062 0.456250 0.843750 0.456250 0.843750 0.623438 0.889062 0.623438
0 0.462500 0.665625 0.431250 0.665625 0.431250 0.834375 0.462500 0.834375
0 0.270796 0.840942 0.246977 0.658179 0.213561 0.662534 0.237379 0.845297
0 0.235987 0.829752 0.217144 0.679123 0.200608 0.681192 0.219451 0.831821
0 0.219464 0.841451 0.202881 0.679309 0.180882 0.681559 0.197464 0.843700
0 0.491071 0.446181 0.460979 0.446181 0.460979 0.629712 0.491071 0.629712
