0 0.942872 0.446122 0.920182 0.440424 0.885289 0.579369 0.907979 0.585067
0 0.874957 0.358858 0.860603 0.186616 0.819353 0.190054 0.833707 0.362295
0 0.520161 0.779988 0.508659 0.624706 0.488515 0.626198 0.500017 0.781480
0 0.637415 0.822662 0.609893 0.811074 0.547805 0.958533 0.575327 0.970121
0 0.592502 0.779558 0.581910 0.625978 0.567646 0.626962 0.578238 0.780542
0 0.251966 0.592102 0.245221 0.436960 0.227727 0.437721 0.234472 0.592863
0 0.296093 0.786455 0.275793 0.619540 0.237966 0.624141 0.258266 0.791055
0 0.812738 0.359581 0.801023 0.195574 0.776927 0.197295 0.788642 0.361302
0 0.459648 0.822394 0.429221 0.819210 0.413585 0.968627 0.444011 0.971811
0 0.623650 0.777934 0.614982 0.626242 0.604258 0.626855 0.612926 0.778547
0 0.877644 0.443029 0.860817 0.439663 0.832091 0.583293 0.848918 0.586659
0 0.677818 0.419248 0.645665 0.417935 0.638788 0.586405 0.670941 0.587717
0 0.568750 0.420312 0.539062 0.420312 0.539062 0.590625 0.568750 0.590625
0 0.856578 0.639319 0.831934 0.632503 0.795460 0.764369 0.820104 0.771186
0 0.680975 0.362234 0.668457 0.228111 0.647225 0.230092 0.659743 0.364216
0 0.797504 0.430278 0.773666 0.427630 0.756174 0.585061 0.780011 0.587710
0 0.999207 0.356760 0.991801 0.186430 0.956542 0.187963 0.963948 0.358293
0 0.835173 0.359081 0.823371 0.201724 0.800492 0.203440 0.812294 0.360797
0 0.293704 0.365421 0.289548 0.207512 0.268715 0.208060 0.272871 0.365969
0 0.806739 0.613765 0.770305 0.604859 0.728922 0.774153 0.765356 0.783059
0 1.016254 0.501676 0.995666 0.494323 0.965795 0.577962 0.986383 0.585315
0 0.643750 0.418750 0.607812 0.418750 0.607812 0.589063 0.643750 0.589063
0 0.440335 0.781672 0.423329 0.622947 0.406502 0.624750 0.423508 0.783475
0 0.917500 0.816563 0.898750 0.807188 0.826562 0.951563 0.845313 0.960938
0 0.255516 0.365612 0.252934 0.195221 0.234899 0.195494 0.237480 0.365886
0 0.296875 0.209375 0.278125 0.209375 0.278125 0.365625 0.296875 0.365625
0 0.418750 0.821875 0.398438 0.821875 0.398438 0.967187 0.418750 0.967187
0 0.155476 0.594747 0.150590 0.453051 0.132562 0.453672 0.137448 0.595368
0 0.367188 0.434375 0.350000 0.434375 0.350000 0.592187 0.367188 0.592187
0 0.322724 0.785479 0.303570 0.619480 0.277178 0.622525 0.296332 0.788524
0 0.393528 0.365458 0.388477 0.183610 0.348491 0.184721 0.353542 0.366568
0 0.461138 0.784133 0.445232 0.617121 0.422816 0.619256 0.438722 0.786268
0 0.259375 0.435937 0.245313 0.435937 0.245313 0.593750 0.259375 0.593750
0 0.541727 0.779497 0.530504 0.622375 0.510406 0.623810 0.521629 0.780933
0 0.894994 0.816170 0.871656 0.804913 0.802155 0.948999 0.825494 0.960257
0 0.868750 0.820313 0.845000 0.808438 0.776250 0.945938 0.800000 0.957813
0 0.356846 0.365562 0.352059 0.202835 0.339708 0.203198 0.344494 0.365925
0 0.535531 0.364547 0.530504 0.206174 0.490242 0.207453 0.495269 0.365825
0 0.690937 0.776539 0.689021 0.623223 0.669219 0.623471 0.671136 0.776787
0 0.610938 0.451562 0.585938 0.451562 0.585938 0.592187 0.610938 0.592187
0 0.274632 0.365484 0.266907 0.214838 0.248406 0.215787 0.256131 0.366432
0 0.828680 0.640344 0.809152 0.635571 0.776948 0.767316 0.796475 0.772090
0 0.502532 0.783513 0.488448 0.614504 0.467759 0.616228 0.481843 0.785237
0 0.192085 0.787327 0.175360 0.646092 0.157619 0.648193 0.174344 0.789428
0 0.392188 0.431250 0.285938 0.431250 0.285938 0.592187 0.392188 0.592187
0 0.776857 0.821965 0.757922 0.812813 0.691386 0.950472 0.710322 0.959624
0 0.558259 0.779877 0.542060 0.627144 0.524080 0.629051 0.540279 0.781784
0 0.328125 0.214062 0.315625 0.214062 0.315625 0.365625 0.328125 0.365625
0 0.464062 0.421875 0.435937 0.421875 0.435937 0.592187 0.464062 0.592187
0 0.212378 0.366804 0.204444 0.239859 0.182849 0.241209 0.190783 0.368154
0 0.997717 0.626275 0.953599 0.612314 0.903938 0.769245 0.948056 0.783206
0 0.406160 0.823844 0.387891 0.823245 0.383280 0.963873 0.401549 0.964472
0 0.923311 0.632181 0.888688 0.625115 0.858894 0.771107 0.893517 0.778173
0 0.896994 0.358265 0.888357 0.211439 0.863077 0.212926 0.871713 0.359752
0 0.581036 0.779590 0.570047 0.627579 0.557725 0.628470 0.568713 0.780481
0 1.000000 0.428125 0.954688 0.428125 0.954688 0.581250 1.000000 0.581250
0 0.392005 0.786386 0.371349 0.615973 0.345171 0.619146 0.365827 0.789559
0 0.576664 0.823622 0.543793 0.811629 0.489476 0.960497 0.522347 0.972491
0 1.009860 0.819881 0.976994 0.806735 0.921821 0.944666 0.954688 0.957813
0 0.704215 0.821429 0.677415 0.809001 0.611616 0.950881 0.638415 0.963309
0 0.298472 0.970052 0.296756 0.825931 0.238691 0.826623 0.240407 0.970743
0 0.317644 0.365576 0.313944 0.213875 0.292196 0.214405 0.295896 0.366106
0 0.579688 0.428125 0.567187 0.428125 0.567187 0.589063 0.579688 0.589063
0 0.257036 0.787281 0.236674 0.617599 0.205806 0.621303 0.226168 0.790985
0 0.963227 0.356422 0.954487 0.194732 0.927413 0.196196 0.936153 0.357885
0 0.659542 0.363269 0.645431 0.165728 0.605457 0.168583 0.619567 0.366125
0 0.352650 0.591995 0.346636 0.411570 0.298876 0.413162 0.304890 0.593587
0 0.428180 0.824196 0.416866 0.823415 0.407091 0.965144 0.418406 0.965925
0 0.756563 0.822813 0.739063 0.814063 0.670313 0.951563 0.687812 0.960313
0 0.523632 0.589001 0.521656 0.430901 0.490176 0.431295 0.492153 0.589395
0 0.770604 0.432104 0.748095 0.430392 0.736294 0.585489 0.758803 0.587202
0 0.212500 0.437500 0.193750 0.437500 0.193750 0.593750 0.212500 0.593750
0 0.706168 0.362094 0.694733 0.232496 0.668923 0.234773 0.680358 0.364371
0 0.304180 0.592159 0.299871 0.432732 0.281937 0.433216 0.286245 0.592644
0 0.420890 0.784964 0.406641 0.616340 0.373077 0.619177 0.387327 0.787801
0 0.735611 0.822337 0.711005 0.810913 0.645314 0.952400 0.669921 0.963825
0 0.815215 0.429146 0.796392 0.426550 0.774506 0.585223 0.793329 0.587819
0 0.492188 0.428125 0.464062 0.428125 0.464062 0.589063 0.492188 0.589063
0 0.950625 0.815938 0.922500 0.801875 0.849687 0.947500 0.877812 0.961563
0 0.245923 0.367027 0.241332 0.215509 0.226525 0.215958 0.231117 0.367476
0 0.767096 0.360570 0.753989 0.196743 0.728279 0.198800 0.741385 0.362627
0 0.483795 0.781753 0.468964 0.614912 0.448225 0.616755 0.463056 0.783596
0 0.540625 0.442188 0.523438 0.442188 0.523438 0.587500 0.540625 0.587500
0 0.516090 0.823775 0.496326 0.820481 0.472551 0.963133 0.492314 0.966427
0 0.210671 0.788224 0.194169 0.639710 0.173247 0.642035 0.189748 0.790549
0 0.207982 0.979482 0.205145 0.826294 0.178708 0.826783 0.181545 0.979971
0 0.160792 0.367079 0.156189 0.240514 0.139223 0.241131 0.143825 0.367696
0 0.935333 0.357755 0.931745 0.199918 0.915844 0.200279 0.919432 0.358117
0 0.670357 0.779642 0.668044 0.620006 0.643705 0.620358 0.646019 0.779994
0 0.606400 0.823140 0.581743 0.813614 0.525944 0.958035 0.550601 0.967562
0 0.862488 0.431834 0.840035 0.427624 0.811132 0.581775 0.833585 0.585985
0 0.446875 0.201563 0.404687 0.201563 0.404687 0.365625 0.446875 0.365625
0 0.713709 0.424862 0.678385 0.423050 0.670045 0.585683 0.705369 0.587495
0 0.237500 0.826562 0.206250 0.826562 0.206250 0.971875 0.237500 0.971875
0 0.923558 0.357614 0.916386 0.183699 0.886524 0.184931 0.893696 0.358846
0 0.650335 0.780752 0.641839 0.615082 0.613988 0.616510 0.622484 0.782180
0 0.654359 0.820628 0.633475 0.811632 0.572999 0.952023 0.593883 0.961019
0 0.613697 0.779199 0.603715 0.626959 0.580097 0.628508 0.590080 0.780748
0 0.482812 0.189063 0.445312 0.189063 0.445312 0.367188 0.482812 0.367188
0 0.720313 0.615625 0.690625 0.615625 0.690625 0.779687 0.720313 0.779687
0 0.805218 0.818980 0.781579 0.807392 0.712414 0.948487 0.736054 0.960075
0 0.616757 0.363551 0.606105 0.177151 0.579318 0.178682 0.589969 0.365082
0 0.587500 0.431250 0.576562 0.431250 0.576562 0.589063 0.587500 0.589063
0 0.408221 0.365556 0.403000 0.216753 0.386874 0.217319 0.392095 0.366122
0 0.496335 0.822663 0.462761 0.818032 0.441064 0.975330 0.474639 0.979961
0 0.563313 0.779501 0.551505 0.628957 0.538107 0.630008 0.549915 0.780552
0 0.176618 0.367065 0.171628 0.237329 0.154826 0.237975 0.159816 0.367711
0 0.742408 0.360680 0.730110 0.200809 0.693070 0.203658 0.705368 0.363529
0 0.672690 0.821352 0.652853 0.812674 0.590169 0.955953 0.610005 0.964631
0 0.754642 0.625597 0.724173 0.623254 0.712445 0.775717 0.742914 0.778061
0 0.325000 0.825000 0.298438 0.825000 0.298438 0.968750 0.325000 0.968750
0 0.748886 0.407930 0.712888 0.405833 0.702420 0.585532 0.738418 0.587629
0 0.180355 0.596592 0.174405 0.418093 0.150473 0.418890 0.156423 0.597390
0 0.787524 0.360557 0.777626 0.197237 0.754793 0.198620 0.764692 0.361941
0 0.910728 0.432374 0.878030 0.426291 0.849280 0.580825 0.881978 0.586909
0 0.426563 0.421875 0.389063 0.421875 0.389063 0.592187 0.426563 0.592187
0 0.498648 0.365470 0.491580 0.213509 0.475735 0.214246 0.482803 0.366207
0 0.385938 0.825000 0.348438 0.825000 0.348438 0.971875 0.385938 0.971875
0 0.998437 0.684375 0.970313 0.684375 0.970313 0.771875 0.998437 0.771875
0 0.347113 0.365556 0.340424 0.191654 0.321582 0.192379 0.328270 0.366280
0 0.839056 0.430777 0.813927 0.427270 0.792313 0.582176 0.817441 0.585682
0 0.845938 0.819063 0.812813 0.802500 0.740625 0.946875 0.773750 0.963438
0 0.367668 0.786779 0.345283 0.626349 0.321901 0.629611 0.344286 0.790041
0 0.988396 0.422192 0.960695 0.416499 0.927075 0.580083 0.954775 0.585776
0 0.898208 0.631846 0.873065 0.624847 0.833028 0.768682 0.858170 0.775681
