0 0.06455882697006679 0.3359791200663169 0.018050460459672117 0.33400991643990524 -0.007626396210338499 0.9404422045115044 0.03888197030005618 0.942411408137916
0 0.24891335420822291 0.21563610133266553 0.1182333346527148 0.20878744643253153 0.07911762896944474 0.9551589979494887 0.2097976485249528 0.9620076528496228
0 0.20017234582536161 0.32789546738578085 0.1395806906794699 0.32437467394628083 0.10300868546176986 0.9537664193647025 0.16360034060766154 0.9572872128042025
0 0.2627941252288696 0.29244390146947324 0.20211168437060273 0.288688130172272 0.16076199719029333 0.9567799143277101 0.22144443804856015 0.9605356856249113
0 0.39226231025286706 0.2918296424591021 0.26556942013262597 0.2734320617782723 0.16750742182297904 0.9487250903752835 0.29420031194322016 0.9671226710561133
0 0.35331842403535685 0.36457215717572616 0.332097384914538 0.3632351035435265 0.29442579850668815 0.9611394730108141 0.315646837627507 0.9624765266430139
0 0.4002831517567783 0.37057326962484916 0.3526296741125684 0.3659237960746583 0.29465852305224216 0.9600828812358048 0.34231200069645207 0.9647323547859956
0 0.4012599348485617 0.4009883254077712 0.37723341828486573 0.3995113425377492 0.34255187269484005 0.9636862876140763 0.36657838925853603 0.9651632704840981
0 0.4684951104161499 0.19356911353379008 0.4138289194989505 0.19001081749805038 0.363070106675449 0.9698197273441658 0.4177362975926483 0.9733780233799054
0 0.5155341737446204 0.19328431174506244 0.4706328335809099 0.18992941745821135 0.4119873847834465 0.9748302281421604 0.45688872494715704 0.9781851224290113
0 0.5304322064608376 0.3791262090849106 0.4987026968944561 0.3769142766719041 0.4570178390959474 0.974871106868747 0.48874734866232883 0.9770830392817536
0 0.5669635248349971 0.3418294998195647 0.5143014207903883 0.3390695961222295 0.48077370158713106 0.9788166419213782 0.5334358056317399 0.9815765456187135
0 0.6622308512824265 0.04326796908157371 0.5622373730856396 0.03443981374241085 0.4799291288686197 0.9667169778085848 0.5799226070654067 0.9755451331477476
0 0.6694187754248286 0.23785063047917002 0.6439439396922273 0.2354130472976828 0.5743784058833933 0.9624325639607134 0.5998532416159946 0.9648701471422007
0 0.6894025438683445 0.35415446697438674 0.6553037781813059 0.3509281766959392 0.5973635134170109 0.9633006979290064 0.6314622791040494 0.966526988207454
0 0.7887271009290291 0.3273742321349156 0.6619479607378546 0.3207300156414471 0.628556513756488 0.9578764635632385 0.7553356539476626 0.964520680056707
0 1.008037426422837 0.3597297218027575 0.9417221830075084 0.35625428724926805 0.9090122111482524 0.980397746885766 0.9753274545635808 0.9838731814392554
0 0.8493760507959074 0.4018281607569626 0.7832455489306585 0.3952640194613254 0.7260235270002089 0.9717478057747048 0.7921540288654577 0.9783119470703419
0 0.9105132240791611 0.37116725543722745 0.7923202261067128 0.3594613823267236 0.7313337173831204 0.9752358943062074 0.8495267153555686 0.9869417674167114