0 0.8686918402224606 0.44010267272695 0.8651368282084348 0.3812208703897197 0.06677407604050456 0.4294223360862467 0.07032908805453035 0.488304138423477
0 0.8765700607119908 0.4082318623939701 0.8715663508893036 0.32798328883854666 0.1566495136450859 0.3725602357228772 0.16165322346777317 0.45280880927830064
0 0.8839473620134382 0.32596062527296527 0.8795745212853291 0.25652666039625627 0.15302449900817833 0.30228362579587637 0.15739733973628728 0.3717175906725853
0 0.8513805027482148 0.2584716181675618 0.847369122542195 0.19370369330649523 0.1541111138835919 0.23664040093705618 0.1581224940896116 0.30140832579812277
0 0.8838471867978186 0.19477430453739222 0.8803983534563807 0.13232953195851396 0.14354564222715818 0.1730260081128024 0.1469944755685961 0.23547078069168062
0 0.8811501966735993 0.1342767255005526 0.8797905664181014 0.11169952698096622 0.130893285346031 0.15679916149595305 0.1322529156015288 0.17937636001553944
0 0.8643667829516438 0.4713198915781297 0.8625899253757796 0.43990250538906583 0.11836002364748441 0.481993547944701 0.12013688122334878 0.5134109341337649
0 0.8963368834742468 0.49777126286208945 0.8945047373848898 0.46227657809479633 0.1453783572614015 0.5009445921024072 0.1472105033507585 0.5364392768697003
0 0.9154260719996724 0.5224265359890865 0.9138166602196455 0.4892301908896986 0.17222449037879012 0.5251837626020148 0.17383390215881708 0.5583801077014028
0 0.8847967911123188 0.5410167656408859 0.8830221671959555 0.5099403365972226 0.15990051303993633 0.5512343018756166 0.1616751369562997 0.5823107309192799
0 0.8596061439391315 0.5713673446745683 0.8582633641266249 0.5382504753640612 0.13746895532949638 0.5674763110560024 0.13881173514200293 0.6005931803665094
0 0.8394735463609766 0.5945249112205723 0.8384766266729737 0.5672034547697699 0.1253920336095125 0.5932228608477915 0.12638895329751526 0.6205443172985939
0 0.873417613697062 0.5973787968150099 0.872429249471829 0.5690757357451306 0.8203776435872673 0.5708934170551208 0.8213660078125002 0.5991964781250001
0 0.8167436829982979 0.6084295411191214 0.8151292050574058 0.5811415073644678 0.17529085138949552 0.6189971079922455 0.1769053293303875 0.6462851417468991
0 0.8427232337047197 0.6077868467044897 0.8401168064553939 0.5806182534958251 0.17124752624985098 0.6447864312433824 0.17385395349917682 0.6719550244520469
0 0.8784259401203703 0.6389944268576386 0.8755421107529097 0.6037549273988685 0.17593481618607087 0.6610073882098442 0.17881864555353166 0.6962468876686143
0 0.882779258388633 0.6997947939044676 0.8793536502677297 0.6240253811083476 0.12471524703428753 0.6581433100596781 0.12814085515519094 0.7339127228557981
0 0.889811123717228 0.750578812183231 0.8867193758747709 0.6874106269165909 0.12980519060858328 0.7244575642212447 0.13289693845104047 0.7876257494878848
0 0.8792247638667563 0.8063642046785338 0.8758311601171181 0.7458309656492961 0.14731147555246873 0.7866731074687641 0.150705079302107 0.8472063464980017
0 0.8670871224710132 0.8446876220118428 0.8649801982261425 0.8053019782653459 0.1834905349591601 0.8417580814944234 0.18559745920403076 0.8811437252409202
0 0.7908276319454125 0.9065720991006797 0.7887849502764739 0.8740242924537694 0.23745686447713857 0.9086253267615685 0.23949954614607724 0.9411731334084787
0 0.9095656341604597 0.8863323302555071 0.907997881287496 0.8414378224871166 0.17667282493332664 0.8669762906686707 0.1782405778062903 0.9118707984370611
0 0.8819637601845194 0.9671563197011498 0.8777172906674455 0.8915813459161999 0.2169114114926478 0.9287112565477769 0.2211578810097216 1.0042862303327267