0 0.229230 0.861884 0.211447 0.858179 0.194691 0.938608 0.212474 0.942312
0 0.273438 0.873437 0.251011 0.867831 0.231985 0.943934 0.254412 0.949540
0 0.468496 0.638331 0.453119 0.635448 0.431450 0.751014 0.446828 0.753897
0 0.547845 0.804863 0.526540 0.799734 0.501901 0.902078 0.523207 0.907207
0 0.561185 0.661179 0.544204 0.657995 0.522500 0.773750 0.539481 0.776934
0 0.381626 0.479059 0.342920 0.468737 0.314393 0.575713 0.353099 0.586035
0 0.295956 0.336489 0.272059 0.330515 0.249632 0.420221 0.273529 0.426195
0 0.199625 0.573171 0.172469 0.568947 0.153574 0.690417 0.180729 0.694641
0 0.433615 0.777538 0.409732 0.772374 0.388003 0.872871 0.411886 0.878034
0 0.604596 0.545680 0.585110 0.540809 0.562132 0.632721 0.581618 0.637592
0 0.660051 0.964696 0.631672 0.959966 0.625338 0.997973 0.653716 1.002703
0 0.858474 0.465805 0.837452 0.460072 0.811635 0.554736 0.832656 0.560469
0 0.672610 0.422059 0.648346 0.415993 0.624632 0.510846 0.648897 0.516912
0 0.204550 0.168104 0.186289 0.165365 0.172421 0.257816 0.190682 0.260555
0 0.648713 0.414522 0.626287 0.408915 0.602114 0.505607 0.624540 0.511213
0 0.648529 0.273070 0.629044 0.268199 0.606158 0.359743 0.625643 0.364614
0 0.773233 0.567093 0.754484 0.561509 0.720730 0.674825 0.739479 0.680410
0 0.752008 0.160215 0.732065 0.155523 0.711778 0.241742 0.731721 0.246434
0 0.236565 0.172984 0.219813 0.170282 0.204474 0.265389 0.221225 0.268091
0 0.680790 0.550276 0.659835 0.545037 0.632721 0.653493 0.653676 0.658732
0 0.998437 0.270313 0.989062 0.270313 0.989062 0.306250 0.998437 0.306250
0 0.925222 0.202413 0.905383 0.196213 0.879665 0.278509 0.899505 0.284709
0 0.435072 0.083719 0.413363 0.080887 0.401783 0.169662 0.423493 0.172494
0 0.672981 0.688654 0.649844 0.682344 0.618401 0.797632 0.641538 0.803942
0 0.987115 0.350889 0.971779 0.346707 0.946430 0.439651 0.961767 0.443834
0 0.693290 0.144026 0.675643 0.139614 0.653860 0.226746 0.671507 0.231158
0 0.586673 0.532996 0.559835 0.526287 0.533824 0.630331 0.560662 0.637040
0 0.412759 0.627957 0.396540 0.624482 0.373308 0.732896 0.389527 0.736372
0 0.778701 0.859481 0.760660 0.853761 0.729323 0.952590 0.747365 0.958311
0 0.337500 0.000000 0.292187 0.000000 0.292187 0.148438 0.337500 0.148438
0 0.848147 0.321681 0.826234 0.314612 0.797281 0.404365 0.819195 0.411434
0 0.596875 0.815625 0.568199 0.808456 0.542555 0.911029 0.571232 0.918199
0 0.850909 0.582978 0.827780 0.576554 0.794851 0.695098 0.817980 0.701522
0 0.444761 0.492831 0.416085 0.485662 0.388511 0.595956 0.417188 0.603125
0 0.420956 0.220864 0.395956 0.214614 0.373713 0.303585 0.398713 0.309835
0 0.399159 0.769832 0.382031 0.766406 0.362019 0.866466 0.379147 0.869892
0 0.402471 0.904387 0.380456 0.898546 0.358982 0.979487 0.380997 0.985328
0 0.793638 0.306043 0.777039 0.301125 0.749880 0.392788 0.766478 0.397706
0 0.185578 0.429522 0.161521 0.425012 0.140136 0.539068 0.164192 0.543579
0 0.415464 0.361151 0.400188 0.357605 0.378074 0.452862 0.393351 0.456408
0 0.139233 0.562630 0.109139 0.556987 0.088514 0.666987 0.118608 0.672630
0 0.476436 0.094510 0.451351 0.090329 0.436740 0.177998 0.461824 0.182179
0 0.396976 0.622251 0.369946 0.616722 0.345802 0.734759 0.372832 0.740288
0 0.314842 0.336595 0.296820 0.330904 0.267207 0.424677 0.285229 0.430368
0 0.336007 0.464298 0.300856 0.458021 0.280460 0.572236 0.315611 0.578513
0 0.571140 0.809191 0.548713 0.803585 0.521507 0.912408 0.543934 0.918015
0 0.711184 0.844629 0.682942 0.837262 0.657058 0.936488 0.685299 0.943855
0 0.486863 0.644021 0.465071 0.639935 0.444039 0.752105 0.465831 0.756191
0 0.805208 0.308638 0.787457 0.304619 0.766491 0.397218 0.784242 0.401238
0 0.792096 0.717555 0.756066 0.708548 0.726930 0.825092 0.762960 0.834099
0 0.737393 0.849449 0.715634 0.843405 0.688480 0.941158 0.710239 0.947202
0 0.453344 0.084406 0.433656 0.081594 0.420563 0.173250 0.440250 0.176063
0 0.728649 0.558247 0.662510 0.542815 0.636163 0.655730 0.702302 0.671162
0 0.675619 0.139319 0.651350 0.134084 0.632299 0.222408 0.656569 0.227642
0 0.881985 0.189246 0.844485 0.179871 0.822886 0.266268 0.860386 0.275643
0 0.741544 0.565074 0.726471 0.561305 0.699265 0.670129 0.714338 0.673897
0 0.291166 0.189483 0.269531 0.185156 0.251382 0.275901 0.273017 0.280228
0 0.754759 0.705384 0.730758 0.699644 0.702575 0.817498 0.726576 0.823237
0 0.405235 0.478355 0.379387 0.473465 0.357319 0.590109 0.383167 0.595000
0 0.580515 0.254504 0.552206 0.247426 0.528860 0.340809 0.557169 0.347886
0 0.042546 0.532256 0.013924 0.530749 0.007364 0.655404 0.035985 0.656910
0 0.435503 0.365643 0.413699 0.361132 0.393784 0.457388 0.415588 0.461900
0 0.688425 0.837016 0.666246 0.831329 0.639970 0.933806 0.662149 0.939493
0 0.498446 0.645654 0.483478 0.643050 0.463718 0.756666 0.478687 0.759269
0 0.452471 0.224495 0.428100 0.220230 0.411750 0.313658 0.436121 0.317923
0 0.431793 0.630517 0.411265 0.626240 0.387386 0.740862 0.407914 0.745138
0 0.222421 0.170906 0.201440 0.168109 0.188871 0.262370 0.209853 0.265168
0 0.251931 0.867129 0.228024 0.861696 0.209544 0.943007 0.233451 0.948441
0 0.854228 0.733088 0.825551 0.725919 0.796783 0.840993 0.825460 0.848162
0 0.383473 0.768874 0.356492 0.763815 0.338202 0.861362 0.365183 0.866421
0 0.608640 0.262316 0.530699 0.242831 0.507537 0.335478 0.585478 0.354963
0 0.868934 0.608640 0.854228 0.604963 0.830607 0.699449 0.845313 0.703125
0 0.909603 0.195116 0.887764 0.189049 0.863655 0.275842 0.885494 0.281908
0 0.262260 0.590264 0.244231 0.586659 0.221034 0.702644 0.239063 0.706250
0 0.600460 0.671599 0.573621 0.664890 0.544577 0.781066 0.571415 0.787776
0 0.893199 0.472518 0.870772 0.466912 0.846967 0.562132 0.869393 0.567739
0 0.335415 0.198015 0.308751 0.193691 0.293658 0.286767 0.320321 0.291091
0 0.227824 0.330584 0.200938 0.305938 0.128880 0.384546 0.155767 0.409192
0 0.379136 0.352206 0.326195 0.338971 0.302114 0.435294 0.355055 0.448529
0 0.341676 0.610181 0.325158 0.606993 0.303151 0.721030 0.319668 0.724218
0 0.499464 0.791946 0.470201 0.785849 0.448284 0.891049 0.477548 0.897145
0 0.302135 0.745068 0.280457 0.742078 0.265922 0.847455 0.287600 0.850445
0 0.649014 0.829135 0.622308 0.821851 0.595120 0.921538 0.621827 0.928822
0 0.508456 0.239614 0.489338 0.234835 0.466268 0.327114 0.485386 0.331893
0 0.202164 0.721504 0.181455 0.719621 0.172144 0.822041 0.192853 0.823924
0 0.400469 0.355092 0.375668 0.350816 0.358689 0.449289 0.383491 0.453565
0 0.485018 0.377114 0.461489 0.371232 0.437684 0.466452 0.461213 0.472335
0 0.326790 0.751536 0.301135 0.747347 0.284116 0.851584 0.309772 0.855773
0 0.665613 0.275565 0.649087 0.271058 0.624026 0.362945 0.640553 0.367452
0 0.175391 0.567917 0.156105 0.564488 0.135401 0.680946 0.154688 0.684375
0 0.482914 0.496701 0.460139 0.491956 0.435636 0.609573 0.458410 0.614317
0 0.271725 0.183638 0.247388 0.179213 0.230713 0.270925 0.255050 0.275350
0 0.838419 0.460386 0.820404 0.455882 0.796691 0.550735 0.814706 0.555239
0 0.341362 0.610090 0.310634 0.604095 0.288327 0.718416 0.319055 0.724412
0 0.873285 0.186128 0.841847 0.177432 0.817699 0.264736 0.849137 0.273432
0 0.866008 0.324440 0.846610 0.318897 0.820548 0.410112 0.839947 0.415654
0 0.651911 0.134578 0.625517 0.129079 0.607345 0.216309 0.633738 0.221807
0 0.362117 0.204127 0.334758 0.198998 0.317618 0.290413 0.344976 0.295542
0 0.211673 0.436121 0.186305 0.429779 0.158364 0.541544 0.183732 0.547886
0 0.680168 0.969634 0.658720 0.965038 0.651563 0.998437 0.673011 1.003034
0 0.383732 0.899449 0.357261 0.892831 0.336949 0.974081 0.363419 0.980699
0 0.549039 0.393780 0.525996 0.389299 0.507447 0.484694 0.530490 0.489175
0 0.874283 0.468070 0.853272 0.463401 0.832132 0.558529 0.853143 0.563199
0 0.158474 0.568914 0.138331 0.564811 0.116611 0.671439 0.136753 0.675542
0 0.807353 0.172151 0.786397 0.166912 0.764798 0.253309 0.785754 0.258548
0 0.277337 0.327107 0.260708 0.322119 0.231938 0.418019 0.248567 0.423007
0 0.683440 0.278497 0.666427 0.273712 0.640223 0.366879 0.657237 0.371664
0 0.345403 0.344876 0.319135 0.339403 0.299090 0.435618 0.325359 0.441090
0 0.281671 0.593209 0.259736 0.588822 0.235938 0.707813 0.257873 0.712200
0 0.733930 0.291188 0.713792 0.285734 0.688609 0.378718 0.708746 0.384172
0 0.769026 0.162960 0.751379 0.158548 0.729871 0.244577 0.747518 0.248989
0 0.825092 0.313695 0.804871 0.308640 0.781801 0.400919 0.802022 0.405974
0 0.633824 0.958456 0.614338 0.953585 0.603125 0.998437 0.622610 1.003309
0 0.706710 0.549724 0.681710 0.543474 0.652574 0.660018 0.677574 0.666268
0 0.526746 0.386765 0.499540 0.379963 0.475551 0.475919 0.502757 0.482721
0 0.350643 0.892739 0.332629 0.888235 0.312592 0.968382 0.330607 0.972886
0 0.792080 0.862735 0.774845 0.857691 0.746263 0.955347 0.763498 0.960391
0 0.253837 0.179111 0.235058 0.175003 0.214844 0.267407 0.233624 0.271515
0 0.827451 0.176608 0.806424 0.170543 0.781730 0.256148 0.802757 0.262214
0 0.470040 0.231338 0.451868 0.227535 0.432741 0.318917 0.450913 0.322720
0 0.431671 0.221334 0.410036 0.217007 0.391587 0.309255 0.413221 0.313582
0 0.552962 0.249191 0.536526 0.245008 0.513144 0.336868 0.529579 0.341052
0 0.375460 0.618474 0.325827 0.606066 0.297059 0.721140 0.346691 0.733548
0 0.598086 0.261938 0.577432 0.257172 0.556469 0.348007 0.577124 0.352774
0 0.410817 0.772476 0.395793 0.769471 0.375841 0.869231 0.390865 0.872236
0 0.229870 0.440300 0.201647 0.434872 0.179893 0.547996 0.208116 0.553424
0 0.918934 0.480515 0.903860 0.476746 0.880423 0.570496 0.895496 0.574265
0 0.109057 0.551698 0.064811 0.543402 0.042471 0.662553 0.086716 0.670849
0 0.951574 0.206878 0.931231 0.201182 0.907636 0.285451 0.927979 0.291147
0 0.228189 0.122711 0.219035 0.003704 0.198006 0.005322 0.207160 0.124329
0 0.804359 0.866987 0.787900 0.861844 0.756067 0.963712 0.772526 0.968856
0 0.659559 0.550827 0.634191 0.544485 0.608456 0.647426 0.633824 0.653768
0 0.508516 0.929117 0.481006 0.921682 0.460521 0.997480 0.488030 1.004915
0 0.823989 0.454044 0.807445 0.449908 0.782904 0.548070 0.799449 0.552206
0 0.509245 0.648521 0.496014 0.645686 0.472142 0.757088 0.485373 0.759924
0 0.541619 0.110620 0.498248 0.100415 0.478268 0.185328 0.521639 0.195533
0 0.788051 0.443107 0.765625 0.437500 0.740533 0.537868 0.762960 0.543474
0 0.003125 0.782813 -0.104687 0.782813 -0.104687 0.885938 0.003125 0.885938
0 0.933824 0.200643 0.918382 0.196783 0.896875 0.282813 0.912316 0.286673
0 0.761582 0.440095 0.717817 0.432372 0.700372 0.531224 0.744138 0.538947
0 0.693934 0.425827 0.672978 0.420588 0.648897 0.516912 0.669853 0.522151
0 0.582841 0.947821 0.567216 0.943134 0.550831 0.997749 0.566456 1.002437
0 0.542556 0.529652 0.524640 0.525518 0.502598 0.621032 0.520514 0.625167
0 0.972886 0.347518 0.951930 0.342279 0.928676 0.435294 0.949632 0.440533
0 0.751838 0.569210 0.727941 0.563235 0.701195 0.670221 0.725092 0.676195
0 0.612280 0.674219 0.591078 0.669581 0.566807 0.780532 0.588010 0.785170
0 0.750000 0.984375 0.720313 0.984375 0.720313 0.998437 0.750000 0.998437
0 0.612132 0.263971 0.597059 0.260202 0.574265 0.351379 0.589338 0.355147
0 0.243365 0.582764 0.220096 0.579856 0.204952 0.701010 0.228221 0.703918
0 0.787273 0.167428 0.767417 0.162598 0.746449 0.248798 0.766305 0.253628
0 0.571635 0.398077 0.551202 0.393990 0.532272 0.488642 0.552704 0.492728
0 0.644853 0.273713 0.611029 0.265257 0.588419 0.355699 0.622243 0.364154
0 0.694121 0.693053 0.668796 0.687297 0.642350 0.803659 0.667676 0.809415
0 1.009467 0.219945 0.986305 0.214154 0.964890 0.299816 0.988051 0.305607
0 0.496225 0.097942 0.475403 0.093976 0.458554 0.182433 0.479376 0.186399
0 0.452644 0.782091 0.431310 0.777825 0.410817 0.880288 0.432151 0.884555
0 0.897426 0.191544 0.882721 0.187868 0.860846 0.275368 0.875551 0.279044
0 0.547518 0.658364 0.511489 0.649357 0.482904 0.763695 0.518934 0.772702
0 0.245357 0.128078 0.241570 -0.000671 0.216913 0.000054 0.220700 0.128803
0 0.636397 0.540349 0.605147 0.532537 0.577941 0.641360 0.609191 0.649173
0 0.776189 0.302164 0.756256 0.296365 0.729389 0.388720 0.749322 0.394519
0 0.621140 0.821691 0.595772 0.815349 0.570129 0.917923 0.595496 0.924265
0 0.922587 0.337208 0.904647 0.332987 0.882782 0.425912 0.900722 0.430133
0 0.714983 0.147473 0.690853 0.142043 0.670658 0.231797 0.694788 0.237226
0 0.733548 0.706434 0.706710 0.699724 0.678401 0.812960 0.705239 0.819669
0 0.714604 0.287805 0.694739 0.282342 0.669522 0.374040 0.689387 0.379503
0 0.183328 0.716516 0.154686 0.713762 0.145231 0.812102 0.173872 0.814855
0 0.634436 0.271038 0.609840 0.265075 0.587886 0.355633 0.612482 0.361596
0 0.908649 0.331716 0.887075 0.325907 0.861881 0.419485 0.883455 0.425293
0 0.729478 0.557696 0.706224 0.551435 0.675478 0.665634 0.698733 0.671894
0 0.551592 0.939741 0.531368 0.933962 0.513149 0.997730 0.533373 1.003508
0 0.274051 0.454021 0.228673 0.445513 0.208154 0.554947 0.253532 0.563455
0 0.885294 0.188511 0.867647 0.184099 0.845772 0.271599 0.863419 0.276011
0 0.952665 0.344026 0.932813 0.339063 0.909651 0.431710 0.929504 0.436673
0 0.786949 0.447518 0.750919 0.438511 0.726746 0.535202 0.762776 0.544210
0 0.324357 0.338511 0.296048 0.331434 0.272335 0.426287 0.300643 0.433364
0 0.612040 0.128401 0.589614 0.122794 0.568474 0.207353 0.590901 0.212960
0 0.733541 0.154134 0.712772 0.149342 0.692547 0.236982 0.713316 0.241775
0 0.213221 0.857332 0.188582 0.852404 0.172236 0.934135 0.196875 0.939063
0 0.828319 0.729390 0.804641 0.722394 0.773086 0.829193 0.796765 0.836189
0 0.396998 0.213416 0.377397 0.209683 0.359973 0.301156 0.379575 0.304889
0 0.803738 0.577440 0.780601 0.571130 0.750276 0.682320 0.773413 0.688630
0 0.669686 0.834007 0.648283 0.827712 0.617929 0.930917 0.639331 0.937211
0 0.327297 0.605736 0.307241 0.602197 0.287075 0.716469 0.307131 0.720008
0 0.590717 0.123070 0.566820 0.117096 0.546048 0.200184 0.569945 0.206158
0 0.510618 0.503992 0.480558 0.497924 0.457278 0.613255 0.487338 0.619323
0 0.517697 0.511444 0.508350 0.509284 0.483328 0.617571 0.492675 0.619731
0 0.301333 0.455267 0.272431 0.449778 0.250441 0.565575 0.279343 0.571064
0 0.712837 0.429549 0.693569 0.424822 0.669980 0.520971 0.689248 0.525698
0 0.986788 0.214082 0.967283 0.209030 0.945086 0.294738 0.964592 0.299789
0 0.967795 0.209305 0.949920 0.204329 0.926022 0.290190 0.943897 0.295165
0 0.695765 0.973985 0.678902 0.969263 0.670421 0.999551 0.687285 1.004273
0 0.827290 0.580867 0.805065 0.574176 0.771334 0.686220 0.793559 0.692911
0 0.564863 0.117817 0.538745 0.112115 0.520395 0.196169 0.546513 0.201871
0 0.524382 0.242759 0.505597 0.238266 0.483727 0.329709 0.502512 0.334202
0 0.885288 0.325594 0.861756 0.319844 0.838675 0.414290 0.862207 0.420041
0 0.458535 0.368918 0.434406 0.363553 0.413017 0.459749 0.437145 0.465114
0 0.599288 0.399018 0.574861 0.393713 0.553239 0.493275 0.577666 0.498580
0 0.931624 0.481601 0.914297 0.477281 0.890477 0.572818 0.907804 0.577139
0 0.905186 0.475499 0.888796 0.471534 0.865887 0.566245 0.882277 0.570210
0 0.631143 0.676662 0.609424 0.672258 0.586253 0.786519 0.607972 0.790923
0 0.650691 0.681162 0.631050 0.676401 0.602936 0.792387 0.622576 0.797148
0 0.759727 0.853659 0.736706 0.847451 0.709640 0.947822 0.732661 0.954030
0 0.264707 0.796148 0.254948 0.795732 0.254477 0.806789 0.264235 0.807204
0 0.280089 0.736619 0.241328 0.732087 0.228797 0.839264 0.267557 0.843796
0 0.720251 0.978854 0.695507 0.973712 0.690072 0.999861 0.714817 1.005004
