0 0.583691 0.877469 0.570956 0.773770 0.538280 0.777782 0.551015 0.881482
0 0.898232 0.275930 0.891302 0.175438 0.863685 0.177343 0.870616 0.277835
0 0.613292 0.745805 0.600535 0.624615 0.573125 0.627500 0.585882 0.748690
0 0.669514 0.867039 0.657566 0.763490 0.637580 0.765796 0.649528 0.869345
0 0.730149 0.719906 0.722461 0.622528 0.703459 0.624028 0.711147 0.721406
0 0.355537 0.490364 0.334251 0.389253 0.316296 0.393033 0.337583 0.494144
0 0.242544 0.501500 0.225021 0.402202 0.179918 0.410161 0.197441 0.509459
0 0.312745 0.640093 0.292728 0.513319 0.275557 0.516030 0.295574 0.642804
0 0.651803 0.132452 0.633353 0.040204 0.575361 0.051803 0.593810 0.144050
0 0.630461 0.872595 0.617811 0.767175 0.587251 0.770842 0.599901 0.876262
0 0.734777 0.583510 0.724521 0.486070 0.704512 0.488176 0.714769 0.585616
0 0.123438 0.998437 0.115372 0.950042 0.088007 0.954603 0.096073 1.002998
0 0.879515 0.331823 0.858873 0.325631 0.827394 0.430562 0.848036 0.436755
0 0.682943 0.454301 0.681106 0.349591 0.652715 0.350089 0.654552 0.454800
0 0.176933 0.510128 0.160855 0.409638 0.105765 0.418453 0.121843 0.518943
0 0.633515 0.308021 0.623048 0.205969 0.606000 0.207718 0.616467 0.309769
0 0.880523 0.716649 0.877928 0.592094 0.843600 0.592809 0.846195 0.717364
0 0.570421 0.144833 0.558106 0.021689 0.538150 0.023685 0.550464 0.146829
0 0.157255 0.512095 0.141571 0.412762 0.114611 0.417019 0.130296 0.516351
0 0.733548 0.346846 0.705377 0.344205 0.695843 0.445899 0.724014 0.448540
0 0.956487 0.099565 0.947406 -0.003356 0.873396 0.003175 0.882477 0.106096
0 0.832971 0.113467 0.827025 0.018330 0.799593 0.020045 0.805539 0.115181
0 0.331778 0.344489 0.315916 0.244033 0.301554 0.246301 0.317416 0.346757
0 0.827957 0.570529 0.815962 0.474567 0.786538 0.478245 0.798534 0.574207
0 0.947954 0.320495 0.912966 0.318974 0.908502 0.421633 0.943491 0.423154
0 0.594314 0.142666 0.583873 0.046958 0.560206 0.049540 0.570646 0.145248
0 0.659390 0.454108 0.651865 0.352524 0.626311 0.354417 0.633836 0.456001
0 0.454632 0.621029 0.434035 0.499733 0.400079 0.505500 0.420676 0.626796
0 0.928991 0.833663 0.918642 0.730167 0.887701 0.733261 0.898051 0.836757
0 0.350664 0.170601 0.327796 0.074557 0.298505 0.081532 0.321372 0.177575
0 0.749804 0.292470 0.743018 0.194070 0.722801 0.195464 0.729588 0.293865
0 0.746998 0.851206 0.736948 0.752387 0.715507 0.754567 0.725556 0.853386
0 0.928352 0.559280 0.921110 0.462714 0.894424 0.464715 0.901666 0.561281
0 0.528125 0.495312 0.473438 0.495312 0.473438 0.615625 0.528125 0.615625
0 0.351738 0.340755 0.336747 0.240816 0.313826 0.244254 0.328816 0.344193
0 0.600095 0.869607 0.589234 0.771856 0.570713 0.773914 0.581574 0.871665
0 0.600475 0.874045 0.589970 0.774247 0.561015 0.777295 0.571520 0.877093
0 0.773792 0.290798 0.765308 0.193234 0.741845 0.195274 0.750328 0.292838
0 0.132187 0.517500 0.117656 0.415781 0.095344 0.418969 0.109875 0.520687
0 0.471642 0.477229 0.456655 0.376602 0.431384 0.380366 0.446371 0.480993
0 0.276166 0.640194 0.258619 0.529067 0.243374 0.531474 0.260921 0.642601
0 0.375209 0.168423 0.353698 0.041508 0.322986 0.046713 0.344497 0.173629
0 0.289261 0.497279 0.267881 0.397508 0.246860 0.402012 0.268239 0.501784
0 0.309555 0.494651 0.289663 0.395192 0.265925 0.399940 0.285817 0.499399
0 0.700529 0.585481 0.688365 0.488173 0.644327 0.493678 0.656490 0.590986
0 0.107793 0.921704 0.097961 0.833213 0.074809 0.835785 0.084642 0.924276
0 0.613982 0.596686 0.567592 0.488443 0.546094 0.497656 0.592484 0.605900
0 0.654760 0.303702 0.642115 0.202548 0.577885 0.210577 0.590529 0.311731
0 0.903388 0.950852 0.893750 0.862500 0.874575 0.864592 0.884213 0.952944
0 0.444207 0.159904 0.432476 0.066058 0.397861 0.070385 0.409591 0.164231
0 0.176933 0.510128 0.160855 0.409638 0.108995 0.417936 0.125073 0.518426
0 0.663624 0.451338 0.648960 0.352353 0.584801 0.361858 0.599465 0.460843
0 0.553293 0.146659 0.536106 0.009159 0.505337 0.013005 0.522524 0.150505
0 0.883250 0.107028 0.876180 0.018656 0.858667 0.020057 0.865737 0.108429
0 0.754726 0.727710 0.742072 0.607496 0.720437 0.609773 0.733091 0.729987
0 0.634597 0.458454 0.630375 0.357133 0.605549 0.358167 0.609770 0.459489
0 0.318997 0.343442 0.302053 0.243899 0.278371 0.247930 0.295315 0.347473
0 0.836961 0.569876 0.826875 0.474063 0.789867 0.477958 0.799953 0.573771
0 0.565867 0.600566 0.518265 0.489494 0.486773 0.502990 0.534375 0.614062
0 0.569988 0.465008 0.559599 0.365276 0.544110 0.366890 0.554498 0.466621
0 0.067435 0.930354 0.055888 0.826429 0.031364 0.829154 0.042912 0.933079
0 0.496537 0.474678 0.484760 0.372612 0.455463 0.375992 0.467240 0.478059
0 0.877088 0.840151 0.867674 0.736603 0.834849 0.739588 0.844262 0.843135
0 0.628338 0.594240 0.597547 0.498445 0.575798 0.505435 0.606590 0.601230
0 0.393654 0.336731 0.381034 0.235769 0.357187 0.238750 0.369808 0.339712
0 0.200750 0.358375 0.186812 0.260813 0.163844 0.264094 0.177781 0.361656
0 0.139063 0.951562 0.095313 0.951562 0.095313 0.998437 0.139063 0.998437
0 0.958356 0.702712 0.948829 0.582041 0.908333 0.585239 0.917860 0.705909
0 0.552400 0.754836 0.535490 0.632706 0.503932 0.637076 0.520842 0.759206
0 0.746875 0.029688 0.709375 0.029688 0.709375 0.126563 0.746875 0.126563
0 0.895312 0.590625 0.878125 0.590625 0.878125 0.709375 0.895312 0.709375
0 0.808154 0.115805 0.798189 0.019476 0.767270 0.022675 0.777235 0.119004
0 0.710938 0.612500 0.692187 0.612500 0.692188 0.732812 0.710938 0.732812
0 0.883706 0.564886 0.873752 0.468664 0.849070 0.471217 0.859024 0.567439
0 0.297644 0.347742 0.279711 0.247317 0.263974 0.250127 0.281907 0.350552
0 0.154381 0.512220 0.135522 0.412536 0.092958 0.420589 0.111817 0.520273
0 0.364988 0.488618 0.347084 0.388356 0.330968 0.391233 0.348872 0.491496
0 0.498789 0.611938 0.471928 0.495541 0.429249 0.505390 0.456110 0.621787
0 0.695250 0.864500 0.684480 0.760388 0.656013 0.763333 0.666783 0.867445
0 0.884824 0.952924 0.875975 0.864434 0.837299 0.868301 0.846148 0.956791
0 0.086973 0.926258 0.072628 0.822256 0.051426 0.825180 0.065771 0.929182
0 0.493081 0.321923 0.479821 0.223800 0.453569 0.227347 0.466829 0.325471
0 0.374756 0.627187 0.359607 0.530237 0.337634 0.533670 0.352782 0.630620
0 0.375021 0.336994 0.357233 0.237380 0.333006 0.241707 0.350794 0.341320
0 0.508017 0.322746 0.497265 0.222391 0.480328 0.224206 0.491080 0.324561
0 0.496875 0.639062 0.456250 0.639062 0.456250 0.762500 0.496875 0.762500
0 0.573438 0.212500 0.471875 0.212500 0.471875 0.325000 0.573438 0.325000
0 0.298281 0.640156 0.279709 0.522530 0.256841 0.526140 0.275414 0.643767
0 0.595618 0.598489 0.540187 0.484709 0.514737 0.497107 0.570168 0.610888
0 0.251977 0.351969 0.231155 0.253063 0.203042 0.258981 0.223864 0.357887
0 0.421585 0.622544 0.405883 0.517868 0.389532 0.520320 0.405234 0.624996
0 0.803096 0.286780 0.788632 0.187944 0.762253 0.191804 0.776717 0.290640
0 0.963875 0.268134 0.958876 0.168150 0.938848 0.169151 0.943847 0.269136
0 0.626858 0.137962 0.616969 0.044020 0.584435 0.047444 0.594324 0.141387
0 0.244327 0.502747 0.226583 0.402202 0.181837 0.410099 0.199581 0.510644
0 0.405518 0.627004 0.388002 0.509400 0.355869 0.514186 0.373385 0.631790
0 0.864842 0.952714 0.855929 0.868044 0.829414 0.870835 0.838326 0.955505
0 0.099127 0.925039 0.082951 0.821512 0.027756 0.830136 0.043932 0.933663
0 0.545984 0.468211 0.534348 0.369305 0.510415 0.372120 0.522051 0.471027
0 0.849300 0.335880 0.792809 0.320560 0.762196 0.433445 0.818688 0.448765
0 0.798438 0.478125 0.764062 0.478125 0.764062 0.576563 0.798438 0.576563
0 0.047806 0.800036 0.031774 0.691820 0.014050 0.694446 0.030082 0.802661
0 0.645529 0.136707 0.640067 0.038399 0.614712 0.039808 0.620173 0.138115
0 0.339724 0.492368 0.319531 0.391406 0.301502 0.395012 0.321695 0.495974
0 0.591850 0.310473 0.576056 0.215709 0.559840 0.218412 0.575633 0.313176
0 0.416578 0.483575 0.405221 0.381364 0.382241 0.383918 0.393598 0.486128
0 0.331406 0.637031 0.314344 0.517594 0.292469 0.520719 0.309531 0.640156
0 0.713322 0.297994 0.701283 0.199272 0.682320 0.201584 0.694359 0.300307
0 0.704688 0.128125 0.691654 0.010823 0.668331 0.013415 0.681364 0.130716
0 0.799056 0.285876 0.789480 0.190114 0.741522 0.194910 0.751098 0.290671
0 0.845313 0.870313 0.787500 0.870313 0.787500 0.957812 0.845313 0.957812
0 0.754697 0.582882 0.739294 0.469926 0.719073 0.472683 0.734476 0.585640
0 0.522474 0.470743 0.508918 0.370043 0.483153 0.373512 0.496709 0.474211
0 0.650377 0.870637 0.638764 0.764461 0.617510 0.766786 0.629123 0.872962
0 0.224350 0.356732 0.206717 0.256811 0.184254 0.260775 0.201888 0.360696
0 0.681340 0.131036 0.674882 0.034175 0.657356 0.035343 0.663814 0.132204
0 0.436147 0.330570 0.422414 0.231696 0.399804 0.234836 0.413536 0.333710
0 0.392199 0.334451 0.377380 0.235659 0.312282 0.245423 0.327101 0.344216
0 0.578376 0.749790 0.568081 0.630365 0.540752 0.632721 0.551047 0.752146
0 0.591755 0.312299 0.581404 0.213964 0.561884 0.216019 0.572235 0.314354
0 0.580850 0.749602 0.570584 0.628966 0.539327 0.631626 0.549594 0.752262
0 0.324234 0.494620 0.306271 0.392827 0.289157 0.395847 0.307120 0.497641
0 0.943503 0.269803 0.938822 0.171514 0.913730 0.172709 0.918411 0.270998
0 0.197584 0.508998 0.178025 0.407291 0.158321 0.411080 0.177880 0.512788
0 0.096413 0.998238 0.088563 0.955063 0.073163 0.957863 0.081013 1.001038
0 0.106448 0.370103 0.094448 0.269299 0.069430 0.272278 0.081431 0.373081
0 0.919440 0.272662 0.913658 0.174380 0.890851 0.175722 0.896633 0.274003
0 0.954075 0.830903 0.943185 0.727444 0.916995 0.730201 0.927885 0.833660
0 0.716380 0.586933 0.705119 0.478829 0.686474 0.480771 0.697734 0.588875
0 0.728968 0.855668 0.718489 0.756113 0.707671 0.757252 0.718151 0.856807
0 0.860000 0.334063 0.845469 0.329219 0.811406 0.431406 0.825937 0.436250
0 0.636629 0.593255 0.616030 0.499416 0.598651 0.503231 0.619250 0.597070
0 0.437948 0.160591 0.425546 0.066334 0.393089 0.070605 0.405492 0.164861
0 0.826639 0.344436 0.811395 0.332241 0.725419 0.439710 0.740663 0.451905
0 0.070129 0.997702 0.060018 0.957261 0.044577 0.961121 0.054688 1.001563
0 0.850154 0.110839 0.840248 0.016734 0.821704 0.018686 0.831610 0.112791
0 0.693750 0.618750 0.665625 0.618750 0.665625 0.737500 0.693750 0.737500
0 0.434375 0.437500 0.415625 0.437500 0.415625 0.453125 0.434375 0.453125
0 0.467444 0.157573 0.450085 0.025647 0.418599 0.029790 0.435958 0.161716
0 0.928188 0.323399 0.896469 0.315743 0.870637 0.422762 0.902356 0.430418
0 0.926442 0.949038 0.920207 0.858628 0.896612 0.860255 0.902848 0.950666
0 0.900021 0.838117 0.887417 0.733685 0.864369 0.736466 0.876973 0.840899
0 0.772284 0.725457 0.763981 0.605070 0.743175 0.606505 0.751477 0.726892
0 0.947393 0.946327 0.937975 0.856858 0.896169 0.861259 0.905586 0.950728
0 0.819408 0.846661 0.808236 0.744244 0.766404 0.748807 0.777577 0.851225
0 0.525026 0.320557 0.514529 0.220839 0.495985 0.222791 0.506481 0.322509
0 0.353094 0.631031 0.339500 0.535875 0.315656 0.539281 0.329250 0.634437
0 0.612519 0.459658 0.605754 0.360439 0.584475 0.361889 0.591240 0.461109
0 0.873793 0.278558 0.864016 0.180786 0.843750 0.182812 0.853527 0.280585
0 0.794173 0.724109 0.786115 0.607261 0.764344 0.608763 0.772402 0.725610
0 0.592405 0.463332 0.583261 0.362743 0.560015 0.364857 0.569160 0.465446
0 0.944369 0.099938 0.934112 -0.002630 0.897602 0.001021 0.907859 0.103589
0 0.406672 0.163471 0.390667 0.067441 0.357981 0.072889 0.373986 0.168919
0 0.669012 0.740400 0.664792 0.618024 0.639821 0.618885 0.644041 0.741262
0 0.182392 0.360397 0.162740 0.262139 0.129387 0.268810 0.149038 0.367067
0 0.648969 0.738690 0.640490 0.619987 0.627498 0.620915 0.635977 0.739618
0 0.657548 0.590116 0.640818 0.496007 0.613117 0.500932 0.629848 0.595041
0 0.675456 0.302343 0.663715 0.201707 0.640232 0.204447 0.651973 0.305082
0 0.780505 0.851851 0.767548 0.748197 0.735048 0.752260 0.748005 0.855913
0 0.886071 0.105888 0.876162 0.016711 0.840492 0.020675 0.850400 0.109851
0 0.819708 0.721519 0.815508 0.599735 0.785264 0.600778 0.789463 0.722562
0 0.669137 0.131993 0.659669 0.037314 0.634143 0.039867 0.643611 0.134545
0 0.455780 0.761010 0.438114 0.646180 0.407352 0.650912 0.425018 0.765742
0 0.618238 0.309974 0.607349 0.209799 0.581130 0.212649 0.592019 0.312824
0 0.854183 0.280337 0.841971 0.182644 0.818125 0.185625 0.830337 0.283317
0 0.770312 0.465625 0.739062 0.465625 0.739062 0.582813 0.770312 0.582813
0 0.721798 0.860164 0.711448 0.756668 0.682983 0.759514 0.693332 0.863011
0 0.832908 0.569721 0.823652 0.475316 0.794551 0.478169 0.803806 0.572574
0 0.779325 0.120179 0.769150 0.028601 0.734680 0.032431 0.744855 0.124009
0 0.878860 0.331434 0.842096 0.322243 0.814706 0.431801 0.851471 0.440993
0 0.136900 0.512684 0.123990 0.415864 0.108433 0.417938 0.121343 0.514758
0 0.445187 0.480375 0.430531 0.377781 0.401875 0.381875 0.416531 0.484469
0 0.500000 0.054688 0.470313 0.054688 0.470313 0.154688 0.500000 0.154688
0 0.550796 0.879439 0.540248 0.779234 0.523249 0.781023 0.533797 0.881229
0 0.956098 0.320122 0.923857 0.316540 0.912348 0.420122 0.944588 0.423704
0 0.415098 0.334071 0.401271 0.233823 0.378641 0.236944 0.392468 0.337192
0 0.865414 0.565921 0.849493 0.470397 0.820608 0.475211 0.836529 0.570735
0 0.845789 0.843350 0.834280 0.739768 0.807870 0.742702 0.819379 0.846284
0 0.479267 0.758834 0.456250 0.643750 0.434315 0.648137 0.457332 0.763221
0 0.523756 0.149358 0.507262 0.020704 0.482193 0.023918 0.498687 0.152572
0 0.456096 0.328130 0.442342 0.227709 0.419388 0.230853 0.433143 0.331274
0 0.548774 0.316712 0.535006 0.214348 0.511035 0.217573 0.524803 0.319937
0 0.828161 0.282796 0.820434 0.181668 0.792385 0.183812 0.800112 0.284939
0 0.722401 0.126243 0.712420 0.031280 0.688741 0.033769 0.698722 0.128732
0 0.948579 0.556295 0.942989 0.460726 0.919760 0.462084 0.925350 0.557654
0 0.846052 0.718750 0.841710 0.594618 0.815769 0.595525 0.820111 0.719658
0 0.636834 0.742570 0.627522 0.620862 0.600994 0.622891 0.610305 0.744600
0 0.518982 0.753845 0.504396 0.637401 0.483204 0.640056 0.497791 0.756500
