0 0.058454873437500034 0.21626351718749998 2.6499251584836096e-17 0.21626351718749998 6.748566301609916e-17 0.8856224125000001 0.058454873437500075 0.8856224125000001
0 0.11523620167956931 0.2910436082150253 0.027408315573876296 0.28797295368740256 0.007056874150383174 0.8700716767283894 0.0948847602560762 0.8731423312560119
0 0.37762940891175917 0.31368481499179407 0.3413227397155609 0.22575986144026494 0.053975566644970344 0.3444135352351855 0.09028223584116864 0.4323384887867146
0 0.10924487584568254 0.8729944715856467 0.0892266347295897 0.3911641586360802 0.04704819730119687 0.392916514408744 0.06706643841728972 0.8747468273583104
0 0.15850523964956825 0.8698728248816694 0.1386475437507001 0.39786602336359944 0.0874972575691979 0.4000179559731838 0.10735495346806609 0.872024757491254
0 0.17975545501356596 0.8650931927910841 0.16052077045694246 0.3959726814281147 0.1365875013747307 0.3969539833964888 0.1558221859313542 0.8660744947594582
0 0.2271867263516461 0.8601842159233261 0.20967869881065776 0.36692685418658355 0.1582594303125313 0.3687519662656672 0.17576745785351966 0.8620093280024097
0 0.2439200554940316 0.8604471504423874 0.22733812837991535 0.3966810777546804 0.2085400423871026 0.3973532021513859 0.22512196950121882 0.8611192748390929
0 0.2555335072121837 0.8569051804417713 0.23417002551914065 0.3310566697582935 0.21803256033327284 0.3317122814697773 0.23939604202631587 0.8575607921532551
0 0.25594881964879657 0.8595239999457542 0.23909240459498834 0.32796758998245 0.22533813229966704 0.32840375765577184 0.2421945473534753 0.859960167619076
0 0.273647289221099 0.8688182893081349 0.2524928873820397 0.3296385586737934 0.2337023753167208 0.33037579344061924 0.25485677715578015 0.8695555240749607
0 0.27933870109552666 0.45117381683154933 0.27600406692758117 0.3307794010773928 0.25064568888548416 0.33148176682528196 0.25398032305342966 0.4518761825794385
0 0.296885450495885 0.8432331699848289 0.2919800942362476 0.7730831793750113 0.286134991367463 0.7734919080390691 0.29104034762710046 0.8436418986488865
0 0.29502738467463 0.7651935807568429 0.28078021682327725 0.36672644024459294 0.27155851477702897 0.36705616162829136 0.28580568262838174 0.7655233021405413
0 0.34304572288558377 0.3441072068301795 0.29781376830268796 0.3434815338875917 0.29064311040783664 0.8618719742475089 0.3358750649907324 0.8624976471900968
0 0.3627678671170057 0.8579923520884257 0.35181013610836015 0.43220601623235017 0.32266615075242283 0.43295604488559053 0.3336238817610684 0.8587423807416661
0 0.3879118916925459 0.8559801840470523 0.37575300507037157 0.44111817395411956 0.34844341839592335 0.44191857061612927 0.36060230501809765 0.8567805807090622
0 0.795338101660042 0.2297319494321405 0.7678635666973574 0.1718097657955604 0.3349452917347653 0.3771581752421481 0.36241982669745 0.4350803588787282
0 0.3993026789664718 0.857422831817717 0.3932352145977195 0.44550658926327447 0.3742518672389036 0.4457862111179141 0.38031933160765596 0.8577024536723565
0 0.4229240927315123 0.858736465695676 0.4124447549205203 0.5011807655507455 0.38734945924126085 0.5019162651687996 0.39782879705225294 0.8594719653137302
0 0.44374636952745394 0.8571962424031281 0.43218795347315336 0.49986690094037717 0.40955944853307125 0.5005988578340193 0.42111786458737177 0.8579281992967702
0 0.4706862597311211 0.873617226822818 0.45364333597384493 0.3861497804695923 0.42556166443397475 0.38713157687591904 0.4426045881912509 0.8745990232291447
0 0.49102638459063835 0.8537841199508902 0.47660469757125645 0.4444316783257669 0.45289563115447484 0.44526696034833685 0.46731731817385674 0.8546194019734601
0 0.5042767400071829 0.8500863650312633 0.48943128159158295 0.4435012758284082 0.47274160651670893 0.44411065842475395 0.48758706493230897 0.8506957476276092
0 0.5042143405148025 0.4762702890491032 0.4998540156679564 0.41391474123930483 0.4842670765838477 0.41500468624278747 0.48862740143069383 0.4773602340525859
0 0.543329517497656 0.8449989823722879 0.526712517428577 0.4279786794448972 0.49885653761801646 0.4290886561419237 0.5154735376870955 0.8461089590693145
0 0.5699716836127846 0.8431857675879149 0.5531059282312938 0.415569818030779 0.5244779951269618 0.4166989426981713 0.5413437505084526 0.8443148922553073
0 0.585603729261732 0.8417256288386831 0.567326500519989 0.38841802201037684 0.5496166988507356 0.38913207597991994 0.5678939275924786 0.8424396828082262
0 0.6079495333403879 0.8353444148414784 0.5943941146803706 0.44143940163230805 0.5673447981056381 0.4423702473904023 0.5809002167656554 0.8362752605995727
0 0.6444988668394027 0.842977212081767 0.628105404045175 0.4182363466366814 0.5923422067625339 0.41961667683740567 0.6087356695567616 0.8443575422824912
0 0.6751385015360073 0.8410438471417727 0.6578059638770647 0.42385728029055675 0.626080123371185 0.4251753700111346 0.6434126610301276 0.8423619368623507
0 0.6901433020416431 0.8369539475742969 0.6745646165479109 0.48279994400919274 0.6580182647811904 0.4835277923679507 0.6735969502749226 0.8376817959330547
0 0.7083258006087756 0.8356237174764042 0.6911572895948616 0.4894061852138938 0.6717067269073161 0.4903707152235259 0.6888752379212302 0.8365882474860362
0 0.7425666441058294 0.8329549214033511 0.713134450401548 0.41205498065091317 0.6546834308248104 0.4161422744797501 0.6841156245290917 0.8370422152321881
0 0.7885946162769476 0.8486362474566824 0.7668086837926646 0.3928352746340991 0.7259071581627075 0.3947902460558588 0.7476930906469904 0.8505912188784424
0 0.8162613384933948 0.8334894616701215 0.7932329012991368 0.3882228053700594 0.7605670984348174 0.3899122253592221 0.7835955356290754 0.8351788816592842
0 0.8713808828789109 0.8273163177764793 0.8463604640258083 0.35862721842893464 0.7900009205985528 0.36163590667212736 0.8150213394516552 0.8303250060196721
0 0.8910399904163662 0.830614398004981 0.867268572745893 0.3099856126557027 0.8454353135273429 0.310982498610911 0.869206731197816 0.8316112839601895
0 0.90125147616468 0.8298794056850418 0.8757614713838328 0.31195997221633187 0.8630573669182304 0.31258521943170625 0.8885473716990777 0.8305046529004162
0 0.9112501561071523 0.8265935419764958 0.8865775402686931 0.30862429820045834 0.8725199862823597 0.3092939067405422 0.8971926021208191 0.8272631505165796
0 0.9303920971636879 0.8280061529832586 0.9036518885005694 0.3048388076038515 0.8827356052832093 0.30590788384232254 0.9094758139463277 0.8290752292217297
0 0.945158641755557 0.8293505738666719 0.9193769865135876 0.3167442927267109 0.9017226569951594 0.31763222144299585 0.9275043122371288 0.8302385025829568