0 0.198438 0.670312 0.146875 0.670312 0.146875 0.890625 0.198438 0.890625
0 0.784375 0.006250 0.740625 0.006250 0.740625 0.215625 0.784375 0.215625
0 0.462500 0.665625 0.378125 0.665625 0.378125 0.881250 0.462500 0.881250
0 0.846875 0.656250 0.807813 0.656250 0.807813 0.870313 0.846875 0.870313
0 0.981250 0.000000 0.906250 0.000000 0.906250 0.212500 0.981250 0.212500
0 0.539957 0.602946 0.529361 0.364528 0.496267 0.365999 0.506863 0.604417
0 0.573438 0.981250 0.546875 0.981250 0.546875 1.000000 0.573438 1.000000
0 0.912500 0.334375 0.854688 0.334375 0.854688 0.596875 0.912500 0.596875
0 0.336014 0.610637 0.331832 0.370194 0.294615 0.370841 0.298797 0.611285
0 0.028916 0.616283 0.020698 0.382086 -0.005092 0.382991 0.003125 0.617187
0 0.371368 0.607594 0.365375 0.364860 0.328649 0.365766 0.334643 0.608500
0 0.115964 0.889249 0.097179 0.671337 0.050409 0.675369 0.069194 0.893281
0 0.493694 0.604606 0.489494 0.365234 0.459049 0.365768 0.463248 0.605140
0 0.889673 0.992161 0.888809 0.972294 0.849820 0.973989 0.850684 0.993856
0 0.645527 0.601423 0.641451 0.367037 0.582081 0.368070 0.586157 0.602455
0 0.492330 0.220247 0.490225 0.013971 0.437090 0.014513 0.439195 0.220789
0 0.848437 0.000000 0.784375 0.000000 0.784375 0.212500 0.848437 0.212500
0 0.195521 0.226333 0.185497 0.012472 0.145277 0.014357 0.155302 0.228218
0 0.893750 0.656250 0.842187 0.656250 0.842187 0.868750 0.893750 0.868750
0 0.234577 0.226188 0.224680 0.014399 0.184216 0.016290 0.194113 0.228079
0 0.425302 0.607209 0.417080 0.368754 0.362673 0.370630 0.370895 0.609086
0 0.051563 0.021875 0.000000 0.021875 0.000000 0.231250 0.051563 0.231250
0 0.928368 0.868664 0.924673 0.656174 0.884467 0.656873 0.888163 0.869363
0 0.342188 0.667188 0.287500 0.667188 0.287500 0.884375 0.342188 0.884375
0 0.979755 0.881226 0.976446 0.652900 0.952946 0.653241 0.956255 0.881567
0 0.665595 0.874863 0.661829 0.660182 0.612283 0.661051 0.616049 0.875733
0 0.069294 0.891533 0.049109 0.673178 0.006746 0.677094 0.026930 0.895449
0 0.339363 0.224343 0.332148 0.015109 0.286997 0.016666 0.294212 0.225900
0 0.303524 0.610381 0.293468 0.348929 0.237482 0.351082 0.247537 0.612535
0 0.297273 0.885716 0.287830 0.668532 0.238535 0.670675 0.247978 0.887860
0 0.158800 0.902295 0.146056 0.671071 0.097777 0.673732 0.110522 0.904956
0 0.158202 0.227121 0.146134 0.015935 0.080633 0.019678 0.092701 0.230864
0 0.094246 0.227177 0.081934 0.017883 0.008200 0.022220 0.020512 0.231514
0 0.993750 0.000000 0.979688 0.000000 0.979688 0.209375 0.993750 0.209375
0 0.252438 0.610824 0.227980 0.347227 0.163618 0.353198 0.188076 0.616796
0 0.029103 0.891173 0.011454 0.683799 -0.009769 0.685605 0.007880 0.892980
0 0.186838 0.612178 0.176235 0.376802 0.138952 0.378482 0.149554 0.613857
0 0.760386 0.599642 0.752218 0.362747 0.692967 0.364790 0.701136 0.601685
0 0.957674 0.868575 0.951561 0.654643 0.922389 0.655476 0.928501 0.869409
0 0.689063 0.007813 0.625000 0.007813 0.625000 0.217188 0.689063 0.217188
0 0.296940 0.222965 0.283644 0.001356 0.221026 0.005113 0.234322 0.226722
0 0.151000 0.613607 0.138730 0.376391 0.070110 0.379940 0.082380 0.617156
0 0.998437 0.357813 0.962500 0.357813 0.962500 0.593750 0.998437 0.593750
0 0.080112 0.616092 0.069906 0.379314 0.018116 0.381547 0.028322 0.618324
0 0.018750 0.053125 0.000000 0.053125 0.000000 0.187500 0.018750 0.187500
0 0.908046 0.210756 0.906192 0.001231 0.850126 0.001727 0.851980 0.211252
0 0.998437 0.653125 0.968750 0.653125 0.968750 0.884375 0.998437 0.884375
0 0.617637 0.874931 0.613520 0.660828 0.583843 0.661398 0.587960 0.875502
0 0.861140 0.598166 0.852257 0.336099 0.803266 0.337760 0.812150 0.599826
0 0.931250 0.973437 0.890625 0.973437 0.890625 0.992188 0.931250 0.992188
0 0.586307 0.602991 0.580102 0.369264 0.533758 0.370495 0.539963 0.604221
0 0.550197 0.876725 0.543566 0.661208 0.492004 0.662794 0.498636 0.878311
0 0.441175 0.222477 0.435353 0.001208 0.356460 0.003284 0.362283 0.224553
0 0.964100 0.595034 0.961863 0.331123 0.909020 0.331571 0.911257 0.595482
0 0.587732 0.876188 0.584105 0.662213 0.545028 0.662876 0.548654 0.876850
0 0.090858 0.228774 0.085978 0.018931 -0.003363 0.021008 0.001517 0.230851
0 0.766184 0.874011 0.758731 0.657889 0.706799 0.659679 0.714252 0.875802
0 0.461082 0.604597 0.456662 0.368158 0.417701 0.368886 0.422121 0.605325
0 0.497587 0.896283 0.493313 0.665488 0.454438 0.666208 0.458712 0.897003
0 0.554428 0.217785 0.550742 0.003947 0.489822 0.004998 0.493509 0.218835
0 0.811843 0.871508 0.809131 0.657321 0.760880 0.657932 0.763591 0.872118
0 0.628941 0.217611 0.622702 -0.000738 0.549280 0.001360 0.555518 0.219708
0 0.252575 0.886277 0.236621 0.669297 0.184696 0.673115 0.200650 0.890095
0 0.700291 0.601157 0.695371 0.369946 0.641107 0.371100 0.646027 0.602312
0 0.740625 0.000000 0.690625 0.000000 0.690625 0.215625 0.740625 0.215625
0 0.365894 0.221641 0.355540 0.002127 0.328830 0.003387 0.339185 0.222901
0 0.812881 0.598258 0.803611 0.336377 0.755620 0.338075 0.764891 0.599957
0 0.714408 0.875953 0.710634 0.660833 0.662184 0.661683 0.665958 0.876803
0 0.387534 0.889935 0.375130 0.664600 0.319050 0.667687 0.331454 0.893022
