0 0.127344 0.775781 0.106781 0.772844 0.086094 0.917656 0.106656 0.920594
0 0.103125 0.481250 0.001563 0.481250 0.001563 0.695312 0.103125 0.695312
0 0.154258 0.779005 0.123246 0.774870 0.103432 0.923478 0.134443 0.927613
0 0.896685 0.342639 0.864749 0.337726 0.832415 0.547896 0.864352 0.552809
0 0.468216 0.000114 0.423800 -0.004821 0.408194 0.135633 0.452611 0.140568
0 0.186724 0.784337 0.153182 0.779305 0.130673 0.929367 0.164215 0.934398
0 0.782144 0.318294 0.744361 0.311723 0.707193 0.525436 0.744977 0.532007
0 0.111537 0.773396 0.040676 0.763476 0.020530 0.907374 0.091391 0.917295
0 0.767554 0.047555 0.738214 0.043154 0.715063 0.197494 0.744403 0.201895
0 0.786827 0.599488 0.752046 0.593878 0.721113 0.785663 0.755893 0.791273
0 0.633508 0.848433 0.604979 0.843855 0.580236 0.998024 0.608764 1.002603
0 0.820005 0.059809 0.795936 0.056105 0.772381 0.209212 0.796451 0.212915
0 0.549179 0.555499 0.507483 0.549813 0.480109 0.750555 0.521805 0.756240
0 0.179423 0.000553 0.128846 -0.005769 0.118822 0.074423 0.169399 0.080745
0 0.422063 0.817437 0.371094 0.810156 0.346750 0.980562 0.397719 0.987844
0 0.371739 0.000161 0.336052 -0.003879 0.322387 0.116833 0.358073 0.120873
0 0.600204 0.285380 0.557926 0.278091 0.521002 0.492252 0.563279 0.499542
0 0.558368 0.273606 0.510117 0.265468 0.473292 0.483786 0.521543 0.491924
0 0.182502 0.000289 0.158675 -0.002155 0.150505 0.077496 0.174333 0.079940
0 0.712792 0.860832 0.656167 0.850923 0.630518 0.997489 0.687143 1.007398
0 0.809840 0.873775 0.792610 0.870904 0.771368 0.998353 0.788598 1.001225
0 0.647803 0.567280 0.598762 0.562376 0.578218 0.767822 0.627259 0.772726
0 0.992803 0.363307 0.955914 0.356946 0.920406 0.562893 0.957295 0.569253
0 0.603979 0.562089 0.577688 0.558718 0.551643 0.761869 0.577934 0.765240
0 0.691811 0.578579 0.646588 0.573818 0.625527 0.773904 0.670749 0.778664
0 1.009889 0.103859 0.968084 0.096482 0.941941 0.244626 0.983746 0.252003
0 0.004688 0.748437 -0.076562 0.748437 -0.076562 0.892188 0.004688 0.892188
0 0.919822 0.345712 0.893213 0.341865 0.862703 0.552891 0.889312 0.556738
0 0.513884 0.831335 0.468195 0.823152 0.436968 0.997503 0.482657 1.005686
0 0.830294 0.875300 0.807353 0.871599 0.786950 0.998097 0.809892 1.001797
0 0.970888 0.094601 0.934153 0.087512 0.905383 0.236593 0.942118 0.243682
0 0.132512 0.001502 0.101863 -0.004627 0.087921 0.065084 0.118570 0.071214
0 0.897707 0.078179 0.870313 0.073438 0.844182 0.224414 0.871577 0.229155
0 0.039303 0.763060 0.000000 0.759375 -0.013051 0.898581 0.026252 0.902266
0 0.043626 0.472115 0.005775 0.468452 -0.014686 0.679879 0.023165 0.683542
0 0.956085 0.354806 0.919164 0.348796 0.885309 0.556765 0.922230 0.562776
0 0.215219 0.210656 0.170594 0.204281 0.139094 0.424781 0.183719 0.431156
0 0.466605 0.823664 0.421439 0.817465 0.397479 0.992025 0.442646 0.998225
0 0.515625 0.000000 0.468917 -0.006274 0.448943 0.142419 0.495651 0.148693
0 0.398916 0.239216 0.364681 0.233422 0.326928 0.456504 0.361164 0.462298
0 0.795763 0.870963 0.784625 0.868938 0.761400 0.996675 0.772537 0.998700
0 0.429223 0.249055 0.391954 0.243370 0.358594 0.462063 0.395863 0.467748
0 0.275357 0.506621 0.216682 0.498396 0.187316 0.707874 0.245991 0.716100
0 0.333319 0.229537 0.288994 0.222423 0.253467 0.443786 0.297792 0.450899
0 0.799195 0.055219 0.766798 0.049665 0.740383 0.203753 0.772780 0.209307
0 0.004688 0.471875 0.000000 0.471875 0.000000 0.518750 0.004688 0.518750
0 0.827574 0.329682 0.780332 0.321345 0.743257 0.531439 0.790499 0.539776
0 0.868035 0.333806 0.825051 0.326873 0.790584 0.540568 0.833568 0.547501
0 0.469810 0.256951 0.428075 0.250312 0.393252 0.469203 0.434987 0.475843
0 0.746071 0.863819 0.695583 0.856051 0.673853 0.997299 0.724341 1.005067
0 0.216829 0.499294 0.164011 0.492294 0.136540 0.699572 0.189359 0.706572
0 0.288994 0.225458 0.244449 0.218777 0.211866 0.435999 0.256410 0.442680
0 0.673406 0.023656 0.629219 0.017344 0.606563 0.175938 0.650750 0.182250
0 0.422933 0.536599 0.371759 0.529776 0.344767 0.732219 0.395940 0.739042
0 0.978914 0.648991 0.935195 0.638704 0.919129 0.706983 0.962848 0.717269
0 0.336889 0.000098 0.279203 -0.005819 0.267622 0.107096 0.325308 0.113012
0 0.510034 0.265246 0.468705 0.258887 0.435052 0.477628 0.476382 0.483987
0 0.550445 0.000639 0.517048 -0.005342 0.489136 0.150503 0.522533 0.156484
0 0.582348 0.840287 0.553209 0.835431 0.526140 0.997846 0.555279 1.002703
0 0.558719 0.838814 0.510752 0.830004 0.480015 0.997350 0.527982 1.006160
0 0.372308 0.524663 0.324808 0.518726 0.299087 0.724495 0.346587 0.730433
0 0.279687 0.000000 0.226356 -0.005161 0.216609 0.095559 0.269940 0.100720
0 0.886112 0.617676 0.856124 0.612140 0.821311 0.800713 0.851298 0.806249
0 0.581035 0.555814 0.547302 0.551414 0.520449 0.757287 0.554182 0.761687
0 0.906024 0.620999 0.879841 0.616971 0.850741 0.806124 0.876924 0.810152
0 0.934314 0.084054 0.891635 0.078364 0.871247 0.231270 0.913926 0.236961
0 0.215515 0.788068 0.182068 0.784245 0.164497 0.937996 0.197944 0.941819
0 0.934459 0.626056 0.905068 0.621157 0.873606 0.809924 0.902998 0.814823
0 0.507663 0.545768 0.464359 0.540519 0.439540 0.745276 0.482844 0.750525
0 0.787640 0.870520 0.747363 0.862774 0.721351 0.998036 0.761628 1.005782
0 0.085000 0.911250 0.077500 0.907500 0.074375 0.913750 0.081875 0.917500
0 0.818296 0.607128 0.783458 0.602047 0.755429 0.794249 0.790267 0.799329
0 0.224752 0.000101 0.176838 -0.003585 0.169954 0.085910 0.217868 0.089596
0 0.720939 0.582936 0.690499 0.579443 0.667644 0.778613 0.698083 0.782106
0 0.585281 0.006156 0.542406 0.000031 0.519844 0.157969 0.562719 0.164094
0 0.704327 0.307507 0.661533 0.298833 0.618987 0.508726 0.661781 0.517401
0 0.654010 0.852059 0.629353 0.848266 0.606358 0.997733 0.631015 1.001526
0 0.425324 0.000210 0.369931 -0.005945 0.355297 0.125762 0.410690 0.131917
0 0.161775 0.492216 0.107869 0.487388 0.089283 0.694936 0.143188 0.699763
0 0.362085 0.234816 0.326734 0.229995 0.296507 0.451654 0.331859 0.456475
0 0.135409 0.184291 0.107174 0.180543 0.076494 0.411661 0.104730 0.415409
0 0.316240 0.802783 0.272522 0.796821 0.250615 0.957470 0.294333 0.963432
0 0.325866 0.497874 0.275128 0.491661 0.247523 0.717107 0.298261 0.723320
0 0.607585 0.844559 0.579872 0.839808 0.552736 0.998103 0.580448 1.002854
0 0.859671 0.881039 0.829012 0.875929 0.808615 0.998311 0.839274 1.003421
0 0.633373 0.290278 0.597611 0.284205 0.561107 0.499174 0.596869 0.505247
0 0.630442 0.013739 0.584144 0.007426 0.562265 0.167866 0.608564 0.174179
0 1.019721 0.366047 0.991090 0.361275 0.956419 0.569299 0.985051 0.574071
0 0.749830 0.593284 0.716339 0.589457 0.694023 0.784719 0.727514 0.788546
0 0.874451 0.072044 0.841005 0.066470 0.815667 0.218497 0.849113 0.224071
0 0.998437 0.168750 0.985938 0.168750 0.985938 0.254688 0.998437 0.254688
0 0.079173 0.176003 0.049350 0.171414 0.014090 0.400605 0.043913 0.405193
0 0.711844 0.032719 0.671375 0.026938 0.648937 0.184000 0.689406 0.189781
0 0.855693 0.610236 0.817448 0.604706 0.789661 0.796905 0.827905 0.802434
0 0.664063 0.295313 0.630870 0.289780 0.594848 0.505912 0.628041 0.511444
0 0.108838 0.189562 0.075371 0.184604 0.042628 0.405621 0.076095 0.410579
0 0.744495 0.315573 0.699124 0.307566 0.662049 0.517659 0.707419 0.525666
0 0.372112 0.809107 0.312004 0.802302 0.292987 0.970285 0.353095 0.977090
0 0.845618 0.065487 0.818102 0.060540 0.790598 0.213531 0.818114 0.218478
0 0.245497 0.211319 0.212998 0.206794 0.181511 0.432928 0.214010 0.437453
0 0.466961 0.540006 0.423271 0.534276 0.396425 0.738978 0.440115 0.744708
