0 0.187088 0.759502 0.163449 0.744776 0.054079 0.920343 0.077718 0.935069
0 1.046057 0.216550 0.992752 0.182282 0.821920 0.448020 0.875226 0.482288
0 0.548300 0.813146 0.522819 0.794312 0.394000 0.968595 0.419482 0.987429
0 0.101483 0.443853 0.089911 0.443046 0.073858 0.673140 0.085430 0.673947
0 0.386956 0.788945 0.356766 0.767033 0.232146 0.938730 0.262336 0.960642
0 0.615093 0.210122 0.590452 0.200953 0.509276 0.419113 0.533917 0.428282
0 0.793323 0.549995 0.770328 0.536331 0.644818 0.747555 0.667813 0.761219
0 1.020955 0.309157 0.994965 0.291374 0.878723 0.461265 0.904714 0.479048
0 0.894231 0.212287 0.864383 0.194650 0.719614 0.439644 0.749462 0.457281
0 0.243865 0.105276 0.186616 0.097213 0.147227 0.376876 0.204476 0.384939
0 0.814004 0.555217 0.794431 0.543020 0.662161 0.755269 0.681733 0.767466
0 1.026800 0.387023 0.993853 0.360351 0.913583 0.459508 0.946530 0.486179
0 0.926661 0.216031 0.894674 0.196495 0.743610 0.443843 0.775596 0.463378
0 0.659058 0.827006 0.635557 0.810220 0.516153 0.977386 0.539654 0.994172
0 1.009354 0.578013 0.976795 0.555628 0.823976 0.777909 0.856536 0.800294
0 0.348614 0.471256 0.303833 0.458461 0.236557 0.693927 0.281338 0.706722
0 0.424103 0.140863 0.394896 0.133261 0.326234 0.397068 0.355441 0.404670
0 0.516702 0.806613 0.489369 0.786676 0.359648 0.964519 0.386981 0.984456
0 0.772092 0.192393 0.725217 0.170518 0.606501 0.424909 0.653376 0.446784
0 0.054248 0.438352 0.031333 0.437286 0.020534 0.669451 0.043450 0.670517
0 0.299132 0.075469 0.248559 0.067937 0.201646 0.382925 0.252219 0.390457
0 0.149247 0.431935 0.100461 0.427612 0.078203 0.678804 0.126990 0.683127
0 0.460994 0.515943 0.429600 0.502208 0.345256 0.694995 0.376650 0.708730
0 0.862731 0.855942 0.824015 0.823448 0.679489 0.995648 0.718205 1.028142
0 0.673900 0.510245 0.635005 0.491870 0.520632 0.733960 0.559527 0.752335
0 0.510129 0.156944 0.471166 0.144142 0.386509 0.401795 0.425472 0.414597
0 0.187828 0.087468 0.133864 0.080229 0.095002 0.369928 0.148966 0.377167
0 0.928125 0.590625 0.904327 0.574760 0.771875 0.773438 0.795673 0.789303
0 0.522546 0.504501 0.506014 0.497094 0.407358 0.717309 0.423890 0.724715
0 0.088523 0.745389 0.057054 0.727747 -0.030730 0.884335 0.000739 0.901977
0 0.364087 0.135745 0.292163 0.126755 0.259351 0.389255 0.331274 0.398245
0 1.005738 0.653740 0.974539 0.627741 0.851844 0.774974 0.883043 0.800973
0 0.289195 0.775096 0.265161 0.757652 0.144987 0.923226 0.169020 0.940670
0 0.805777 0.177800 0.779688 0.165625 0.653427 0.436183 0.679516 0.448358
0 0.969688 0.568438 0.937864 0.549067 0.797623 0.779463 0.829446 0.798834
0 1.022770 0.587441 0.980684 0.556833 0.828590 0.765963 0.870676 0.796571
0 0.980168 0.746154 0.961418 0.733654 0.926562 0.785937 0.945312 0.798438
0 0.597369 0.821531 0.562013 0.794363 0.426018 0.971342 0.461375 0.998510
0 0.960579 0.959565 0.930279 0.937922 0.887204 0.998226 0.917504 1.019869
0 0.637465 0.827119 0.604049 0.802766 0.474401 0.980655 0.507817 1.005009
0 0.133250 0.753946 0.096729 0.732398 -0.009122 0.911806 0.027400 0.933353
0 0.268990 0.771514 0.240144 0.752284 0.125240 0.924639 0.154087 0.943870
0 0.018750 0.434375 0.000000 0.434375 0.000000 0.665625 0.018750 0.665625
0 0.431183 0.456960 0.371513 0.428627 0.246157 0.692634 0.305827 0.720966
0 0.801089 0.847420 0.784271 0.834052 0.655840 0.995627 0.672658 1.008995
0 0.430162 0.503665 0.399340 0.491108 0.318276 0.690085 0.349097 0.702642
0 0.881287 0.565404 0.843417 0.537753 0.686567 0.752568 0.724438 0.780220
0 0.018750 0.493750 -0.026562 0.493750 -0.026562 0.665625 0.018750 0.665625
0 0.732435 0.154849 0.696067 0.140302 0.581519 0.426670 0.617888 0.441218
0 0.090313 0.438950 0.053309 0.437216 0.042291 0.672270 0.079295 0.674005
0 0.222419 0.458516 0.192527 0.454696 0.162896 0.686517 0.192788 0.690338
0 0.193455 0.446505 0.147879 0.441398 0.120802 0.683015 0.166377 0.688123
0 0.900016 0.205687 0.874498 0.191784 0.736329 0.445386 0.761847 0.459288
0 0.952417 0.869415 0.930529 0.848569 0.793601 0.992344 0.815489 1.013189
0 0.311291 0.778449 0.288157 0.762621 0.170805 0.934136 0.193939 0.949965
0 0.527813 0.183750 0.502969 0.175469 0.424844 0.409844 0.449688 0.418125
0 0.482247 0.803117 0.452301 0.780475 0.325212 0.948560 0.355158 0.971202
0 0.998437 0.420313 0.960938 0.420313 0.960938 0.478125 0.998437 0.478125
0 0.033353 0.436141 0.014495 0.435575 0.007561 0.666711 0.026419 0.667277
0 0.048438 0.731250 0.000000 0.731250 0.000000 0.829688 0.048438 0.829688
0 0.907668 0.210409 0.881082 0.195216 0.737716 0.446106 0.764303 0.461298
0 0.065625 0.107813 0.050094 0.105594 0.014219 0.356719 0.029750 0.358937
0 1.015528 0.352237 0.998213 0.338889 0.903302 0.462018 0.920617 0.475365
0 0.974226 0.897760 0.944690 0.871916 0.838219 0.993598 0.867754 1.019441
0 0.594063 0.518125 0.559687 0.500938 0.450312 0.719688 0.484687 0.736875
0 0.631199 0.503392 0.599771 0.488774 0.487874 0.729353 0.519302 0.743970
0 0.468963 0.152253 0.424464 0.138499 0.344368 0.397634 0.388866 0.411388
0 0.769588 0.851296 0.736052 0.824466 0.602973 0.990816 0.636509 1.017645
0 0.728171 0.838106 0.685898 0.813055 0.581888 0.988572 0.624161 1.013623
0 0.497754 0.519445 0.465290 0.505176 0.380671 0.697685 0.413135 0.711955
0 0.980300 0.218659 0.960627 0.205351 0.795464 0.449505 0.815137 0.462813
0 0.550576 0.506809 0.524794 0.494817 0.421373 0.717172 0.447155 0.729164
0 0.395972 0.140179 0.360294 0.130990 0.292793 0.393054 0.328470 0.402243
0 0.443313 0.796938 0.403563 0.767125 0.268563 0.947125 0.308313 0.976938
0 0.131453 0.078115 0.058095 0.071322 0.031053 0.363379 0.104411 0.370171
0 0.685951 0.832013 0.664166 0.815875 0.539194 0.984588 0.560979 1.000725
0 0.722337 0.838366 0.694735 0.816975 0.562624 0.987440 0.590226 1.008831
0 0.601169 0.171845 0.540203 0.149265 0.443776 0.409616 0.504742 0.432196
0 0.768678 0.541923 0.745457 0.528654 0.624207 0.740841 0.647428 0.754111
0 0.657343 0.209566 0.611868 0.192634 0.526959 0.420676 0.572433 0.437608
0 0.162203 0.756442 0.136222 0.740326 0.032709 0.907214 0.058690 0.923329
0 0.951971 0.216303 0.923269 0.198102 0.766112 0.445926 0.794814 0.464127
0 0.741877 0.537607 0.713120 0.521960 0.594881 0.739264 0.623637 0.754911
0 0.873772 0.181503 0.834725 0.158976 0.676230 0.433702 0.715276 0.456229
0 0.341377 0.452273 0.241269 0.410447 0.134220 0.666662 0.234328 0.708488
0 0.669301 0.211857 0.621140 0.199816 0.564522 0.426287 0.612684 0.438327
0 0.234976 0.768630 0.195673 0.742428 0.079087 0.917308 0.118389 0.943510
0 1.000724 0.695579 0.974809 0.674848 0.890816 0.779840 0.916730 0.800572
0 0.915946 0.567501 0.880728 0.543322 0.736031 0.754076 0.771249 0.778255
0 0.781145 0.844511 0.761890 0.829699 0.634102 0.995824 0.653357 1.010635
0 0.346431 0.784749 0.319219 0.765096 0.197715 0.933332 0.224927 0.952986
0 0.714958 0.513674 0.680103 0.496740 0.564081 0.735544 0.598936 0.752478
0 0.925554 0.863036 0.885583 0.828281 0.738566 0.997365 0.778537 1.032120
