0 0.18955320015707422 0.8073267601992002 0.07162600103101302 0.2712155916406618 0.017630697811348066 0.2830928201859615 0.13555789693740927 0.8192039887445001
0 0.26562433268126273 0.8013677300032775 0.13147113345011233 0.12200393853362497 0.06322674349397667 0.13548008100272615 0.1973799427251271 0.8148438724723788
0 0.2800598956250143 0.7801766292853605 0.1574471256372856 0.19252670249800186 0.13904267433608522 0.1963667791342421 0.26165544432381393 0.7840167059216008
0 0.3009464396354772 0.7818770979300509 0.1793038511644368 0.18606712825296165 0.15555684643008552 0.19091539745175687 0.27719943490112586 0.7867253671288461
0 0.32829883817316163 0.7724562323950284 0.21070374864420077 0.18402800834110677 0.17849264445989266 0.19046527209824649 0.2960877339888536 0.7788934961521681
0 0.34963204802170283 0.764672393429408 0.23534785899899333 0.18376337058038636 0.20957496825571345 0.1888337581996404 0.32385915727842296 0.769742781048662
0 0.36801859136116943 0.7542286546201332 0.25465432352043316 0.18916658739866699 0.23302970176464374 0.19350497702855718 0.34639396960538005 0.7585670442500234
0 0.37983866914545483 0.7537109179054597 0.30139924195938683 0.18089053090587243 0.25294985605748965 0.18752497018895667 0.33138928324355765 0.7603453571885439
0 0.42353410124643265 0.7650751161582593 0.3311543716254327 0.20187455849463146 0.274528227131718 0.21116273807227545 0.366907956752718 0.7743632957359033
0 0.4328522189944642 0.7405150082377896 0.34235575812432245 0.2456771731188323 0.32710441945694957 0.24846635388670424 0.41760088032709125 0.7433041890056615
0 0.45895798221237405 0.7443505385164333 0.36472721182674467 0.22646526664619496 0.33790614028538146 0.23134544063682352 0.4321369106710108 0.7492307125070617
0 0.5112387233022397 0.7364329114553987 0.4248904712824433 0.22542007395689617 0.36507031241045623 0.23552816865648918 0.45141856443025263 0.7465410061549917
0 0.5263463033782856 0.7063067395652589 0.45267590255206314 0.2642274986053831 0.42890965392621555 0.268188030790971 0.502580054752438 0.7102672717508468
0 0.5945676062991022 0.6991623529265192 0.532391110777323 0.30554686676256376 0.4595303809707347 0.3170561315140169 0.5217068764925139 0.7106716176779724
0 0.6439924364259004 0.7086111413994126 0.5771167001506159 0.26540143240697855 0.5252101322688055 0.27323359373871137 0.5920858685440902 0.7164433027311453
0 0.6748807676586612 0.7014295538003423 0.5970107179588798 0.18110282259445445 0.5636687169679784 0.1860926551718323 0.6415387666677598 0.7064193863777202
0 0.70295574787296 0.6923262481675667 0.6368023789991808 0.23877137093678596 0.603947340965963 0.24356345136516505 0.6701007098397421 0.6971183285959458
0 0.7314187716490442 0.6989162698285943 0.6609997501142438 0.21434884420718606 0.6338438979439208 0.21829522697595247 0.7042629194787212 0.7028626525973608
0 0.7597698899830484 0.6923724951894221 0.6963367201176311 0.2410220408613803 0.6653908417211463 0.24537120046039132 0.7288240115865636 0.6967216547884331
0 0.7950682170298249 0.6768912872829632 0.7428717807089085 0.3054943415952369 0.7061235510462629 0.3106589684231201 0.7583199873671793 0.6820559141108463
0 0.8475301212374975 0.6852987750964521 0.7927963554291318 0.29584781190003423 0.7425093040734587 0.30291519637767 0.7972430698818244 0.6923661595740878
0 0.8823442279813565 0.6804059708070929 0.8254356166536502 0.27548013512952574 0.7906215051843619 0.28037293910438194 0.8475301165120681 0.6852987747819491
0 0.9275538917620233 0.6793123423150975 0.8684704130519945 0.2589116366500127 0.820117468223069 0.2657072013288288 0.8792009469330978 0.6861079069939137
0 0.945300094292587 0.6692296351410453 0.8945330549403124 0.26842707667492177 0.8676551543838926 0.27183152459181203 0.9184221937361672 0.6726340830579355
0 0.9827587238755399 0.6617240631589135 0.9353252070748537 0.26799451182780715 0.8947650076155853 0.27288089359921874 0.9421985244162716 0.6666104449303252
0 1.0069744328820298 0.6550000744914184 0.9417288856714985 0.19075389367062984 0.8662983090904433 0.20135497010110387 0.9315438563009748 0.6656011509218924