0 0.6755694599406596 0.18481026984901822 0.2909955640263976 0.15404228658942815 0.2550726481996083 0.6030485011193487 0.6396465441138702 0.6338164843789388
0 1.0028456801993308 0.585405297029791 0.9911579406180031 0.14496799040790131 0.6818796696239657 0.15317520590757486 0.6935674092052937 0.5936125125294647
0 0.29116921875 0.2292705796875 3.0285078584114193e-17 0.2292705796875 5.366598131243587e-17 0.6111096984375 0.29116921875 0.6111096984375
0 0.17515423500354482 0.9999999999450093 0.14987055718004658 0.7110062343386904 0.017563448421376415 0.722581606231556 0.042847126244874655 1.0115753718378748
0 0.34338874765851984 0.6731758226656825 0.18134916200511703 0.6193349945496657 0.06674910555680591 0.9642358126189308 0.22878869121020876 1.0180766407349477
0 0.35175712465003917 0.7151753947754128 0.2287599298337216 0.6863244664670086 0.1594580792852111 0.9817719169590424 0.2824552741015287 1.0106228452674466
0 0.34953584910424434 0.7232167832895711 0.27146409595682347 0.7131092729672941 0.23519629925142632 0.9932465551765437 0.3132680523988472 1.003354065498821
0 0.43574153051566844 0.7140000898863603 0.30818735483680565 0.6898841922009323 0.25185353312585057 0.9878459054620908 0.37940770880471336 1.0119618031475188
0 0.4777088755741781 0.7162693556386586 0.375866203477618 0.698714262791303 0.325601694778403 0.9903146503289845 0.4274443668749631 1.00786974317634
0 0.5383042453125 0.9975784390625 0.5133661270681034 0.7125344481999466 0.4070015885719337 0.7218401396828701 0.4319397068163303 1.0068841305454233
0 0.8573978595892097 0.9696613649168906 0.831268159000825 0.6709975246653834 0.5147688004542368 0.6986876309342706 0.5408985010426216 0.9973514711857778
0 0.9258737152818053 0.9661509128159427 0.9105280833080798 0.697091852887483 0.8290809414637744 0.7017371447590403 0.8444265734374999 0.9707962046875
0 1.002415215480514 0.9573370078941712 0.9771937502622009 0.6969694159417454 0.9042764052829539 0.7040328229749135 0.9294978705012669 0.9644004149273394
0 1 0.6993682859375002 0.9819086734375 0.6993682859375002 0.9819086734375 0.8932837390625 1 0.8932837390625