0 0.7197370827357802 0.19290916854075196 0.7098405939668908 0.12059453908683873 0.37091881171633845 0.16697707104342158 0.3808153004852279 0.23929170049733486
0 0.7166775461163246 0.2323359271974419 0.7098949156250001 0.18754873125 0.3771593538836754 0.23793863217755815 0.383941984375 0.282725828125
0 0.7209230888781959 0.28131203617901085 0.7128799149112165 0.23085288572814627 0.3809361221251312 0.2837646301547054 0.3889792960921106 0.33422378060556995
0 0.7355401775453172 0.330238132668222 0.7297375370492551 0.2828664793643554 0.3861183232161312 0.3249570256373164 0.39192096371219315 0.372328678941183
0 0.7500883541656144 0.42348538947551384 0.7443505168084834 0.33235662439478336 0.38799457910095086 0.3547942423083185 0.3937324164580819 0.445923007389049
0 0.7320035005279635 0.4532424097311325 0.4002998681622354 0.44249877830848144 0.3995904752632609 0.46440088869437945 0.731294107628989 0.47514452011703046
0 0.7514906336830226 0.47405796069852907 0.39644172138123784 0.4546283255018664 0.39343324863830226 0.5096038803312397 0.7484821609400869 0.5290335155279025
0 0.7298118631161908 0.6212782960182579 0.7241214631338269 0.5280425101280406 0.4032836888127574 0.547623996441547 0.40897408879512137 0.6408597823317643
0 0.764614682608331 0.7224750230762829 0.7511718454498706 0.5979470978846212 0.40905783589080374 0.6348784360808706 0.4225006730492641 0.7594063612725322
0 0.7440619799637073 0.7847859299928508 0.7426658541326656 0.7240620160184559 0.4192529251366377 0.731497721570219 0.42064905096767935 0.792221635544614
0 0.7912820664368352 0.8526959146544859 0.7911421800744358 0.7366137355685717 0.42664042092254517 0.7370529832255116 0.42678030728494465 0.8531351623114259
0 0.39914443575144953 0.8486585593693343 0.38847693527034777 0.7267284790940174 0.09759586557034564 0.7521772768308981 0.10826336605144737 0.874107357106215
0 0.38155207518805845 0.7646473771964747 0.37941610037152596 0.6863641747707477 0.0930858504049773 0.6941767601554638 0.09522182522150979 0.7724599625811908
0 0.3866222652299318 0.6851883994129242 0.3835680044478567 0.6134572150950326 0.07850258795482751 0.6264466749293052 0.08155684873690261 0.6981778592471969
0 0.3823817239354873 0.6122407180240332 0.37761539664176524 0.557761320939605 0.08673432559442054 0.5832101045597959 0.09150065288814266 0.6376895016442242
0 0.37566970319427345 0.5579315461042988 0.3713573085898338 0.5086406628567924 0.0795033943125604 0.5341745783050931 0.08381578891700002 0.5834654615525996
0 0.37132683060664107 0.5087052415230255 0.36706468310435353 0.45431072205906825 0.07270290920879283 0.4773757902266292 0.07696505671108037 0.5317703096905865
0 0.36893516390861614 0.45650599299571526 0.36489232206217503 0.4146971927601545 0.07336692479669156 0.4428872166002266 0.07740976664313268 0.48469601683578745
0 0.36381514267025683 0.4230756672891111 0.36080539562922376 0.3819664390772557 0.07313058682123781 0.403028094628841 0.07614033386227095 0.4441373228406964
0 0.3611378828224852 0.39198350862103065 0.3571233684855262 0.3404492726234354 0.07059747125380722 0.36276962529928475 0.07461198559076622 0.41430386129688
0 0.3595098441580429 0.35545493566689224 0.3561382265812632 0.30667107529282467 0.0677168425095356 0.32660485258307553 0.07108846008631527 0.37538871295714316
0 0.3566691542940344 0.3243830770269938 0.3512020511117262 0.254323341948105 0.06598561435949904 0.2765801730260257 0.07145271754180724 0.3466399081049145
0 0.3213512810379294 0.25649831551612434 0.3103367453197878 0.1895248680075698 0.049264423225361564 0.2324611438556953 0.060278958943503255 0.2994345913642499