0 0.429844 0.928594 0.403594 0.849844 0.382031 0.857031 0.408281 0.935781
0 0.380984 0.834126 0.347661 0.744153 0.319315 0.754652 0.352639 0.844625
0 0.616567 0.791212 0.583625 0.697875 0.563683 0.704913 0.596625 0.798250
0 0.740578 0.648507 0.719682 0.539845 0.700499 0.543534 0.721396 0.652196
0 0.821206 0.358581 0.797577 0.255628 0.776578 0.260447 0.800207 0.363400
0 0.666788 0.259616 0.647891 0.175930 0.623817 0.181366 0.642713 0.265053
0 0.671857 0.397841 0.648394 0.296164 0.595102 0.308462 0.618566 0.410139
0 0.828786 0.628305 0.808654 0.527644 0.785216 0.532332 0.805349 0.632993
0 0.583197 0.284836 0.563320 0.200359 0.543811 0.204949 0.563689 0.289426
0 0.078437 0.541563 0.053906 0.467969 0.034219 0.474531 0.058750 0.548125
0 0.747815 0.377798 0.723377 0.289445 0.699196 0.296133 0.723635 0.384487
0 0.845974 0.053305 0.834135 -0.005889 0.804688 0.000000 0.816526 0.059195
0 0.722185 0.089489 0.703107 0.005544 0.672986 0.012389 0.692065 0.096335
0 0.211754 0.241038 0.194663 0.166977 0.162597 0.174377 0.179687 0.248438
0 0.807122 0.633461 0.787633 0.528216 0.768609 0.531739 0.788099 0.636984
0 0.896214 0.339996 0.875554 0.240451 0.849155 0.245930 0.869815 0.345475
0 0.490065 0.159211 0.470165 0.075630 0.450801 0.080241 0.470701 0.163821
0 0.600226 0.416537 0.583415 0.319868 0.558753 0.324157 0.575565 0.420826
0 0.496519 0.813198 0.459144 0.722430 0.441226 0.729808 0.478601 0.820576
0 0.961538 0.842067 0.943389 0.751322 0.914543 0.757091 0.932692 0.847837
0 0.686807 0.394391 0.665844 0.303555 0.652607 0.306610 0.673569 0.397446
0 0.917557 0.611263 0.897645 0.497482 0.873616 0.501688 0.893527 0.615469
0 0.507167 0.565037 0.478483 0.469424 0.459418 0.475143 0.488102 0.570757
0 0.357646 0.343548 0.339475 0.264809 0.307066 0.272288 0.325237 0.351027
0 0.530918 0.912507 0.502743 0.833618 0.481066 0.841360 0.509241 0.920249
0 0.667037 0.891017 0.645122 0.806098 0.617335 0.813268 0.639250 0.898187
0 0.722997 0.384089 0.700338 0.295196 0.680258 0.300314 0.702917 0.389207
0 0.093438 0.660000 0.063125 0.569063 0.041563 0.576250 0.071875 0.667187
0 0.467836 0.447960 0.447450 0.364719 0.427415 0.369625 0.447800 0.452867
0 0.146884 0.769692 0.119497 0.671557 0.098798 0.677334 0.126185 0.775469
0 0.352114 0.198846 0.328081 0.113012 0.300262 0.120802 0.324295 0.206635
0 0.536746 0.805927 0.500000 0.714062 0.478179 0.722791 0.514925 0.814655
0 0.190842 0.514268 0.161553 0.433725 0.142609 0.440614 0.171898 0.521156
0 0.289844 0.614844 0.259687 0.524375 0.236719 0.532031 0.266875 0.622500
0 0.681791 0.660517 0.659495 0.549038 0.634856 0.553966 0.657151 0.665445
0 0.119870 0.885171 0.095106 0.798496 0.062500 0.807812 0.087264 0.894487
0 0.555200 0.555223 0.528903 0.454818 0.512610 0.459086 0.538907 0.559490
0 0.679268 0.256448 0.659248 0.170907 0.645916 0.174028 0.665936 0.259568
0 0.928566 0.734798 0.905846 0.632555 0.882022 0.637849 0.904743 0.740092
0 0.910276 0.851382 0.892308 0.761538 0.873978 0.765204 0.891947 0.855048
0 0.675860 0.394731 0.652799 0.298641 0.611077 0.308654 0.634139 0.404744
0 0.500276 0.307353 0.477206 0.215074 0.454779 0.220680 0.477849 0.312960
0 0.754134 0.080416 0.735569 -0.000035 0.717539 0.004126 0.736104 0.084577
0 0.793949 0.636546 0.774208 0.524680 0.749428 0.529053 0.769169 0.640919
0 0.560665 0.424342 0.540836 0.338413 0.527598 0.341468 0.547428 0.427396
0 0.223735 0.379366 0.205156 0.301950 0.175489 0.309070 0.194069 0.386486
0 0.869941 0.619137 0.850853 0.512788 0.832184 0.516139 0.851272 0.622488
0 0.466382 0.574651 0.439772 0.477079 0.420204 0.482416 0.446815 0.579988
0 0.507139 0.437115 0.483774 0.351442 0.463546 0.356959 0.486911 0.442632
0 0.147515 0.882044 0.120860 0.792083 0.098676 0.798656 0.125331 0.888617
0 0.876571 0.854205 0.856557 0.767477 0.833848 0.772718 0.853862 0.859445
0 0.603253 0.674931 0.576084 0.568727 0.546958 0.576178 0.574127 0.682382
0 0.522004 0.561822 0.493167 0.459580 0.475501 0.464562 0.504339 0.566805
0 0.162170 0.394981 0.142362 0.321407 0.122302 0.326808 0.142110 0.400381
0 0.951304 0.730695 0.931284 0.627261 0.906167 0.632123 0.926186 0.735557
0 0.509844 0.917031 0.482656 0.835469 0.462500 0.842187 0.489687 0.923750
0 0.699632 0.251654 0.678493 0.167096 0.657537 0.172335 0.678676 0.256893
0 0.905331 0.475551 0.882353 0.372151 0.857040 0.377776 0.880018 0.481176
0 0.770239 0.075301 0.752358 -0.003377 0.733988 0.000798 0.751869 0.079476
0 0.893931 0.616799 0.876156 0.501264 0.850912 0.505148 0.868687 0.620683
0 0.715212 0.773555 0.687323 0.675943 0.663797 0.682665 0.691686 0.780277
0 0.881826 0.480595 0.857796 0.377608 0.830432 0.383993 0.854462 0.486980
0 0.183594 0.389844 0.158594 0.314844 0.136094 0.322344 0.161094 0.397344
0 0.059473 0.549425 0.038094 0.470321 0.020895 0.474969 0.042275 0.554073
0 0.342876 0.477294 0.317976 0.394295 0.295040 0.401175 0.319940 0.484174
0 0.444687 0.707500 0.410781 0.605781 0.387344 0.613594 0.421250 0.715312
0 0.735225 0.877445 0.711642 0.793832 0.690599 0.799767 0.714182 0.883380
0 0.509188 0.914727 0.484868 0.835136 0.449379 0.845980 0.473699 0.925571
0 0.797584 0.758329 0.770829 0.660228 0.750998 0.665637 0.777752 0.763738
0 0.265607 0.958801 0.238324 0.879226 0.212478 0.888088 0.239761 0.967662
0 0.403374 0.330568 0.381123 0.251836 0.343346 0.262512 0.365596 0.341245
0 0.380228 0.939483 0.358522 0.859892 0.342127 0.864363 0.363834 0.943954
0 0.402500 0.329375 0.376563 0.251563 0.327812 0.267812 0.353750 0.345625
0 0.421208 0.327317 0.403037 0.248578 0.381926 0.253450 0.400097 0.332189
0 0.514339 0.809476 0.481418 0.717768 0.460798 0.725170 0.493719 0.816878
0 0.567559 0.287896 0.543335 0.206416 0.521723 0.212841 0.545947 0.294322
0 0.118100 0.652965 0.090633 0.563699 0.066478 0.571132 0.093944 0.660397
0 0.540267 0.557824 0.514656 0.457941 0.494131 0.463204 0.519742 0.563087
0 0.203463 0.384454 0.179660 0.310071 0.153354 0.318489 0.177157 0.392872
0 0.518678 0.692664 0.494068 0.588069 0.471685 0.593335 0.496296 0.697930
0 0.042489 0.288503 0.022190 0.220843 0.002838 0.226649 0.023136 0.294309
0 0.754477 0.236177 0.736044 0.147699 0.719946 0.151053 0.738379 0.239530
0 0.870945 0.045595 0.859372 -0.005326 0.834384 0.000353 0.845957 0.051274
0 0.532297 0.147154 0.508480 0.069747 0.483775 0.077348 0.507593 0.154755
0 0.261406 0.496719 0.231094 0.405781 0.212813 0.411875 0.243125 0.502812
0 0.421652 0.711856 0.385762 0.608174 0.361022 0.616738 0.396912 0.720420
0 0.892331 0.852335 0.875898 0.764005 0.857002 0.767520 0.873436 0.855851
0 0.585650 0.904535 0.560380 0.822407 0.540726 0.828454 0.565997 0.910583
0 0.150970 0.977425 0.119504 0.898761 0.076401 0.916002 0.107866 0.994666
0 0.533915 0.430974 0.512868 0.346783 0.494853 0.351287 0.515901 0.435478
0 0.853784 0.485684 0.830809 0.385578 0.809712 0.390420 0.832687 0.490526
0 0.819347 0.495295 0.795857 0.393504 0.773148 0.398745 0.796638 0.500535
0 0.110313 0.774687 0.080000 0.683750 0.055625 0.691875 0.085938 0.782813
0 0.620425 0.120010 0.601060 0.037710 0.577111 0.043345 0.596475 0.125645
0 0.231620 0.503463 0.201498 0.425145 0.182442 0.432474 0.212564 0.510793
0 0.624116 0.271833 0.602221 0.189118 0.577827 0.195575 0.599722 0.278290
0 0.310590 0.485987 0.288545 0.400013 0.265726 0.405863 0.287771 0.491838
0 0.462838 0.820535 0.428002 0.730542 0.412178 0.736667 0.447014 0.826660
0 0.601483 0.277606 0.579578 0.196244 0.559293 0.201705 0.581198 0.283067
0 0.587445 0.130221 0.569320 0.048658 0.549136 0.053143 0.567261 0.134706
0 0.775202 0.229816 0.755937 0.143125 0.735257 0.147721 0.754522 0.234412
0 0.837224 0.861397 0.815717 0.775368 0.795496 0.780423 0.817004 0.866452
0 0.723582 0.517362 0.699310 0.413338 0.678318 0.418236 0.702590 0.522260
0 0.462236 0.315590 0.437126 0.225613 0.417910 0.230976 0.443020 0.320952
0 0.621005 0.896782 0.596512 0.817179 0.578285 0.822787 0.602779 0.902390
0 0.935219 0.607469 0.918875 0.493063 0.896344 0.496281 0.912687 0.610687
0 0.638879 0.114890 0.618107 0.031801 0.597151 0.037040 0.617923 0.120129
0 0.421287 0.458910 0.401562 0.373437 0.366643 0.381496 0.386368 0.466968
0 0.322076 0.354948 0.301208 0.273796 0.267667 0.282421 0.288535 0.363573
0 0.335846 0.351195 0.315625 0.270313 0.254228 0.285662 0.274449 0.366544
0 0.564212 0.799358 0.530180 0.708604 0.512372 0.715283 0.546404 0.806036
0 0.521521 0.300324 0.495873 0.210554 0.473791 0.216863 0.499440 0.306633
0 0.596173 0.792803 0.564240 0.702327 0.548875 0.707750 0.580808 0.798226
0 0.210781 0.508906 0.181875 0.422187 0.160781 0.429219 0.189687 0.515937
0 0.933245 0.469749 0.912917 0.364042 0.882492 0.369893 0.902820 0.475600
0 0.081250 0.781250 0.050625 0.689375 0.030469 0.696094 0.061094 0.787969
0 0.211023 0.968794 0.186316 0.891144 0.167097 0.897259 0.191803 0.974909
0 0.795031 0.224909 0.775000 0.139063 0.752674 0.144272 0.772705 0.230119
0 0.028057 0.294379 0.006709 0.224513 -0.006947 0.228685 0.014401 0.298551
0 0.829688 0.214062 0.812019 0.125721 0.794892 0.129147 0.812560 0.217488
0 0.998437 0.743750 0.976562 0.743750 0.976562 0.801562 0.998437 0.801562
0 0.633383 0.536515 0.608772 0.444223 0.593115 0.448399 0.617726 0.540690
0 0.714891 0.882928 0.692905 0.796982 0.666167 0.803822 0.688153 0.889768
0 0.805288 0.363082 0.779810 0.272091 0.762018 0.277073 0.787495 0.368064
0 0.589690 0.546134 0.564330 0.449765 0.546025 0.454582 0.571385 0.550951
0 0.326524 0.207024 0.305817 0.132824 0.284579 0.138751 0.305286 0.212951
0 0.718446 0.246163 0.699214 0.161542 0.677941 0.166377 0.697173 0.250998
0 0.168538 0.975100 0.146985 0.898687 0.118966 0.906590 0.140518 0.983003
0 0.788376 0.069379 0.771203 -0.004218 0.751693 0.000334 0.768865 0.073931
0 0.746032 0.510603 0.722545 0.410249 0.696952 0.416239 0.720439 0.516593
0 0.691636 0.522794 0.667279 0.425368 0.647426 0.430331 0.671783 0.527757
0 0.891690 0.198124 0.872351 0.113031 0.846620 0.118879 0.865960 0.203972
0 0.162095 0.877654 0.138077 0.790160 0.120840 0.794892 0.144858 0.882386
0 0.884152 0.741783 0.861231 0.641762 0.843076 0.645923 0.865997 0.745943
0 0.778954 0.762416 0.752488 0.665373 0.731070 0.671214 0.757536 0.768257
0 0.988934 0.836140 0.969007 0.746471 0.940551 0.752794 0.960478 0.842463
0 0.816870 0.866272 0.796378 0.778449 0.773755 0.783728 0.794247 0.871551
0 0.335291 0.842241 0.297872 0.754930 0.275997 0.764305 0.313416 0.851616
0 0.605210 0.123279 0.576315 0.045623 0.556398 0.053034 0.585293 0.130690
0 0.552022 0.426838 0.530515 0.340809 0.512132 0.345404 0.533640 0.431434
0 0.843862 0.211014 0.826297 0.117335 0.809410 0.120501 0.826975 0.214180
0 0.866669 0.747149 0.845217 0.645250 0.817341 0.651119 0.838793 0.753017
0 0.578903 0.420645 0.555689 0.317470 0.534273 0.322289 0.557487 0.425464
0 0.374173 0.193566 0.355331 0.118199 0.329963 0.124540 0.348805 0.199908
0 0.636629 0.787664 0.608639 0.692496 0.583514 0.699886 0.611505 0.795054
0 0.673470 0.103637 0.652075 0.023405 0.630971 0.029033 0.652366 0.109265
0 0.692997 0.776954 0.663275 0.683215 0.642429 0.689824 0.672151 0.783563
0 0.055918 0.286483 0.039062 0.217188 0.021559 0.221445 0.038415 0.290740
0 0.433131 0.817516 0.399316 0.735392 0.374797 0.745488 0.408612 0.827612
0 0.617667 0.540080 0.592226 0.444677 0.564315 0.452120 0.589756 0.547523
0 0.643142 0.266602 0.623692 0.182971 0.601561 0.188118 0.621010 0.271749
0 0.796967 0.869118 0.775368 0.782721 0.754412 0.787960 0.776011 0.874357
0 0.803546 0.064603 0.789844 -0.003906 0.770012 0.000060 0.783714 0.068570
0 0.347813 0.868438 0.332188 0.860625 0.290625 0.943750 0.306250 0.951562
0 0.789338 0.367647 0.767316 0.268548 0.741507 0.274283 0.763529 0.373382
0 0.753332 0.875679 0.731761 0.791193 0.711693 0.796317 0.733263 0.880802
0 0.073706 0.666732 0.044861 0.573540 0.019466 0.581400 0.048311 0.674593
0 0.693107 0.097426 0.673162 0.017647 0.652206 0.022886 0.672151 0.102665
0 0.815279 0.219278 0.797054 0.131799 0.773094 0.136790 0.791319 0.224269
0 0.237316 0.860202 0.215717 0.773805 0.185938 0.781250 0.207537 0.867647
0 0.448437 0.368750 0.407813 0.368750 0.407813 0.456250 0.448437 0.456250
0 0.390705 0.188476 0.373084 0.110947 0.353567 0.115382 0.371187 0.192912
0 0.562599 0.136197 0.533441 0.059657 0.502707 0.071364 0.531866 0.147905
0 0.487798 0.918553 0.459240 0.837639 0.430389 0.847822 0.458947 0.928736
0 0.973475 0.725750 0.949910 0.622654 0.927255 0.627833 0.950819 0.730929
0 0.345718 0.346630 0.321461 0.267796 0.295988 0.275633 0.320245 0.354468
0 0.852773 0.623260 0.833141 0.513883 0.805195 0.518899 0.824827 0.628276
0 0.818197 0.753854 0.795392 0.655030 0.771770 0.660481 0.794575 0.759305
0 0.448233 0.171328 0.429976 0.094649 0.407092 0.100097 0.425349 0.176777
0 0.235937 0.145313 0.195312 0.145313 0.195313 0.234375 0.235937 0.234375
0 0.253125 0.154688 0.217188 0.154688 0.217188 0.229687 0.253125 0.229687
0 0.279687 0.137500 0.234375 0.137500 0.234375 0.226562 0.279687 0.226562
0 0.304688 0.140625 0.268750 0.140625 0.268750 0.218750 0.304688 0.218750
0 0.735938 0.671875 0.692187 0.671875 0.692188 0.773438 0.735938 0.773438
0 0.754688 0.667188 0.712500 0.667188 0.712500 0.768750 0.754688 0.768750
0 0.703125 0.543750 0.657813 0.543750 0.657813 0.659375 0.703125 0.659375
0 0.721875 0.540625 0.679688 0.540625 0.679688 0.653125 0.721875 0.653125
0 0.742188 0.537500 0.696875 0.537500 0.696875 0.653125 0.742188 0.653125
0 0.405023 0.182461 0.386483 0.107202 0.367181 0.111957 0.385721 0.187216
0 0.426005 0.177018 0.408627 0.089812 0.384838 0.094553 0.402216 0.181759
0 0.471909 0.163891 0.452594 0.075499 0.426834 0.081128 0.446149 0.169520
0 0.509123 0.152395 0.488448 0.075480 0.467341 0.081153 0.488016 0.158068
0 0.219533 0.236033 0.195345 0.164617 0.181040 0.169461 0.205228 0.240878
0 0.207118 0.240279 0.183678 0.167480 0.168097 0.172497 0.191536 0.245296
0 0.191278 0.244546 0.167807 0.173300 0.149010 0.179492 0.172481 0.250739
0 0.174755 0.251157 0.152965 0.180338 0.127162 0.188277 0.148953 0.259096
0 0.909583 0.335475 0.888805 0.233923 0.874116 0.236929 0.894894 0.338480
0 0.871853 0.344813 0.850498 0.245216 0.821227 0.251492 0.842581 0.351089
0 0.841393 0.353162 0.819676 0.252956 0.798243 0.257601 0.819961 0.357807
0 0.766106 0.372218 0.743792 0.283224 0.722861 0.288472 0.745175 0.377467
0 0.384123 0.466709 0.358358 0.369172 0.341101 0.373730 0.366866 0.471267
0 0.367329 0.471468 0.342578 0.380059 0.316800 0.387039 0.341551 0.478448
0 0.292205 0.487708 0.268893 0.409501 0.250414 0.415010 0.273727 0.493216
0 0.275192 0.493630 0.249921 0.413194 0.234713 0.417972 0.259984 0.498408
0 0.256844 0.369415 0.231007 0.283974 0.210956 0.290038 0.236793 0.375478
0 0.276375 0.364762 0.255559 0.277867 0.232078 0.283492 0.252894 0.370387
0 0.237620 0.374512 0.214464 0.298747 0.199321 0.303375 0.222477 0.379140
0 0.737277 0.083329 0.715622 -0.000051 0.701126 0.003714 0.722781 0.087094
0 0.817902 0.058542 0.803526 -0.003728 0.787093 0.000066 0.801469 0.062336
0 0.414253 0.585984 0.384075 0.486246 0.363421 0.492495 0.393598 0.592234
0 0.428290 0.581623 0.401385 0.488214 0.386662 0.492455 0.413567 0.585864
0 0.438739 0.580151 0.411231 0.485759 0.400582 0.488862 0.428090 0.583254
0 0.484512 0.569848 0.458285 0.468691 0.439398 0.473588 0.465625 0.574745
0 0.571182 0.550886 0.544596 0.449614 0.527534 0.454094 0.554121 0.555365
0 0.651843 0.532896 0.627170 0.427607 0.607210 0.432284 0.631884 0.537574
0 0.670943 0.527302 0.647014 0.428352 0.628676 0.432787 0.652606 0.531737
0 0.703621 0.519719 0.678033 0.417257 0.662962 0.421021 0.688550 0.523483
0 0.773725 0.503793 0.750339 0.400730 0.726606 0.406115 0.749991 0.509178
0 0.795531 0.498206 0.771429 0.393809 0.750163 0.398719 0.774265 0.503116
0 0.393297 0.590439 0.365258 0.494890 0.354955 0.497914 0.382993 0.593463
0 0.384766 0.592363 0.355694 0.494931 0.338377 0.500098 0.367448 0.597531
0 0.367903 0.595465 0.330154 0.499724 0.311995 0.506883 0.349744 0.602625
0 0.349543 0.601264 0.315411 0.505956 0.301952 0.510776 0.336084 0.606084
0 0.335300 0.603368 0.302696 0.510566 0.285321 0.516670 0.317925 0.609472
0 0.766601 0.637914 0.749040 0.536134 0.736667 0.538269 0.754227 0.640049
0 0.639784 0.665278 0.616509 0.561204 0.595385 0.565929 0.618660 0.670002
0 0.658621 0.663695 0.633059 0.554503 0.614707 0.558799 0.640268 0.667991
0 0.574054 0.680348 0.549757 0.589729 0.535334 0.593597 0.559631 0.684216
0 0.558889 0.681640 0.536643 0.583712 0.521164 0.587229 0.543410 0.685156
0 0.546078 0.684702 0.520108 0.586055 0.505893 0.589798 0.531862 0.688445
0 0.534812 0.684552 0.505613 0.588757 0.490058 0.593498 0.519258 0.689293
0 0.719649 0.649150 0.699665 0.541492 0.682505 0.544677 0.702488 0.652336
0 0.757038 0.642057 0.735679 0.535010 0.717512 0.538635 0.738871 0.645682
0 0.500277 0.696217 0.470102 0.589774 0.453743 0.594412 0.483918 0.700855
0 0.483575 0.699146 0.454586 0.594278 0.438865 0.598624 0.467854 0.703492
0 0.470357 0.701755 0.439827 0.597296 0.418264 0.603598 0.448794 0.708057
0 0.448772 0.704864 0.418613 0.602839 0.410210 0.605323 0.440370 0.707348
0 0.396074 0.716095 0.359000 0.614923 0.336942 0.623006 0.374016 0.724178
0 0.737703 0.766502 0.709830 0.670328 0.687062 0.676926 0.714935 0.773100
0 0.755552 0.763102 0.730237 0.669003 0.711079 0.674157 0.736394 0.768256
0 0.838147 0.751050 0.819706 0.649311 0.794007 0.653970 0.812447 0.755708
0 0.903218 0.736793 0.880009 0.636263 0.860676 0.640726 0.883885 0.741257
0 0.302936 0.845980 0.287687 0.758908 0.263314 0.763176 0.278563 0.850248
0 0.351392 0.840242 0.320660 0.749569 0.298804 0.756977 0.329536 0.847649
0 0.332266 0.843187 0.296130 0.754552 0.276517 0.762547 0.312653 0.851183
0 0.392757 0.826896 0.365133 0.741860 0.348707 0.747196 0.376332 0.832232
0 0.406998 0.825299 0.375246 0.741226 0.362797 0.745927 0.394549 0.830001
0 0.933276 0.846922 0.914383 0.755429 0.889453 0.760577 0.908346 0.852070
0 0.565309 0.906228 0.539722 0.824679 0.519972 0.830876 0.545559 0.912424
0 0.546707 0.909443 0.521797 0.827011 0.502341 0.832891 0.527250 0.915322
0 0.528552 0.911995 0.499620 0.830622 0.477578 0.838459 0.506511 0.919832
0 0.638380 0.894325 0.616881 0.813109 0.597762 0.818171 0.619261 0.899386
0 0.304974 0.211967 0.285583 0.137779 0.266528 0.142760 0.285919 0.216948
0 0.468243 0.921697 0.445213 0.842737 0.418933 0.850403 0.441962 0.929362
0 0.863616 0.204406 0.849539 0.109385 0.825132 0.113001 0.839209 0.208022
0 0.775097 0.872814 0.755162 0.786429 0.732338 0.791696 0.752274 0.878081
0 0.653184 0.781833 0.624738 0.689383 0.605414 0.695329 0.633860 0.787779
0 0.332188 0.600313 0.288125 0.512188 0.251250 0.530625 0.295312 0.618750
0 0.244767 0.500742 0.219034 0.419867 0.200331 0.425818 0.226064 0.506693
0 0.042827 0.554201 0.023714 0.475359 0.005915 0.479674 0.025028 0.558516
0 0.546691 0.294577 0.525551 0.210018 0.498346 0.216820 0.519485 0.301379
0 0.239063 0.884375 0.135938 0.884375 0.135938 0.985938 0.239063 0.985938
