0 0.338463 0.997843 0.308463 0.870343 0.276762 0.877802 0.306762 1.005302
0 0.776504 0.927010 0.737378 0.768059 0.711834 0.774347 0.750961 0.933297
0 0.743360 0.486807 0.704610 0.314588 0.666463 0.323171 0.705213 0.495390
0 0.910018 0.666636 0.865349 0.487960 0.839982 0.494301 0.884651 0.672978
0 0.366360 0.998254 0.332812 0.864062 0.304136 0.871232 0.337684 1.005423
0 0.360478 0.296599 0.321140 0.139246 0.298713 0.144853 0.338051 0.302206
0 0.660110 0.220129 0.621875 0.067187 0.590257 0.075092 0.628493 0.228033
0 0.629596 0.962132 0.590257 0.804779 0.547978 0.815349 0.587316 0.972702
0 0.669894 0.505407 0.632690 0.329533 0.596393 0.337211 0.633597 0.513085
0 0.306618 0.998346 0.276195 0.876654 0.243107 0.884926 0.273529 1.006618
0 0.480331 0.266636 0.440993 0.109283 0.401654 0.119118 0.440993 0.276471
0 0.721511 0.710254 0.676976 0.544841 0.653106 0.551267 0.697640 0.716681
0 0.716728 0.945037 0.676287 0.783272 0.638787 0.792647 0.679228 0.954412
0 0.623595 0.733100 0.581477 0.573049 0.544560 0.582764 0.586678 0.742815
0 0.014063 0.320312 0.000000 0.320312 0.000000 0.385937 0.014063 0.385937
0 0.297445 0.312157 0.256020 0.163897 0.217356 0.174700 0.258782 0.322960
0 0.483456 0.551011 0.439890 0.376746 0.396140 0.387684 0.439706 0.561949
0 0.757077 0.712684 0.710662 0.527022 0.673162 0.536397 0.719577 0.722059
0 0.751165 0.935640 0.715384 0.775568 0.677025 0.784143 0.712806 0.944215
0 0.877818 0.454398 0.838158 0.282540 0.801984 0.290888 0.841643 0.462746
0 0.521286 0.756695 0.477620 0.596587 0.454219 0.602969 0.497885 0.763077
0 0.572781 0.528721 0.530435 0.357643 0.495493 0.366292 0.537839 0.537370
0 0.698625 0.716224 0.652480 0.541532 0.613733 0.551767 0.659878 0.726459
0 0.746191 0.197661 0.710596 0.039262 0.680180 0.046097 0.715775 0.204496
0 0.200368 0.998346 0.175919 0.900551 0.147610 0.907629 0.172059 1.005423
0 0.705901 0.496085 0.666930 0.320717 0.630533 0.328805 0.669504 0.504173
0 0.770022 0.480226 0.730833 0.299955 0.701901 0.306244 0.741090 0.486516
0 0.651746 0.967923 0.610294 0.802114 0.589338 0.807353 0.630790 0.973162
0 0.585000 0.742500 0.539809 0.581821 0.504605 0.591722 0.549796 0.752401
0 0.998437 0.462500 0.985938 0.462500 0.985938 0.523438 0.998437 0.523438
0 0.718934 0.203860 0.681158 0.052757 0.649540 0.060662 0.687316 0.211765
0 0.240625 0.998437 0.214154 0.892555 0.175184 0.902298 0.201654 1.008180
0 0.119393 0.854136 0.080055 0.696783 0.039614 0.706893 0.078952 0.864246
0 0.132316 0.636336 0.080896 0.451227 0.048017 0.460360 0.099436 0.645469
0 0.553493 0.981158 0.513787 0.822335 0.486949 0.829044 0.526654 0.987868
0 0.320240 0.306514 0.277022 0.152849 0.253447 0.159480 0.296666 0.313145
0 0.597978 0.235662 0.557904 0.075368 0.531066 0.082077 0.571140 0.242371
0 0.100998 0.364136 0.064290 0.188940 0.014753 0.199320 0.051461 0.374515
0 0.896262 0.901204 0.862824 0.739588 0.822317 0.747969 0.855755 0.909585
0 0.528860 0.985754 0.489522 0.828401 0.458272 0.836213 0.497610 0.993566
0 0.404371 0.568611 0.359135 0.399729 0.317221 0.410957 0.362457 0.579839
0 0.364526 0.796948 0.324465 0.621685 0.286027 0.630471 0.326087 0.805734
0 0.261489 0.604020 0.216416 0.434997 0.167693 0.447990 0.212766 0.617012
0 0.512865 0.256575 0.476293 0.102161 0.441797 0.110331 0.478369 0.264745
0 0.169026 0.627665 0.122059 0.439798 0.081618 0.449908 0.128585 0.637776
0 0.571875 0.079688 0.473438 0.079688 0.473438 0.256250 0.571875 0.256250
0 0.791399 0.476155 0.757556 0.289124 0.729631 0.294177 0.763474 0.481208
0 0.439529 0.559563 0.395105 0.392972 0.359317 0.402516 0.403741 0.569107
0 0.140625 0.998437 0.119577 0.914246 0.089798 0.921691 0.110846 1.005882
0 0.818566 0.919577 0.778493 0.759283 0.736213 0.769853 0.776287 0.930147
0 0.329779 0.812868 0.284375 0.631250 0.237684 0.642923 0.283088 0.824540
0 0.213531 0.615975 0.163661 0.428961 0.120384 0.440502 0.170254 0.627516
0 0.442093 0.276255 0.404286 0.123224 0.372668 0.131036 0.410475 0.284066
0 0.841360 0.171691 0.803125 0.018750 0.759375 0.029687 0.797610 0.182629
0 0.139328 0.350147 0.093278 0.188974 0.053037 0.200472 0.099086 0.361645
0 0.212023 0.832576 0.169700 0.661524 0.144093 0.667860 0.186416 0.838912
0 0.299204 0.594870 0.251445 0.427712 0.213267 0.438620 0.261026 0.605778
0 0.339630 0.301738 0.298983 0.147708 0.276036 0.153763 0.316683 0.307794
0 0.271895 0.998034 0.243039 0.884832 0.212545 0.892605 0.241401 1.005807
0 0.589154 0.975368 0.549173 0.815441 0.514614 0.824081 0.554596 0.984007
0 0.393062 0.789787 0.355335 0.623787 0.322919 0.631155 0.360646 0.797154
0 0.288037 0.819966 0.241892 0.655894 0.227412 0.659966 0.273558 0.824038
0 0.629687 0.073438 0.559375 0.073438 0.559375 0.235938 0.629687 0.235938
0 0.424081 0.997886 0.387316 0.850827 0.359007 0.857904 0.395772 1.004963
0 0.883915 0.671599 0.839614 0.494393 0.797335 0.504963 0.841636 0.682169
0 0.055769 0.374159 0.025240 0.221514 -0.017127 0.229988 0.013401 0.382632
0 0.419118 0.790533 0.374540 0.612224 0.350643 0.618199 0.395221 0.796507
0 0.857797 0.911387 0.822927 0.748659 0.775015 0.758925 0.809886 0.921654
0 0.360202 0.579871 0.318658 0.413695 0.281158 0.423070 0.322702 0.589246
0 0.173065 0.998113 0.148654 0.908606 0.116791 0.917296 0.141202 1.006803
0 0.787960 0.694026 0.744026 0.518290 0.709467 0.526930 0.753401 0.702665
0 0.174061 0.343487 0.130669 0.193589 0.096220 0.203561 0.139612 0.353459
0 0.611686 0.519387 0.572116 0.344149 0.533031 0.352975 0.572601 0.528213
0 0.839593 0.682919 0.800313 0.505004 0.753140 0.515419 0.792420 0.693333
0 0.497441 0.763094 0.451851 0.589417 0.419235 0.597978 0.464825 0.771655
0 0.658446 0.724579 0.619063 0.564015 0.582718 0.572930 0.622101 0.733494
0 0.463441 0.780637 0.414142 0.598611 0.370774 0.610357 0.420072 0.792383
0 0.257479 0.323273 0.215791 0.169860 0.170700 0.182113 0.212388 0.335526
0 0.187304 0.836776 0.147658 0.676470 0.081098 0.692931 0.120743 0.853237
0 0.325635 0.588637 0.285984 0.420118 0.249841 0.428622 0.289493 0.597141
0 0.185938 0.837500 0.142923 0.665441 0.075276 0.682353 0.118290 0.854412
0 0.635935 0.513008 0.595563 0.333577 0.569648 0.339407 0.610020 0.518839
0 0.461213 0.997978 0.422151 0.841728 0.386121 0.850735 0.425184 1.006985
0 0.215966 0.333245 0.171085 0.181341 0.129215 0.193712 0.174095 0.345615
0 0.831440 0.465646 0.794274 0.272734 0.752228 0.280835 0.789394 0.473746
0 0.679123 0.951437 0.642036 0.792180 0.598120 0.802407 0.635208 0.961664
0 0.140533 0.351195 0.101562 0.195312 0.078768 0.201011 0.117739 0.356893
0 0.951014 0.889577 0.914298 0.726392 0.860312 0.738539 0.897028 0.901723
0 0.538569 0.536849 0.493471 0.366480 0.459715 0.375416 0.504813 0.545785
0 0.383641 0.290558 0.342288 0.133849 0.316967 0.140531 0.358321 0.297240
0 0.849656 0.459694 0.813797 0.289365 0.793717 0.293593 0.829576 0.463922
0 0.066587 0.654737 0.021504 0.486427 -0.018927 0.497257 0.026156 0.665566
0 0.502937 0.546179 0.459411 0.370334 0.437123 0.375851 0.480649 0.551696
0 0.099469 0.646295 0.047858 0.457804 0.013078 0.467327 0.064688 0.655818
0 0.496429 0.993028 0.459196 0.834785 0.424534 0.842941 0.461767 1.001183
0 0.690091 0.212673 0.656683 0.054746 0.619898 0.062528 0.653305 0.220455
0 0.245129 0.822702 0.205790 0.665349 0.171232 0.673989 0.210570 0.831342
0 0.548162 0.752022 0.508088 0.591728 0.477941 0.599265 0.518015 0.759559
0 0.797744 0.185016 0.760902 0.025369 0.708866 0.037377 0.745708 0.197024
0 0.395313 0.998437 0.360018 0.857261 0.331342 0.864430 0.366636 1.005607
