0 0.2581673880712002 0.5670596659463297 0.2446209865159758 0.11551293298935687 0.113449977867454 0.11944806312288836 0.12699637942267836 0.5709947960798611
0 0.2215620181338657 0.5688891550435484 0.21043106565929284 0.17443604644852698 0.1627604171875 0.17578124999999997 0.17389136966207283 0.5702343585950214
0 0.24914360206693664 0.5637388722978173 0.23343196826833065 0.21022709768871248 0.21255307122870531 0.21115504863113338 0.2282647050273113 0.5646668232402382
0 0.2552083328125 0.5595703125000001 0.24713652273282577 0.22055428915368275 0.23337944110038955 0.2208818387163598 0.2414512511800638 0.5598978620626771
0 0.3093112199161631 0.5633435057851538 0.2992989061276557 0.21541567122008573 0.2408378769242871 0.2170980033321886 0.2508501907127946 0.5650258378972566
0 0.3646024276515846 0.566025723007965 0.3619539341362795 0.2124519094294945 0.2990331901684489 0.21292322595797372 0.30168168368375403 0.5664970395364444
0 0.4166666671875 0.21484375000000008 0.361979165625 0.21484375000000006 0.36197916562500004 0.568359375 0.4166666671875 0.568359375
0 0.4791666671875 0.20703125000000008 0.4166666671875 0.20703125000000008 0.4166666671875 0.5634765625 0.4791666671875 0.5634765625
0 0.5339108999774332 0.24031324037602056 0.47706929360576505 0.23918206390358293 0.47056026093225845 0.5662608903315204 0.5274018673039266 0.567392066803958
0 0.599089644075885 0.24838316504814614 0.5393469730541793 0.2453582196799585 0.5234114874700336 0.5600840599668373 0.5831541584917393 0.563109005335025
0 0.6549782891178203 0.24464337318055165 0.6020607189619195 0.24125122138316718 0.581534097517268 0.5614665287283434 0.6344516676731689 0.5648586805257277
0 0.6908742253042406 0.24448701828977953 0.6533198687786756 0.24170521426166092 0.6296105846626538 0.5617805681179737 0.6671649411882188 0.5645623721460924
0 0.7437442240009403 0.2447974913144438 0.6906413049154211 0.24047358961405124 0.6645123046033908 0.561370382718593 0.7176152236889101 0.5656942844189856
0 0.7932199423117071 0.23155773685951261 0.7353960951623945 0.2268132158305481 0.7079689759101613 0.5610812150037408 0.7657928230594739 0.5658257360327053
0 0.8183029442290393 0.21320647481431862 0.7745218383154671 0.21013411650459424 0.7499038891041347 0.5609398927660797 0.793684995017707 0.564012251075804
0 0.8487450822602479 0.22403946370429645 0.8164233500102597 0.22136456172498709 0.7884022017439267 0.5599534366098424 0.820723933993915 0.5626283385891517
0 0.8849252188715955 0.20936056055447477 0.8392459068093384 0.20650560355058373 0.817156088387646 0.5599426982976654 0.862835400449903 0.5627976553015565