0 0.400170 0.485422 0.371911 0.480824 0.329295 0.742726 0.357553 0.747324
0 0.952311 0.358707 0.921114 0.042285 0.831035 0.051166 0.862231 0.367588
0 0.725313 0.249063 0.717344 0.246406 0.715313 0.252500 0.723281 0.255156
0 0.408998 0.814762 0.361800 0.802748 0.312583 0.996101 0.359781 1.008115
0 0.110950 0.812580 0.100013 0.812487 0.098438 0.998398 0.109375 0.998490
0 0.623871 0.513331 0.588271 0.505014 0.535475 0.730981 0.571075 0.739299
0 0.791747 0.816154 0.766296 0.806991 0.698393 0.995609 0.723845 1.004772
0 1.010087 0.573604 0.989673 0.565098 0.915754 0.742502 0.936169 0.751008
0 1.005296 0.820327 0.977558 0.808483 0.897241 0.996593 0.924980 1.008436
0 0.165625 0.062500 0.056250 0.062500 0.056250 0.379688 0.165625 0.379688
0 0.643813 0.814324 0.610804 0.804788 0.555088 0.997651 0.588098 1.007187
0 1.007155 0.466841 0.923317 0.436899 0.818043 0.731667 0.901881 0.761609
0 0.372451 0.489500 0.338611 0.484324 0.298832 0.744417 0.332673 0.749593
0 0.353827 0.816749 0.311719 0.807031 0.268478 0.994408 0.310586 1.004126
0 0.756250 0.167188 0.710938 0.167188 0.710938 0.367188 0.756250 0.367188
0 0.045313 0.528125 0.000000 0.528125 0.000000 0.765625 0.045313 0.765625
0 0.336698 0.491783 0.289238 0.486359 0.259720 0.744638 0.307180 0.750062
0 0.102047 0.998414 0.099906 0.812124 0.063165 0.812546 0.065306 0.998836
0 0.123438 0.167187 0.090625 0.167187 0.090625 0.379688 0.123438 0.379688
0 0.645588 0.516085 0.616544 0.508824 0.560570 0.732721 0.589614 0.739982
0 0.491736 0.495614 0.445474 0.483898 0.380992 0.738520 0.427254 0.750236
0 0.492302 0.370192 0.486190 0.125736 0.440828 0.126870 0.446939 0.371327
0 0.724908 0.492555 0.686305 0.482904 0.621967 0.740257 0.660570 0.749908
0 0.154618 0.377887 0.146370 0.163421 0.123627 0.164296 0.131875 0.378762
0 0.015625 0.812500 0.000000 0.812500 0.000000 0.998437 0.015625 0.998437
0 0.873172 0.887691 0.843815 0.874271 0.788211 0.995905 0.817567 1.009325
0 0.265696 0.375101 0.254096 0.101692 0.214045 0.103391 0.225645 0.376800
0 0.152817 0.377616 0.144739 0.159512 0.089144 0.161571 0.097222 0.379675
0 0.902137 0.823013 0.849363 0.798570 0.762348 0.986443 0.815123 1.010886
0 0.562496 0.815780 0.525054 0.805484 0.472973 0.994872 0.510415 1.005169
0 0.118750 0.057813 0.040625 0.057813 0.040625 0.379688 0.118750 0.379688
0 0.998437 0.678125 0.967187 0.678125 0.967187 0.743750 0.998437 0.743750
0 0.517745 0.816667 0.481401 0.806387 0.427276 0.997756 0.463621 1.008035
0 0.965844 0.845634 0.938834 0.833575 0.866598 0.995384 0.893608 1.007442
0 0.762609 0.813537 0.733419 0.804175 0.671326 0.997760 0.700516 1.007123
0 0.156250 0.812500 0.107813 0.812500 0.107813 0.998437 0.156250 0.998437
0 0.351564 0.373467 0.335827 0.100697 0.289198 0.103388 0.304935 0.376158
0 0.305253 0.374182 0.290087 0.102883 0.251060 0.105065 0.266225 0.376364
0 0.442362 0.491225 0.400563 0.483625 0.353388 0.743088 0.395187 0.750687
0 0.225420 0.377000 0.213624 0.110404 0.167020 0.112466 0.178816 0.379062
0 0.998437 0.135938 0.976562 0.135938 0.976562 0.359375 0.998437 0.359375
0 0.536798 0.369555 0.526906 0.072801 0.482580 0.074279 0.492472 0.371032
0 0.277668 0.453133 0.226481 0.449635 0.205714 0.753583 0.256902 0.757081
0 0.047575 0.998411 0.040610 0.812092 0.022863 0.812755 0.029828 0.999075
0 0.884665 0.499906 0.857329 0.488152 0.749531 0.738845 0.776867 0.750600
0 0.854068 0.497129 0.824246 0.485619 0.727300 0.736798 0.757122 0.748308
0 0.031973 0.998003 0.026506 0.812134 0.010160 0.812615 0.015626 0.998483
0 0.661602 0.366709 0.650987 0.074794 0.597194 0.076750 0.607809 0.368665
0 0.181727 0.377043 0.171896 0.173865 0.143459 0.175241 0.153290 0.378419
0 0.602084 0.368245 0.593485 0.093075 0.552412 0.094358 0.561011 0.369529
0 0.226929 0.477385 0.171116 0.473325 0.151281 0.746059 0.207094 0.750118
0 0.943352 0.821579 0.901636 0.804197 0.822587 0.993916 0.864303 1.011298
0 0.444120 0.816974 0.412124 0.808441 0.361839 0.997011 0.393834 1.005543
0 0.475340 0.817770 0.442115 0.809027 0.392669 0.996920 0.425895 1.005663
0 0.170997 0.469712 0.120769 0.466436 0.102407 0.747983 0.152635 0.751259
0 0.118574 0.470624 0.049964 0.467106 0.035546 0.748257 0.104156 0.751776
0 0.068223 0.998283 0.061316 0.811792 0.039182 0.812611 0.046089 0.999103
0 0.814124 0.363072 0.806728 0.106056 0.740573 0.107960 0.747969 0.364975
0 0.588215 0.517250 0.565098 0.511856 0.513465 0.733142 0.536581 0.738536
0 0.539755 0.814746 0.521758 0.809292 0.464804 0.997242 0.482801 1.002695
0 0.936077 0.495944 0.915122 0.486419 0.799754 0.740229 0.820708 0.749754
0 0.763816 0.478696 0.739173 0.471263 0.657714 0.741364 0.682357 0.748796
0 0.688808 0.467249 0.650237 0.458348 0.584586 0.742837 0.623157 0.751738
0 0.579989 0.813061 0.561659 0.807541 0.504724 0.996566 0.523054 1.002087
0 0.503214 0.508804 0.478088 0.503589 0.428561 0.742219 0.453687 0.747434
0 0.446875 0.081250 0.376563 0.081250 0.376563 0.373438 0.446875 0.373438
0 1.022405 0.509410 0.996181 0.497404 0.886694 0.736547 0.912918 0.748553
0 0.818553 0.817366 0.794742 0.808133 0.721888 0.996019 0.745699 1.005252
0 0.231698 0.812572 0.202457 0.811519 0.195726 0.998283 0.224968 0.999337
0 0.072458 0.379587 0.057098 0.053177 0.003852 0.055683 0.019212 0.382092
0 0.110951 0.812513 0.100014 0.812421 0.098438 0.998345 0.109375 0.998437
0 0.564363 0.493810 0.505769 0.482091 0.454327 0.739303 0.512921 0.751022
0 0.728076 0.814872 0.668009 0.799065 0.617268 0.991880 0.677336 1.007687
0 0.561348 0.369879 0.554591 0.119851 0.528005 0.120569 0.534763 0.370598
0 0.200728 0.812663 0.155831 0.811939 0.152824 0.998357 0.197721 0.999081
0 0.850192 0.362220 0.840952 0.149714 0.806642 0.151206 0.815881 0.363712
0 0.833438 0.474688 0.779531 0.456719 0.685312 0.739375 0.739219 0.757344
0 0.610102 0.814743 0.578906 0.805469 0.521818 0.997492 0.553014 1.006766
0 0.389115 0.373272 0.375512 0.111418 0.332386 0.113659 0.345988 0.375513
0 0.306250 0.814063 0.233617 0.806417 0.213729 0.995360 0.286361 1.003005
0 1.027587 0.615540 0.994890 0.599796 0.929609 0.735379 0.962307 0.751122
0 0.911322 0.497402 0.889133 0.487516 0.776849 0.739531 0.799038 0.749417
0 0.839626 0.817284 0.819942 0.809713 0.747898 0.997028 0.767582 1.004599
