0 0.22989614295159497 0.5960089406639466 0.21322908991376113 0.25433435338835314 0.14032710393360534 0.2578905478264095 0.15699415697143917 0.599565135102003
0 0.27343749999999994 0.5966796875000001 0.2522391622714604 0.26081851571692233 0.20703124999999994 0.263671875 0.22822958772853955 0.5995330467830778
0 0.3251785172588572 0.5961498871422715 0.30139892604796237 0.26085767789203 0.25043077850826173 0.2644724404180692 0.2742103697191566 0.5997646496683107
0 0.36339479877187447 0.5965404737036402 0.35141280613301185 0.25056040165847543 0.3037156840755793 0.252212249876232 0.3156976767144419 0.5981923219213967
0 0.4531061776560856 0.5978046418376475 0.4449817695024546 0.24033067007882894 0.3540604569861342 0.2423970634699674 0.3621848651397652 0.5998710352287859
0 0.4954480627112063 0.26768276414621944 0.47470628388714786 0.2648333885029011 0.42953788359848205 0.5936327768253868 0.4502796624225406 0.5964821524687052
0 0.5506252536357356 0.25505472550707786 0.49631341670169 0.2469079502385302 0.4435360651305313 0.5987569724412223 0.49784790206457685 0.60690374770977
0 0.6408462190030277 0.28163274038494823 0.5474692726362458 0.27917545232266444 0.5390133902833045 0.6004989817344293 0.6323903366500866 0.602956269796713
0 0.7497815320523648 0.6000529983108109 0.7447190320523649 0.2558029983108108 0.6195450455658783 0.2576437922297297 0.6246075455658782 0.6018937922297297
0 0.8049736364029849 0.28168747922349624 0.7443591145858679 0.2777858547191953 0.7235792320678233 0.6006161631865229 0.7841937538849402 0.6045177876908239
0 0.8767407058491017 0.24056582388220846 0.7610880617035283 0.23058794888243755 0.7297572149933791 0.5937409514437639 0.8454098591389526 0.6037188264435348
0 0.8432360124892953 0.9220173865515873 0.8372859913191084 0.6284830119957128 0.7160089277781385 0.6309413308778493 0.7219589489483254 0.924475705433724
0 0.753316896921395 0.6410627331768819 0.6751454232220895 0.6363677493959194 0.6579729540442626 0.9222893383330092 0.7361444277435683 0.9269843221139714
0 0.6746021815999628 0.6290865303496105 0.6028777596082338 0.625877384080136 0.5892295876037503 0.9309140405818038 0.6609540095954795 0.9341231868512783
0 0.6015625 0.626953125 0.546875 0.626953125 0.5468750000000001 0.9189453125 0.6015625000000001 0.9189453125
0 0.546875 0.62890625 0.4973958328125 0.62890625 0.49739583281250005 0.921875 0.5468750000000001 0.921875
0 0.49745751031383606 0.6289422402577249 0.4428985067798729 0.6284473742104654 0.44022048614761433 0.9236992670177349 0.4947794896815775 0.9241941330649943
0 0.4479230873426937 0.9196483193531183 0.44524844774825445 0.6267753423366056 0.4032463851106381 0.6271589228940305 0.40592102470507746 0.9200318999105432
0 0.4114990945204916 0.6289622359371163 0.3702839834846599 0.6283776246669065 0.3661929813820325 0.9167933882684492 0.40740809241786413 0.9173779995386588
0 0.3802919124525922 0.6289194467799841 0.32860389273584817 0.6284271801224456 0.325866932614898 0.9158081077745772 0.37755495233164205 0.9163003744321155
0 0.3437604487996401 0.6273576156625125 0.29486836998198607 0.6264646097460111 0.28958871393839525 0.9155258070387242 0.33848079275604925 0.9164188129552256
0 0.31255924562044607 0.6274794051844387 0.24228961942083932 0.626819596355767 0.23960350703036548 0.9128905087270445 0.30987313322997223 0.9135503175557161
0 0.26187358956194656 0.920567342528952 0.24185465080525076 0.6567463357373828 0.17417607716680877 0.6618818374068117 0.19419501592350455 0.9257028441983808