0 0.8141797536340694 0.09408242609624799 0.3329670700921734 0.07422289638822455 0.33087604546230853 0.1248901371679975 0.8120887290042044 0.14474966687602095
0 0.8077118818565243 0.14383175492634998 0.32622020784789835 0.12448537822606169 0.3251187138959525 0.15189930565284024 0.8066103879045784 0.1712456823531285
0 0.8223746092693103 0.1691969510599917 0.3156120372046928 0.15079833075659876 0.3139380676306637 0.19690532752615833 0.8207006396952814 0.21530394782955126
0 0.8148337278299065 0.21459816122084022 0.31204407828416536 0.19555537807297133 0.3106023662090502 0.2336211326091801 0.8133920157547913 0.25266391575704905
0 0.8113379966324284 0.2539417477817769 0.30635048656653596 0.2333824568659288 0.3045448304584128 0.27773387860555265 0.8095323405243053 0.2982931695214008
0 0.8077935621542244 0.2967250487562436 0.3026495577239553 0.2737800375473881 0.301618651094401 0.2964758775409549 0.8067626555246701 0.3194208887498104
0 0.8214659690137515 0.31721751496553946 0.29852495778134286 0.29136016584643604 0.29715898440529176 0.31898571614157334 0.8200999956377004 0.34484306526067676
0 0.8194550194552882 0.3430938937519651 0.2936916458633944 0.31578021945915363 0.291736068725213 0.3534232997151129 0.8174994423171068 0.3807369740079243
0 0.8111121804073695 0.3764240204309817 0.29583543188370254 0.35063010618275514 0.29433475671312903 0.38060861254832007 0.809611505236796 0.40640252679654665
0 0.8141464810250213 0.40310632324654305 0.2756341284999022 0.37308120322197996 0.27346292118138027 0.41202266157287 0.8119752737064994 0.4420477815974331
0 0.8114345659097445 0.434116558691958 0.27572736050689595 0.4120277361957907 0.27497565470221447 0.43025841444859925 0.810682860105063 0.45234723694476664
0 0.8098928647283857 0.45099004269010423 0.26386751736844427 0.42393168624729133 0.26182780089859803 0.4650922384899013 0.8078531482585396 0.4921505949327143
0 0.8062384332633133 0.49409143838952285 0.26308315694935486 0.4579531145278869 0.26015917822292456 0.5019002128817306 0.8033144545368829 0.5380385367433665
0 0.8024675954541214 0.5372648311839334 0.27575951240960783 0.5023445862636733 0.27353808611703545 0.5358507425594636 0.8002461691615489 0.5707709874797237
0 0.7970183553109598 0.569913391547955 0.25920387744936924 0.5319809433952483 0.25624449343046546 0.573939731937218 0.794058971292056 0.6118721800899247
0 0.795999700539491 0.6121296924412445 0.26114468649028716 0.5698743006945464 0.25903270190845046 0.5966071150525682 0.7938877159576543 0.6388625067992664
0 0.7938262750279155 0.6366228511595781 0.25885717690475957 0.5965876193474117 0.25589096089494917 0.6362235557908851 0.7908600590181051 0.6762587876030515
0 0.7852321515186672 0.67591967151496 0.256003717743425 0.6296182003450755 0.2531098756935762 0.6626949786188194 0.7823383094688183 0.7089964497887039
0 0.7874417093750001 0.7104232328124999 0.25420252875314786 0.6647706631359511 0.2526204065215974 0.6832504457281015 0.7858595871434495 0.7289030154046501
0 0.7520992202466116 0.7259567280968588 0.2540018707377426 0.6823788639034006 0.25042712406247153 0.7232384121413216 0.7485244735713404 0.7668162763347797
0 0.7926024810608719 0.7911492991223671 0.18382497634560652 0.7243965615871557 0.1614981877012865 0.928014378339984 0.7702756924165519 0.9947671158751954
0 0.8200630644004472 0.06198445413657536 0.3421922090085382 0.035698924737714646 0.34000078219031704 0.07553905853382119 0.817871637582226 0.10182458793268193