0 0.372486 0.762418 0.289185 0.478841 0.229285 0.496437 0.312586 0.780014
0 0.644103 0.233924 0.585620 -0.014631 0.520564 0.000676 0.579047 0.249232
0 0.604868 0.988161 0.552476 0.796058 0.443930 0.825661 0.496322 1.017764
0 0.788030 0.656849 0.669380 0.338368 0.604408 0.362573 0.723058 0.681054
0 0.901599 0.625418 0.792822 0.309964 0.764748 0.319645 0.873526 0.635099
0 0.188445 0.353001 0.101721 0.077525 0.061205 0.090280 0.147929 0.365756
0 0.926862 0.160830 0.890891 -0.013887 0.821365 0.000427 0.857337 0.175144
0 0.265786 0.332520 0.188774 0.066327 0.160500 0.074507 0.237512 0.340700
0 0.678089 0.686021 0.561496 0.392379 0.520072 0.408827 0.636665 0.702469
0 0.998437 0.734375 0.976562 0.734375 0.976562 0.901563 0.998437 0.901563
0 0.861376 0.639932 0.753043 0.318669 0.701933 0.335904 0.810266 0.657167
0 0.788221 0.947356 0.749279 0.752644 0.715925 0.759315 0.754868 0.954026
0 1.015167 0.596404 0.923303 0.298466 0.894671 0.307294 0.986535 0.605232
0 0.339283 0.760680 0.232313 0.506625 0.200739 0.519919 0.307710 0.773974
0 0.545303 0.714371 0.413111 0.401685 0.338135 0.433383 0.470327 0.746068
0 0.592026 0.703502 0.467565 0.392349 0.421498 0.410776 0.545959 0.721929
0 0.233813 0.341182 0.153751 0.066425 0.128190 0.073874 0.208252 0.348630
0 0.077827 0.805478 0.052519 0.695813 0.033006 0.700316 0.058313 0.809981
0 0.309443 0.321019 0.234464 0.073011 0.188385 0.086942 0.263364 0.334950
0 0.876543 0.931688 0.849796 0.727742 0.787824 0.735869 0.814571 0.939815
0 0.262948 0.332314 0.179063 0.059688 0.148319 0.069147 0.232204 0.341774
0 0.147090 0.363695 0.058646 0.086569 0.019845 0.098952 0.108289 0.376078
0 0.492342 0.997487 0.441922 0.823537 0.386794 0.839516 0.437214 1.013466
0 0.803218 0.191259 0.756739 -0.014576 0.686768 0.001224 0.733247 0.207059
0 0.972938 0.606490 0.878952 0.308867 0.844403 0.319777 0.938389 0.617400
0 0.760040 0.953200 0.715251 0.759900 0.645429 0.776078 0.690218 0.969378
0 0.998437 0.692188 0.956250 0.692188 0.956250 0.906250 0.998437 0.906250
0 0.807836 0.941792 0.771097 0.745849 0.749682 0.749864 0.786421 0.945808
0 0.361365 0.306768 0.282021 0.036997 0.261465 0.043043 0.340809 0.312813
0 0.424579 0.290900 0.355643 0.028943 0.322110 0.037767 0.391046 0.299725
0 0.197454 0.349325 0.111537 0.076631 0.092143 0.082741 0.178061 0.355435
0 0.455395 0.282765 0.380292 0.013428 0.347644 0.022532 0.422748 0.291869
0 0.951485 0.917976 0.930600 0.709127 0.851238 0.717064 0.872123 0.925913
0 0.398320 0.297152 0.326850 0.043035 0.312551 0.047056 0.384021 0.301174
0 0.943656 0.619472 0.835098 0.287414 0.790415 0.302022 0.898972 0.634080
0 0.813999 0.648321 0.708734 0.358345 0.680706 0.368519 0.785972 0.658496
0 0.218322 0.345561 0.129292 0.072113 0.107871 0.079087 0.196901 0.352535
0 0.402640 0.734806 0.297899 0.490409 0.264898 0.504553 0.369639 0.748949
0 0.861470 0.640438 0.753414 0.318103 0.682671 0.341818 0.790726 0.664153
0 0.960683 0.909132 0.955998 0.702989 0.931757 0.703540 0.936442 0.909683
0 0.342976 0.312225 0.261022 0.041145 0.223899 0.052368 0.305854 0.323448
0 0.374750 0.304058 0.296482 0.034036 0.279875 0.038850 0.358142 0.308872
0 0.994144 0.603098 0.902543 0.310334 0.880069 0.317365 0.971670 0.610129
0 0.858413 0.178005 0.820613 -0.010998 0.755409 0.002043 0.793209 0.191046
0 0.726266 0.675175 0.597807 0.347911 0.550320 0.366551 0.678778 0.693815
0 0.696467 0.967609 0.645222 0.775441 0.604960 0.786177 0.656205 0.978345
0 0.387826 0.300874 0.315854 0.029344 0.293885 0.035168 0.365856 0.306697
0 1.017837 0.535564 0.955066 0.294942 0.925044 0.302774 0.987815 0.543396
0 0.904472 0.923010 0.887086 0.720169 0.849328 0.723406 0.866714 0.926246
0 0.632600 0.692339 0.514682 0.390994 0.471557 0.407869 0.589475 0.709214
0 0.657915 0.976235 0.605616 0.785341 0.553512 0.799616 0.605812 0.990510
0 0.557554 0.256574 0.487551 -0.012385 0.381487 0.015221 0.451490 0.284180
0 0.583088 0.249540 0.519118 -0.006342 0.491176 0.000643 0.555147 0.256526
0 0.876346 0.633844 0.775735 0.343846 0.757605 0.350136 0.858216 0.640134
0 0.735700 0.209910 0.682532 -0.020488 0.591354 0.000553 0.644522 0.230952
0 0.434323 0.997987 0.386348 0.837131 0.343176 0.850007 0.391151 1.010863
0 1.004737 0.462530 0.963713 0.293877 0.952350 0.296641 0.993374 0.465294
0 0.820534 0.940102 0.788033 0.741844 0.769774 0.744837 0.802275 0.943095
0 0.468528 0.736030 0.334837 0.415172 0.275703 0.439811 0.409393 0.760669
