0 0.276778 0.983836 0.269644 0.898233 0.249731 0.899892 0.256864 0.985496
0 0.322788 0.977620 0.311971 0.891082 0.287163 0.894183 0.297981 0.980721
0 0.500052 0.468157 0.481402 0.466512 0.471628 0.577276 0.490279 0.578922
0 0.595313 0.729688 0.570313 0.729688 0.570313 0.828125 0.595313 0.828125
0 0.226774 0.605552 0.215991 0.481558 0.195831 0.483311 0.206614 0.607305
0 0.177187 0.454375 0.170787 0.345560 0.146422 0.346994 0.152823 0.455808
0 0.259053 0.737465 0.230281 0.634709 0.210924 0.640129 0.239695 0.742885
0 0.727411 0.241508 0.713522 0.128411 0.696320 0.130523 0.710209 0.243620
0 0.494463 0.743738 0.472738 0.739788 0.454863 0.838100 0.476588 0.842050
0 0.638695 0.459283 0.612224 0.452665 0.584559 0.563327 0.611029 0.569945
0 0.258942 0.989418 0.249969 0.899691 0.222587 0.902429 0.231559 0.992157
0 0.864127 0.396017 0.854162 0.286411 0.833876 0.288256 0.843840 0.397861
0 0.642009 0.414378 0.613052 0.309688 0.580873 0.318588 0.609830 0.423278
0 0.129882 0.457810 0.113234 0.339423 0.096045 0.341840 0.112693 0.460227
0 0.540805 0.419621 0.496970 0.316295 0.475944 0.325215 0.519779 0.428541
0 0.503850 0.259067 0.495315 0.152375 0.479727 0.153622 0.488263 0.260314
0 0.850295 0.458398 0.826793 0.440896 0.753664 0.539098 0.777166 0.556600
0 0.542272 0.253224 0.530178 0.149216 0.516912 0.150759 0.529006 0.254767
0 0.115211 0.457184 0.098647 0.344546 0.076380 0.347821 0.092944 0.460459
0 0.695925 0.407342 0.663611 0.298282 0.642970 0.304398 0.675284 0.413458
0 0.864855 0.232393 0.850591 0.099267 0.830233 0.101448 0.844497 0.234574
0 0.747511 0.239779 0.732183 0.114962 0.710093 0.117675 0.725421 0.242492
0 0.229983 0.277277 0.216094 0.170136 0.183539 0.174356 0.197428 0.281497
0 0.803919 0.453014 0.770942 0.440800 0.730080 0.551129 0.763056 0.563343
0 0.915505 0.389663 0.902812 0.288125 0.882043 0.290721 0.894736 0.392260
0 0.350000 0.484375 0.307813 0.484375 0.307813 0.595313 0.350000 0.595313
0 0.640209 0.413421 0.599677 0.306129 0.567863 0.318148 0.608395 0.425440
0 0.365204 0.726022 0.343870 0.619351 0.318329 0.624459 0.339663 0.731130
0 0.869926 0.795919 0.848787 0.700790 0.836544 0.703511 0.857684 0.798640
0 0.197031 0.279219 0.176313 0.134188 0.138687 0.139563 0.159406 0.284594
0 0.633847 0.822751 0.629459 0.726218 0.611598 0.727030 0.615986 0.823563
0 0.890552 0.393688 0.879875 0.270908 0.851894 0.273341 0.862570 0.396122
0 0.354174 0.592931 0.345302 0.484248 0.302349 0.487755 0.311221 0.596437
0 0.329572 0.271558 0.316875 0.150938 0.298981 0.152821 0.311678 0.273442
0 0.370995 0.754950 0.355229 0.753863 0.348299 0.854355 0.364064 0.855442
0 0.516214 0.953356 0.508453 0.867982 0.475064 0.871017 0.482825 0.956391
0 0.094222 0.459371 0.077585 0.357174 0.050009 0.361663 0.066646 0.463860
0 0.327807 0.440489 0.307093 0.330018 0.280489 0.335006 0.301203 0.445478
0 0.196055 0.609734 0.185733 0.496183 0.157838 0.498719 0.168161 0.612269
0 0.279312 0.273672 0.261499 0.152940 0.225425 0.158262 0.243238 0.278995
0 0.443750 0.460938 0.425000 0.460938 0.425000 0.584375 0.443750 0.584375
0 0.144392 0.454279 0.128003 0.345018 0.111728 0.347460 0.128117 0.456720
0 0.306999 0.442032 0.284042 0.331840 0.259957 0.336858 0.282914 0.447049
0 0.127286 0.753219 0.111921 0.647584 0.088552 0.650983 0.103917 0.756618
0 0.033671 0.624239 0.026423 0.511904 0.001928 0.513484 0.009176 0.625819
0 0.509933 0.466014 0.491867 0.464982 0.485518 0.576092 0.503584 0.577124
0 0.662500 0.131250 0.620313 0.131250 0.620313 0.250000 0.662500 0.250000
0 0.830510 0.798740 0.808484 0.706964 0.781536 0.713431 0.803562 0.805208
0 0.846232 0.797426 0.822335 0.701838 0.805790 0.705974 0.829687 0.801562
0 0.273798 0.273197 0.259062 0.155312 0.223486 0.159760 0.238221 0.277644
0 0.089440 0.618495 0.074395 0.504150 0.058955 0.506182 0.074000 0.620526
0 0.569678 0.418991 0.535838 0.315216 0.517355 0.321243 0.551195 0.425018
0 0.463694 0.259737 0.449093 0.150225 0.434764 0.152136 0.449365 0.261647
0 0.795344 0.236156 0.777969 0.114531 0.749531 0.118594 0.766906 0.240219
0 0.676306 0.462071 0.650172 0.457127 0.630310 0.562111 0.656444 0.567055
0 0.473438 0.470313 0.445312 0.470313 0.445312 0.579688 0.473438 0.579688
0 0.229047 0.278531 0.212321 0.174827 0.194832 0.177648 0.211559 0.281351
0 0.882973 0.466325 0.865084 0.454238 0.806334 0.541188 0.824223 0.553275
0 0.443750 0.478125 0.400000 0.478125 0.400000 0.587500 0.443750 0.587500
0 0.460385 0.429555 0.446601 0.324789 0.409173 0.329714 0.422958 0.434479
0 0.070938 0.759688 0.057524 0.652380 0.033678 0.655361 0.047091 0.762668
0 0.371094 0.436719 0.348438 0.323437 0.328606 0.327404 0.351262 0.440685
0 0.793091 0.807433 0.778080 0.709863 0.759529 0.712717 0.774539 0.810287
0 0.473438 0.470313 0.443750 0.470313 0.443750 0.579688 0.473438 0.579688
0 0.242188 0.167188 0.212500 0.167188 0.212500 0.278125 0.242188 0.278125
0 0.420312 0.479687 0.398438 0.479687 0.398438 0.587500 0.420312 0.587500
0 0.064172 0.290350 0.055259 0.185623 0.036776 0.187196 0.045689 0.291923
0 0.306509 0.980959 0.301422 0.894494 0.282829 0.895587 0.287915 0.982053
0 0.980763 0.570855 0.964384 0.560432 0.900625 0.660625 0.917004 0.671048
0 0.412776 0.758272 0.390717 0.752757 0.366544 0.849449 0.388603 0.854963
0 0.759824 0.238861 0.748314 0.123762 0.732225 0.125371 0.743735 0.240470
0 0.831432 0.398144 0.821201 0.283046 0.805699 0.284424 0.815930 0.399522
0 0.140825 0.283913 0.120975 0.174738 0.099800 0.178588 0.119650 0.287763
0 0.949159 0.452043 0.913101 0.428005 0.844351 0.531130 0.880409 0.555168
0 0.572444 0.704039 0.565233 0.593470 0.549674 0.594485 0.556885 0.705054
0 0.934582 0.389738 0.924238 0.278022 0.896151 0.280623 0.906495 0.392338
0 0.183185 0.279553 0.160303 0.178218 0.133543 0.184261 0.156425 0.285596
0 0.023438 0.339062 0.000000 0.339062 0.000000 0.442188 0.023438 0.442188
0 0.325750 0.594312 0.310375 0.486687 0.281937 0.490750 0.297312 0.598375
0 0.367393 0.594447 0.365077 0.480942 0.315129 0.481962 0.317446 0.595467
0 0.574596 0.952106 0.569611 0.862365 0.545380 0.863712 0.550365 0.953452
0 0.937740 0.905048 0.927187 0.820625 0.899687 0.824062 0.910240 0.908486
0 0.610938 0.592187 0.551562 0.592187 0.551563 0.793750 0.610938 0.793750
0 0.190225 0.746399 0.178030 0.636643 0.161395 0.638491 0.173590 0.748247
0 0.358004 0.268750 0.341052 0.147966 0.316535 0.151407 0.333487 0.272191
0 0.196073 0.279561 0.171917 0.134628 0.148860 0.138471 0.173015 0.283404
0 0.228630 0.449351 0.215168 0.341659 0.176130 0.346538 0.189591 0.454231
0 0.316401 0.272565 0.309316 0.152117 0.225690 0.157037 0.232775 0.277484
0 0.328988 0.728855 0.304125 0.625260 0.280486 0.630933 0.305349 0.734529
0 0.551562 0.181250 0.531250 0.181250 0.531250 0.256250 0.551562 0.256250
0 0.147426 0.612308 0.137295 0.500871 0.120248 0.502421 0.130379 0.613858
0 0.400000 0.479687 0.384375 0.479687 0.384375 0.587500 0.400000 0.587500
0 0.209386 0.278216 0.196683 0.170243 0.178461 0.172387 0.191164 0.280359
0 0.181490 0.453486 0.167644 0.342716 0.142067 0.345913 0.155913 0.456683
0 0.394263 0.589923 0.389375 0.477500 0.362863 0.478653 0.367751 0.591076
0 0.162650 0.282075 0.143050 0.174275 0.126137 0.177350 0.145737 0.285150
0 0.511013 0.259095 0.504661 0.151105 0.490189 0.151956 0.496541 0.259946
0 0.245970 0.604183 0.241064 0.491353 0.215569 0.492462 0.220475 0.605292
0 0.818248 0.917384 0.810165 0.832514 0.767546 0.836573 0.775629 0.921443
0 0.443919 0.962378 0.440781 0.877656 0.425178 0.878234 0.428315 0.962956
0 0.047118 0.760856 0.038702 0.655654 0.012185 0.657775 0.020601 0.762977
0 0.451126 0.260787 0.436906 0.154142 0.412855 0.157349 0.427074 0.263994
0 0.798785 0.401566 0.788150 0.281921 0.766446 0.283851 0.777082 0.403496
0 0.760938 0.296875 0.731250 0.296875 0.731250 0.406250 0.760938 0.406250
0 0.059375 0.500000 0.026563 0.500000 0.026563 0.614062 0.059375 0.614062
0 0.606807 0.249608 0.596001 0.148032 0.586270 0.149067 0.597076 0.250643
0 0.162671 0.455536 0.149196 0.363905 0.133317 0.366240 0.146792 0.457871
0 0.579953 0.253010 0.570079 0.141105 0.542491 0.143539 0.552365 0.255444
0 0.260188 0.444403 0.225338 0.329396 0.201746 0.336545 0.236597 0.451552
0 0.290455 0.598045 0.280910 0.488277 0.257648 0.490300 0.267193 0.600067
0 0.623669 0.248902 0.612071 0.147415 0.588715 0.150084 0.600314 0.251571
0 0.051651 0.290329 0.047678 0.163207 0.020264 0.164064 0.024236 0.291186
0 0.781590 0.402605 0.766708 0.288514 0.746736 0.291119 0.761617 0.405210
0 0.775386 0.926232 0.769657 0.838392 0.752779 0.839493 0.758508 0.927332
0 0.710247 0.409014 0.694761 0.304480 0.677659 0.307013 0.693146 0.411548
0 0.394499 0.434358 0.360960 0.326286 0.345773 0.330999 0.379313 0.439071
0 0.489903 0.961649 0.482575 0.873718 0.453351 0.876153 0.460679 0.964084
0 0.900483 0.793759 0.877809 0.695506 0.860349 0.699535 0.883023 0.797788
0 0.122591 0.284279 0.108208 0.176406 0.091321 0.178657 0.105704 0.286531
0 0.641044 0.247523 0.629707 0.145484 0.610499 0.147618 0.621837 0.249657
0 0.345798 0.437444 0.313017 0.335821 0.278595 0.346925 0.311376 0.448548
0 0.299519 0.272716 0.286154 0.165793 0.259423 0.169135 0.272788 0.276058
0 0.491446 0.259116 0.480634 0.159646 0.461432 0.161733 0.472244 0.261203
0 0.467103 0.745819 0.448100 0.742652 0.430574 0.847804 0.449578 0.850971
0 0.351563 0.484375 0.306250 0.484375 0.306250 0.595313 0.351563 0.595313
0 0.476333 0.743978 0.459373 0.741082 0.442467 0.840101 0.459427 0.842997
0 0.226836 0.449489 0.212660 0.340808 0.167905 0.346646 0.182081 0.455326
0 0.169275 0.610464 0.159106 0.498604 0.134593 0.500832 0.144762 0.612692
0 0.200887 0.993107 0.191054 0.907883 0.170890 0.910210 0.180723 0.995433
0 0.769441 0.237240 0.756268 0.123075 0.744941 0.124382 0.758114 0.238547
0 0.077171 0.288655 0.064841 0.175625 0.050635 0.177175 0.062966 0.290205
0 0.829803 0.234080 0.817943 0.103624 0.798220 0.105418 0.810079 0.235873
0 0.967524 0.901480 0.963759 0.814891 0.944027 0.815749 0.947792 0.902338
0 0.611990 0.457555 0.595782 0.453871 0.569597 0.569085 0.585806 0.572768
0 0.538772 0.951304 0.533793 0.866670 0.519413 0.867516 0.524391 0.952150
0 0.847030 0.397451 0.837498 0.290209 0.814244 0.292276 0.823777 0.399518
0 0.839063 0.312500 0.262500 0.312500 0.262500 0.720313 0.839063 0.720313
0 0.309917 0.271883 0.299665 0.165267 0.272929 0.167837 0.283181 0.274454
0 0.684715 0.244793 0.667594 0.113534 0.646018 0.116348 0.663139 0.247607
0 0.109578 0.998429 0.106111 0.918688 0.084685 0.919620 0.088152 0.999360
0 0.859375 0.884375 0.843750 0.884375 0.843750 0.910937 0.859375 0.910937
0 0.645276 0.413036 0.604688 0.315625 0.578393 0.326581 0.618981 0.423992
0 0.680281 0.409443 0.643146 0.307322 0.625582 0.313709 0.662717 0.415830
0 0.644717 0.935850 0.641902 0.854212 0.622851 0.854869 0.625666 0.936507
0 0.543466 0.466551 0.525531 0.464992 0.515986 0.574760 0.533921 0.576319
0 0.409567 0.265601 0.393582 0.137716 0.366466 0.141106 0.382452 0.268990
0 0.124210 0.753078 0.104328 0.647040 0.084611 0.650737 0.104493 0.756775
0 0.829694 0.798467 0.809483 0.706601 0.788648 0.711185 0.808859 0.803051
0 0.648438 0.592187 0.620313 0.592187 0.620313 0.696875 0.648438 0.696875
0 0.908504 0.902920 0.901524 0.826140 0.881519 0.827959 0.888499 0.904739
0 0.696875 0.846875 0.679688 0.846875 0.679688 0.948438 0.696875 0.948438
0 0.478726 0.259495 0.464832 0.148341 0.434639 0.152115 0.448534 0.263269
0 0.220218 0.744705 0.215469 0.635469 0.192821 0.636453 0.197571 0.745690
0 0.017522 0.292906 0.006136 0.161966 -0.007147 0.163121 0.004239 0.294061
0 0.520118 0.424443 0.483359 0.319418 0.462340 0.326775 0.499099 0.431800
0 0.845432 0.232664 0.833723 0.124935 0.816601 0.126796 0.828311 0.234525
0 0.742097 0.807024 0.725949 0.712828 0.710380 0.715497 0.726528 0.809693
0 0.560616 0.419456 0.512907 0.292230 0.493044 0.299679 0.540753 0.426905
0 0.953459 0.904009 0.946164 0.816466 0.923147 0.818384 0.930442 0.905927
0 0.367502 0.268353 0.355178 0.161542 0.342842 0.162965 0.355167 0.269776
0 0.509964 0.741446 0.490001 0.739050 0.478017 0.838924 0.497979 0.841320
0 0.103900 0.260821 0.099832 0.179462 0.089857 0.179960 0.093925 0.261319
0 0.550836 0.708994 0.543155 0.597616 0.521061 0.599140 0.528743 0.710518
0 0.107928 0.286026 0.093245 0.175901 0.061825 0.180090 0.076508 0.290216
0 0.125591 0.753754 0.113681 0.646570 0.090701 0.649123 0.102611 0.756307
0 0.565188 0.457750 0.547906 0.455281 0.531406 0.570781 0.548687 0.573250
0 0.711223 0.242947 0.696153 0.120237 0.668635 0.123616 0.683705 0.246327
0 0.656250 0.721875 0.631250 0.721875 0.631250 0.820312 0.656250 0.820312
0 0.199914 0.278552 0.177226 0.155388 0.137934 0.162626 0.160622 0.285790
0 0.600514 0.251100 0.590170 0.134728 0.570017 0.136519 0.580361 0.252892
0 0.742505 0.406312 0.733332 0.299286 0.707539 0.301497 0.716713 0.408523
0 0.528922 0.257466 0.518903 0.143920 0.492500 0.146250 0.502519 0.259796
0 0.205834 0.743339 0.193259 0.636455 0.175219 0.638577 0.187793 0.745462
0 0.468750 0.475000 0.442188 0.475000 0.442188 0.581250 0.468750 0.581250
0 0.803548 0.472996 0.773925 0.454145 0.717950 0.542105 0.747574 0.560956
0 0.662256 0.412729 0.628541 0.300344 0.607612 0.306623 0.641327 0.419008
0 0.615705 0.826248 0.612850 0.726329 0.591618 0.726936 0.594473 0.826854
0 0.109713 0.617287 0.089343 0.503796 0.068655 0.507509 0.089026 0.621000
0 0.571875 0.539062 0.567187 0.539062 0.567187 0.556250 0.571875 0.556250
0 0.810896 0.235987 0.800600 0.119295 0.778939 0.121206 0.789236 0.237898
0 0.266821 0.600291 0.257759 0.491541 0.235905 0.493362 0.244968 0.602112
0 0.285551 0.444357 0.260588 0.332022 0.231801 0.338419 0.256765 0.450754
0 0.472561 0.260611 0.463262 0.152122 0.449214 0.153326 0.458513 0.261815
0 0.338951 0.978605 0.332752 0.889757 0.312321 0.891183 0.318520 0.980031
0 0.951336 0.388671 0.941412 0.275534 0.922724 0.277173 0.932648 0.390310
0 0.383628 0.268040 0.369740 0.160407 0.352834 0.162588 0.366722 0.270221
0 0.817355 0.399578 0.807428 0.285427 0.787201 0.287186 0.797127 0.401337
0 0.776176 0.802768 0.764187 0.710853 0.741810 0.713772 0.753799 0.805687
0 0.385597 0.753403 0.372293 0.752073 0.362268 0.852321 0.375572 0.853651
0 0.429224 0.264368 0.413942 0.137014 0.392624 0.139573 0.407906 0.266926
0 0.193858 0.870036 0.184013 0.773568 0.176513 0.774334 0.186358 0.870802
0 0.204373 0.876024 0.192071 0.771256 0.179771 0.772701 0.192073 0.877469
0 0.211233 0.875161 0.200848 0.771741 0.186267 0.773205 0.196653 0.876625
0 0.221765 0.871148 0.212838 0.769107 0.194060 0.770750 0.202988 0.872791
0 0.229902 0.868833 0.219100 0.768922 0.200588 0.770924 0.211390 0.870835
0 0.242619 0.866584 0.233938 0.767509 0.219777 0.768750 0.228459 0.867825
0 0.257661 0.868746 0.243320 0.765867 0.227909 0.768015 0.242250 0.870894
0 0.275489 0.862963 0.266799 0.763640 0.247692 0.765311 0.256382 0.864634
0 0.280341 0.862508 0.270752 0.763509 0.261536 0.764402 0.271125 0.863401
0 0.287294 0.861414 0.278056 0.763395 0.270145 0.764141 0.279382 0.862160
0 0.294165 0.861483 0.288557 0.760590 0.278279 0.761161 0.283888 0.862054
0 0.176563 0.773438 0.157813 0.773438 0.157813 0.876563 0.176563 0.876563
0 0.187500 0.775000 0.167188 0.775000 0.167188 0.878125 0.187500 0.878125
0 0.317417 0.759442 0.301958 0.759163 0.300233 0.854442 0.315692 0.854722
0 0.323013 0.759853 0.310210 0.759666 0.308781 0.857023 0.321585 0.857211
0 0.329820 0.759218 0.318157 0.758564 0.312698 0.855941 0.324361 0.856595
0 0.335870 0.757089 0.322653 0.757026 0.322182 0.855606 0.335399 0.855669
0 0.347566 0.755058 0.337285 0.754426 0.331071 0.855631 0.341352 0.856262
0 0.428237 0.747442 0.411355 0.744537 0.393695 0.847173 0.410577 0.850078
0 0.525039 0.735924 0.511621 0.735368 0.507474 0.835493 0.520892 0.836049
0 0.532897 0.735629 0.522670 0.735493 0.521384 0.832229 0.531611 0.832365
0 0.542574 0.831731 0.540859 0.733164 0.530067 0.733352 0.531782 0.831919
0 0.553815 0.831054 0.551044 0.733058 0.539307 0.733390 0.542077 0.831386
0 0.562523 0.829206 0.561433 0.732091 0.551344 0.732204 0.552434 0.829319
0 0.573097 0.828319 0.569654 0.731014 0.558154 0.731421 0.561597 0.828726
0 0.668176 0.816816 0.657947 0.719888 0.646664 0.721078 0.656892 0.818007
0 0.677062 0.814408 0.669248 0.719257 0.657389 0.720231 0.665202 0.815381
0 0.686522 0.813326 0.674154 0.718705 0.659357 0.720639 0.671725 0.815260
0 0.701608 0.812540 0.691194 0.717484 0.675290 0.719227 0.685704 0.814283
0 0.713783 0.818436 0.701582 0.716942 0.691297 0.718178 0.703499 0.819673
0 0.724822 0.810009 0.712340 0.717824 0.701982 0.719226 0.714464 0.811412
0 0.728271 0.810418 0.720229 0.715033 0.709115 0.715970 0.717157 0.811355
0 0.738923 0.808072 0.724119 0.711822 0.712067 0.713676 0.726872 0.809926
0 0.746460 0.807240 0.734466 0.710687 0.725337 0.711821 0.737331 0.808374
0 0.756722 0.804161 0.740176 0.710293 0.729975 0.712091 0.746521 0.805959
0 0.164884 0.885952 0.156586 0.775655 0.110522 0.779121 0.118820 0.889418
0 0.383716 0.723706 0.367484 0.616112 0.348462 0.618982 0.364694 0.726576
0 0.365357 0.725811 0.348709 0.617975 0.336365 0.619881 0.353014 0.727717
0 0.393101 0.721948 0.376261 0.615911 0.366109 0.617523 0.382948 0.723561
0 0.402205 0.721989 0.387957 0.614772 0.375348 0.616448 0.389595 0.723665
0 0.415342 0.718881 0.399634 0.619148 0.386760 0.621176 0.402468 0.720909
0 0.423658 0.719230 0.410435 0.613148 0.399277 0.614539 0.412500 0.720621
0 0.445731 0.716787 0.433567 0.610857 0.420089 0.612405 0.432253 0.718334
0 0.431876 0.719038 0.421854 0.613084 0.411116 0.614100 0.421138 0.720053
0 0.457548 0.715939 0.443749 0.609490 0.430960 0.611148 0.444759 0.717596
0 0.465388 0.715057 0.454745 0.608155 0.437961 0.609826 0.448604 0.716728
0 0.473481 0.713212 0.465669 0.609354 0.454449 0.610198 0.462261 0.714056
0 0.483368 0.712897 0.476284 0.607594 0.463764 0.608437 0.470847 0.713739
0 0.490484 0.711306 0.483646 0.609132 0.472384 0.609886 0.479221 0.712060
0 0.508003 0.710259 0.501456 0.614282 0.484953 0.615408 0.491500 0.711385
0 0.516571 0.708714 0.508570 0.604360 0.499674 0.605042 0.507674 0.709396
0 0.527407 0.708196 0.521532 0.602019 0.507748 0.602781 0.513623 0.708959
0 0.607968 0.699032 0.605305 0.594896 0.596465 0.595122 0.599128 0.699258
0 0.601435 0.700031 0.597306 0.592352 0.585592 0.592801 0.589721 0.700480
0 0.621687 0.699837 0.619879 0.592431 0.605203 0.592678 0.607011 0.700084
0 0.661527 0.588806 0.648290 0.588690 0.647358 0.695020 0.660596 0.695136
0 0.672315 0.587338 0.660710 0.587286 0.660240 0.693369 0.671845 0.693421
0 0.683641 0.586016 0.671695 0.585492 0.667004 0.692412 0.678950 0.692936
0 0.723083 0.580856 0.710424 0.579473 0.698959 0.684369 0.711617 0.685752
0 0.732947 0.583746 0.721344 0.582133 0.706949 0.685693 0.718552 0.687306
0 0.744036 0.586816 0.728179 0.584226 0.711690 0.685182 0.727548 0.687772
0 0.757806 0.577731 0.744348 0.575505 0.726420 0.683857 0.739878 0.686084
0 0.780862 0.586216 0.760908 0.578444 0.723535 0.674391 0.743489 0.682164
0 0.748145 0.682620 0.747688 0.671123 0.742525 0.671328 0.742982 0.682825
0 0.788569 0.597914 0.776817 0.593457 0.745576 0.675832 0.757328 0.680289
0 0.711482 0.458013 0.695207 0.452812 0.661618 0.557918 0.677893 0.563119
0 0.737672 0.457623 0.715247 0.447288 0.664329 0.557764 0.686754 0.568099
0 0.738804 0.454437 0.725577 0.449772 0.688391 0.555215 0.701618 0.559880
0 0.758675 0.453465 0.735576 0.445352 0.697548 0.553617 0.720647 0.561730
0 0.789662 0.454434 0.768905 0.443074 0.711687 0.547627 0.732445 0.558987
0 0.696692 0.454878 0.672545 0.449398 0.647321 0.560541 0.671469 0.566021
0 0.682487 0.453365 0.666041 0.449534 0.640371 0.559720 0.656817 0.563552
0 0.596302 0.418348 0.559894 0.311202 0.543721 0.316698 0.580129 0.423844
0 0.580010 0.418377 0.544732 0.312994 0.527500 0.318762 0.562779 0.424145
0 0.439321 0.430084 0.406378 0.321874 0.387024 0.327766 0.419968 0.435976
0 0.422023 0.432595 0.385796 0.324900 0.371124 0.329835 0.407351 0.437530
0 0.406099 0.433365 0.373310 0.325366 0.352581 0.331660 0.385370 0.439658
0 0.439689 0.429584 0.407127 0.321781 0.382540 0.329208 0.415102 0.437011
0 0.422088 0.432569 0.385712 0.324756 0.370678 0.329828 0.407053 0.437641
0 0.494811 0.425516 0.461201 0.319370 0.444944 0.324518 0.478554 0.430664
0 0.481370 0.426864 0.450527 0.321455 0.440241 0.324465 0.471085 0.429874
0 0.475520 0.427635 0.441382 0.319958 0.423580 0.325602 0.457717 0.433280
0 0.439698 0.430146 0.406560 0.321972 0.384025 0.328876 0.417162 0.437049
0 0.040486 0.290243 0.028964 0.158554 -0.002645 0.161319 0.008877 0.293009
0 0.060476 0.462061 0.047869 0.351662 0.028363 0.353890 0.040969 0.464288
0 0.061346 0.462258 0.046540 0.350365 0.026611 0.353002 0.041417 0.464895
0 0.982015 0.430260 0.967356 0.426154 0.938104 0.530590 0.952764 0.534695
0 0.960072 0.448257 0.940691 0.440430 0.902944 0.533892 0.922325 0.541719
0 0.974956 0.441967 0.958749 0.435216 0.918849 0.531011 0.935056 0.537762
0 0.751041 0.930495 0.744471 0.838997 0.726500 0.840287 0.733069 0.931785
0 0.730638 0.931212 0.725237 0.840551 0.710842 0.841409 0.716242 0.932069
0 0.768000 0.928295 0.758272 0.839504 0.746371 0.840808 0.756099 0.929598
0 0.710211 0.941669 0.707149 0.843888 0.692606 0.844344 0.695668 0.942124
0 0.615801 0.939134 0.613845 0.855650 0.604787 0.855862 0.606744 0.939346
0 0.605284 0.941887 0.605125 0.856006 0.595371 0.856024 0.595529 0.941905
0 0.592328 0.943533 0.591530 0.857206 0.581341 0.857300 0.582139 0.943627
0 0.423172 0.968797 0.415196 0.877628 0.403007 0.878694 0.410983 0.969864
0 0.351538 0.973612 0.344244 0.886107 0.324143 0.887783 0.331437 0.975287
0 0.359376 0.971889 0.351875 0.886155 0.343310 0.886905 0.350811 0.972639
0 0.381075 0.969493 0.373617 0.884253 0.360770 0.885377 0.368227 0.970617
0 0.369592 0.971132 0.359699 0.885850 0.346947 0.887329 0.356840 0.972611
0 0.226320 0.989555 0.216641 0.902551 0.205795 0.903757 0.215474 0.990761
0 0.181943 0.996777 0.170392 0.907668 0.146288 0.910792 0.157840 0.999902
0 0.125707 0.999322 0.117239 0.913850 0.102899 0.915271 0.111368 1.000743
