0 0.8064317992339995 0.09618228615997018 0.7944459672041769 0.024816361944507002 0.1463499868146135 0.13366340127801243 0.15833581884443607 0.20502932549347563
0 0.8845113645667931 0.17659212266245622 0.8742592978750731 0.0879550950098802 0.15650040061823625 0.17097358376262997 0.16675246730995635 0.25961061141520597
0 0.8231504915676291 0.2348695000348373 0.8120552362528246 0.1604509885411523 0.16059577115773668 0.25757882605627713 0.17169102647254136 0.33199733754996213
0 0.8264432948583768 0.3123288925041004 0.81686930445288 0.23962312803613167 0.17246101467769898 0.3244796566577134 0.18203500508319573 0.3971854211256821
0 0.8389339664658415 0.4047169478351069 0.8292176296084077 0.32140727128007224 0.21312753637512172 0.39326133587277157 0.22284387323255544 0.4765710124278063
0 0.87748743346832 0.48267805774917194 0.8728839445614263 0.4282003950423574 0.20071647800160938 0.4850001056418375 0.20531996690850338 0.5394777683486519
0 0.8001000567616383 0.5247755528978506 0.7974915522151453 0.4916762876087657 0.2027846062895807 0.5385442696841674 0.20539311083607367 0.5716435349732523
0 0.8010914128882302 0.566122408816251 0.7987323657856817 0.5269332102021453 0.2052152995386368 0.5626607771072554 0.20757434664118518 0.601849975721361
0 0.8208943417895931 0.5876338406344181 0.8187107490635761 0.5508841343940463 0.22055010813878306 0.5864256218815888 0.22273370086480004 0.6231753281219606
0 0.8135481643744941 0.6795745673663808 0.8121474083058775 0.6558183994690621 0.283856224664897 0.6869685026624817 0.28525698073351347 0.7107246705598004
0 0.86283649074085 0.707629816074725 0.8598512956836073 0.6627626423396734 0.2915901570462128 0.7005713608540334 0.2945753521034554 0.7454385345890849
0 0.8696209176028311 0.7567987083684219 0.8672008045355739 0.7074681621083776 0.29367519090135213 0.7356048225995508 0.2960953039686095 0.7849353688595951
0 0.8210422390520543 0.8116603151208681 0.819389936866169 0.7591792187634083 0.29744736824110773 0.7756119327671653 0.299099670426993 0.8280930291246251
0 0.8166819246454173 0.8394452590245566 0.8159103828677594 0.8103707083271325 0.30335949906599546 0.8239721023484547 0.30413104084365344 0.8530466530458787
0 0.7912369922369046 0.8733613528118808 0.7902326514682259 0.837259927836208 0.2984551503615134 0.8509411660093076 0.2994594911301922 0.8870425909849804
0 0.8895368601247281 0.9064835338079439 0.8888946204640099 0.8688621857985469 0.2960032609649273 0.8789835229040704 0.2966455006256453 0.9166048709134674
0 0.8921801651589213 0.935855574461874 0.8917467384137462 0.9061285877489025 0.29608182016510654 0.9148135281104794 0.29651524691028175 0.9445405148234508