0 0.178273 0.830003 0.158722 0.827675 0.148656 0.912228 0.168208 0.914556
0 0.222404 0.833269 0.197212 0.830120 0.186466 0.916082 0.211659 0.919231
0 0.505823 0.466949 0.487242 0.460955 0.452959 0.567235 0.471539 0.573228
0 0.533261 0.744072 0.508824 0.740162 0.493379 0.836691 0.517816 0.840601
0 0.228439 0.412488 0.208573 0.409309 0.188965 0.531859 0.208831 0.535038
0 0.213834 0.267683 0.191540 0.265206 0.179440 0.374104 0.201734 0.376582
0 0.206250 0.565625 0.185938 0.565625 0.185938 0.671875 0.206250 0.671875
0 0.796242 0.190442 0.778674 0.188400 0.765580 0.301012 0.783148 0.303055
0 0.433085 0.732373 0.412574 0.723928 0.373775 0.818154 0.394286 0.826599
0 0.643606 0.493043 0.618376 0.480087 0.566311 0.581476 0.591542 0.594432
0 0.160985 0.827353 0.133626 0.822223 0.117070 0.910525 0.144428 0.915654
0 0.894718 0.376616 0.875938 0.373682 0.858973 0.482261 0.877753 0.485196
0 0.658358 0.449767 0.653526 0.341059 0.621264 0.342492 0.626095 0.451201
0 0.163070 0.249329 0.145845 0.247497 0.133266 0.365740 0.150491 0.367572
0 0.556906 0.431156 0.541000 0.319813 0.519781 0.322844 0.535687 0.434188
0 0.579771 0.161504 0.564083 0.158735 0.545601 0.263470 0.561289 0.266238
0 0.849277 0.543992 0.831262 0.521594 0.735855 0.598334 0.753870 0.620732
0 0.614834 0.166210 0.601158 0.164158 0.585491 0.268605 0.599167 0.270656
0 0.146773 0.251127 0.124936 0.249142 0.114588 0.362974 0.136424 0.364959
0 0.709375 0.343750 0.687500 0.343750 0.687500 0.457813 0.709375 0.457813
0 0.936782 0.195169 0.916087 0.192295 0.897665 0.324936 0.918360 0.327810
0 0.817990 0.180745 0.796035 0.178049 0.780706 0.302866 0.802661 0.305563
0 0.304360 0.110023 0.271335 0.106060 0.258463 0.213328 0.291488 0.217291
0 0.807945 0.528401 0.781767 0.508041 0.708065 0.602800 0.734243 0.623161
0 0.941779 0.390769 0.920625 0.388125 0.907909 0.489856 0.929063 0.492500
0 0.359169 0.448379 0.320371 0.437294 0.289593 0.545018 0.328390 0.556103
0 0.656731 0.449159 0.642500 0.335312 0.608269 0.339591 0.622500 0.453438
0 0.322370 0.578354 0.294760 0.575286 0.282889 0.682127 0.310499 0.685194
0 0.789274 0.776789 0.777775 0.776386 0.774321 0.874812 0.785820 0.875215
0 0.272209 0.064907 0.234249 0.061606 0.221526 0.207918 0.259486 0.211219
0 0.570079 0.749904 0.552492 0.746500 0.534203 0.840995 0.551790 0.844399
0 0.923899 0.368884 0.896639 0.364183 0.875763 0.485261 0.903024 0.489961
0 0.353252 0.446115 0.310684 0.439020 0.292736 0.546706 0.335304 0.553801
0 0.406200 0.115591 0.388726 0.113138 0.371770 0.233949 0.389244 0.236402
0 0.313438 0.714375 0.298906 0.709531 0.267031 0.805156 0.281563 0.810000
0 0.418560 0.858264 0.384745 0.853062 0.371740 0.937599 0.405555 0.942802
0 0.123559 0.257429 0.094571 0.255618 0.088084 0.359411 0.117072 0.361223
0 0.351445 0.286350 0.325848 0.285497 0.322106 0.397768 0.347702 0.398621
0 0.195204 0.419454 0.167612 0.415210 0.150325 0.527574 0.177917 0.531819
0 0.351573 0.105358 0.315369 0.101910 0.303866 0.222690 0.340070 0.226138
0 0.455346 0.447109 0.435324 0.441903 0.404029 0.562266 0.424051 0.567472
0 0.175756 0.257313 0.159273 0.255815 0.149065 0.368097 0.165548 0.369595
0 0.328610 0.283175 0.305270 0.282434 0.301660 0.396134 0.325000 0.396875
0 0.087792 0.548589 0.063333 0.546191 0.053001 0.651581 0.077459 0.653979
0 0.037910 0.396284 0.016370 0.392181 -0.004664 0.502609 0.016876 0.506712
0 0.517310 0.468624 0.500933 0.463452 0.467447 0.569490 0.483824 0.574662
0 0.731781 0.177770 0.708031 0.175270 0.695925 0.290278 0.719675 0.292778
0 0.748576 0.775201 0.721852 0.774715 0.720151 0.868264 0.746875 0.868750
0 0.764502 0.772289 0.747337 0.771665 0.743714 0.871306 0.760879 0.871930
0 0.348391 0.106714 0.311881 0.103063 0.300077 0.221101 0.336587 0.224752
0 0.089036 0.399238 0.071540 0.396587 0.054063 0.511932 0.071559 0.514583
0 0.586366 0.437246 0.578625 0.328871 0.559970 0.330203 0.567711 0.438579
0 0.535264 0.147572 0.520841 0.145769 0.507236 0.254615 0.521659 0.256418
0 0.863219 0.193406 0.835219 0.189406 0.817875 0.310813 0.845875 0.314813
0 0.679567 0.505288 0.656865 0.494535 0.611782 0.589709 0.634485 0.600463
0 0.481158 0.464430 0.453585 0.457537 0.427114 0.563419 0.454688 0.570313
0 0.299961 0.115210 0.281824 0.113301 0.271036 0.215783 0.289174 0.217693
0 0.878258 0.558256 0.863561 0.542611 0.787500 0.614063 0.802197 0.629707
0 0.429181 0.461808 0.411086 0.458039 0.389754 0.560431 0.407849 0.564200
0 0.489763 0.419343 0.480571 0.309041 0.447338 0.311810 0.456530 0.422112
0 0.033595 0.539988 0.010355 0.536930 -0.003760 0.644201 0.019481 0.647259
0 0.394757 0.289780 0.374714 0.288826 0.369164 0.405377 0.389207 0.406331
0 0.718244 0.770140 0.700269 0.768642 0.692026 0.867565 0.710000 0.869063
0 0.480598 0.464341 0.452710 0.457170 0.425425 0.563279 0.453313 0.570450
0 0.317677 0.112614 0.300920 0.110451 0.286935 0.218828 0.303693 0.220991
0 0.425772 0.459673 0.404433 0.454749 0.380416 0.558822 0.401756 0.563746
0 0.143919 0.086486 0.125929 0.083488 0.108826 0.186106 0.126816 0.189105
0 0.211360 0.833771 0.192931 0.830176 0.176319 0.915311 0.194748 0.918907
0 0.948564 0.683016 0.936231 0.670389 0.850838 0.753797 0.863171 0.766423
0 0.351633 0.727676 0.332207 0.717629 0.286014 0.806936 0.305439 0.816984
0 0.830481 0.193654 0.813942 0.191587 0.799639 0.306010 0.816178 0.308077
0 0.863602 0.366457 0.848277 0.364037 0.830236 0.478294 0.845562 0.480714
0 0.210432 0.092408 0.188044 0.091229 0.182260 0.201122 0.204649 0.202301
0 0.946338 0.561105 0.917486 0.529461 0.825791 0.613065 0.854643 0.644709
0 0.540431 0.605515 0.524882 0.602651 0.504802 0.711658 0.520351 0.714522
0 0.965245 0.386655 0.937627 0.382052 0.919257 0.492272 0.946875 0.496875
0 0.247921 0.105054 0.216314 0.104199 0.213536 0.206996 0.245143 0.207850
0 0.081158 0.233034 0.050758 0.220368 0.010910 0.316004 0.041309 0.328670
0 0.316379 0.437938 0.286029 0.436041 0.279165 0.545866 0.309515 0.547763
0 0.373297 0.446963 0.324570 0.435718 0.298920 0.546866 0.347647 0.558111
0 0.480024 0.867904 0.456877 0.863115 0.438736 0.950795 0.461884 0.955584
0 0.835481 0.913029 0.808942 0.909712 0.798317 0.994712 0.824856 0.998029
0 0.568750 0.604688 0.495312 0.604688 0.495313 0.807813 0.568750 0.807813
0 0.154563 0.554000 0.138375 0.551687 0.122781 0.660844 0.138969 0.663156
0 0.430850 0.119226 0.405983 0.116463 0.392588 0.237024 0.417454 0.239787
0 0.270008 0.064721 0.246831 0.062688 0.233938 0.209666 0.257115 0.211699
0 0.260428 0.275933 0.220248 0.271704 0.208896 0.379555 0.249075 0.383784
0 0.400589 0.117303 0.316642 0.100878 0.293516 0.219078 0.377463 0.235502
0 0.278125 0.573438 0.254688 0.573438 0.254688 0.679688 0.278125 0.679688
0 0.620874 0.202530 0.607114 0.199995 0.594023 0.271062 0.607783 0.273597
0 0.147200 0.411949 0.130410 0.409366 0.113394 0.519969 0.130184 0.522552
0 0.407439 0.455723 0.390892 0.451752 0.366299 0.554224 0.382846 0.558195
0 0.285192 0.105962 0.266346 0.103606 0.252812 0.211875 0.271659 0.214231
0 0.220000 0.269687 0.191723 0.263628 0.168925 0.370015 0.197203 0.376075
0 0.400092 0.452757 0.374357 0.446324 0.347335 0.554412 0.373070 0.560846
0 0.231820 0.095717 0.216167 0.094513 0.207785 0.203483 0.223438 0.204688
0 0.587584 0.161993 0.574155 0.159755 0.556799 0.263894 0.570228 0.266132
0 0.250161 0.428289 0.225640 0.423180 0.202709 0.533247 0.227231 0.538355
0 0.719969 0.896156 0.677313 0.890062 0.665250 0.974500 0.707906 0.980594
0 0.348813 0.850224 0.333328 0.847779 0.319987 0.932268 0.335473 0.934713
0 0.086928 0.547332 0.063948 0.544779 0.052058 0.651791 0.075038 0.654345
0 0.521661 0.148908 0.496772 0.146289 0.485625 0.252188 0.510514 0.254807
0 0.831683 0.357538 0.810091 0.354165 0.791584 0.472611 0.813176 0.475985
0 0.792980 0.363837 0.773723 0.360731 0.756735 0.466056 0.775992 0.469162
0 0.071936 0.392442 0.039071 0.384858 0.013659 0.494979 0.046524 0.502563
0 0.679688 0.176563 0.653125 0.176563 0.653125 0.282813 0.679688 0.282813
0 0.191498 0.282329 0.176451 0.280745 0.166802 0.372410 0.181849 0.373994
0 0.654511 0.167829 0.626908 0.163448 0.609321 0.274247 0.636924 0.278629
0 0.278125 0.268750 0.254688 0.268750 0.254688 0.387500 0.278125 0.387500
0 0.289555 0.434360 0.266501 0.430744 0.249343 0.540124 0.272397 0.543740
0 0.693432 0.183899 0.669033 0.180972 0.656841 0.282571 0.681240 0.285499
0 0.141176 0.062515 0.114260 0.056871 0.087934 0.182425 0.114851 0.188068
0 0.811275 0.358910 0.791258 0.355574 0.772297 0.469341 0.792314 0.472677
0 0.679522 0.891746 0.661547 0.888435 0.645496 0.975568 0.663471 0.978880
0 0.735940 0.355913 0.718430 0.354197 0.708113 0.459435 0.725622 0.461152
0 0.413378 0.410265 0.405992 0.297635 0.389644 0.298707 0.397029 0.411337
0 0.391968 0.857120 0.362682 0.852496 0.348822 0.940274 0.378108 0.944899
0 0.817187 0.779688 0.800000 0.779688 0.800000 0.881250 0.817187 0.881250
0 0.197541 0.090138 0.180604 0.088324 0.169000 0.196623 0.185938 0.198438
0 0.711344 0.186219 0.692750 0.183563 0.678281 0.284844 0.696875 0.287500
0 0.364140 0.401274 0.357601 0.293384 0.322267 0.295526 0.328805 0.403415
0 0.373271 0.123006 0.346185 0.119680 0.333125 0.226025 0.360211 0.229352
0 0.563119 0.164341 0.544946 0.161791 0.531122 0.260289 0.549294 0.262840
0 0.409047 0.730137 0.392302 0.722409 0.347622 0.819215 0.364367 0.826944
0 0.352532 0.447029 0.305637 0.439569 0.288655 0.546313 0.335550 0.553774
0 0.418090 0.729220 0.402577 0.722326 0.361405 0.814965 0.376917 0.821859
0 0.258433 0.274572 0.213861 0.269880 0.202389 0.378870 0.246961 0.383562
0 0.169117 0.416423 0.144405 0.412521 0.127073 0.522285 0.151786 0.526187
0 0.099981 0.820484 0.079573 0.818216 0.070141 0.903106 0.090549 0.905373
0 0.839585 0.195823 0.828367 0.194253 0.812465 0.307839 0.823683 0.309409
0 0.155857 0.079166 0.142039 0.077227 0.126193 0.190135 0.140010 0.192074
0 0.903812 0.191713 0.884645 0.188707 0.864378 0.317911 0.883545 0.320918
0 0.875287 0.917531 0.855256 0.912818 0.835318 0.997556 0.855348 1.002269
0 0.617000 0.483382 0.602022 0.476287 0.551849 0.582208 0.566827 0.589303
0 0.443579 0.862370 0.429428 0.859717 0.413614 0.944057 0.427765 0.946710
0 0.877584 0.377210 0.855039 0.373688 0.838423 0.480027 0.860969 0.483550
0 0.615625 0.675000 0.610938 0.675000 0.610938 0.681250 0.615625 0.681250
0 0.385148 0.125397 0.358577 0.121888 0.344529 0.228257 0.371099 0.231767
0 0.755350 0.164173 0.733578 0.161699 0.718559 0.293870 0.740330 0.296344
0 0.015625 0.809375 0.000000 0.809375 0.000000 0.871875 0.015625 0.871875
0 0.750300 0.981190 0.745132 0.955349 0.729808 0.958413 0.734976 0.984255
0 0.660235 0.448635 0.646493 0.345572 0.619269 0.349202 0.633010 0.452265
0 0.692187 0.346875 0.671875 0.346875 0.671875 0.454688 0.692187 0.454688
0 0.551975 0.877379 0.532461 0.872876 0.514212 0.951958 0.533725 0.956461
0 0.549531 0.476406 0.532188 0.470625 0.497500 0.574688 0.514844 0.580469
0 0.484231 0.121466 0.456538 0.118005 0.440481 0.246466 0.468173 0.249928
0 0.081950 0.546282 0.061778 0.544601 0.052823 0.652058 0.072996 0.653739
0 0.748675 0.775155 0.728490 0.774767 0.726686 0.868572 0.746871 0.868960
0 0.622335 0.624724 0.593290 0.617463 0.568015 0.718566 0.597059 0.725827
0 0.810515 0.913471 0.791512 0.910304 0.778927 0.985811 0.797931 0.988978
0 0.605917 0.882275 0.588934 0.878279 0.565512 0.977823 0.582495 0.981819
0 0.550509 0.149067 0.520009 0.145856 0.508442 0.255741 0.538943 0.258951
0 0.189316 0.560980 0.167019 0.557264 0.149113 0.664696 0.171410 0.668412
0 0.099130 0.050493 0.086190 0.048823 0.069347 0.179361 0.082286 0.181031
0 0.537591 0.430646 0.526994 0.319379 0.504579 0.321513 0.515176 0.432781
0 0.913945 0.216015 0.896230 0.213535 0.881311 0.320102 0.899026 0.322582
0 0.666745 0.759762 0.650774 0.758697 0.644393 0.854418 0.660364 0.855483
0 0.576501 0.435319 0.563072 0.301037 0.542497 0.303094 0.555925 0.437376
0 0.855838 0.914684 0.832986 0.911028 0.819267 0.996770 0.842119 1.000427
0 0.441012 0.135706 0.429019 0.134071 0.414566 0.240055 0.426559 0.241690
0 0.449578 0.735926 0.430509 0.728992 0.396202 0.823335 0.415271 0.830269
0 0.188325 0.090775 0.179112 0.089100 0.164537 0.169263 0.173750 0.170938
0 0.518126 0.605752 0.495988 0.601564 0.475648 0.709075 0.497786 0.713264
0 0.182765 0.085604 0.151126 0.082273 0.139508 0.192646 0.171147 0.195976
0 0.087361 0.547061 0.063890 0.544654 0.052931 0.651503 0.076402 0.653910
0 0.572607 0.474101 0.556301 0.467404 0.511970 0.575340 0.528276 0.582037
0 0.781269 0.177954 0.753830 0.174905 0.740187 0.297694 0.767626 0.300743
0 0.590625 0.748437 0.557813 0.748437 0.557813 0.846875 0.590625 0.846875
0 0.270072 0.086846 0.230244 0.083895 0.221027 0.208328 0.260854 0.211279
0 0.675346 0.166355 0.655465 0.163192 0.637089 0.278699 0.656969 0.281862
0 0.774157 0.360708 0.748037 0.356627 0.731473 0.462633 0.757594 0.466714
0 0.604307 0.158530 0.577956 0.154139 0.559248 0.266385 0.585600 0.270777
0 0.169375 0.558125 0.152531 0.555719 0.137188 0.663125 0.154031 0.665531
0 0.470875 0.464875 0.444337 0.460050 0.425462 0.563863 0.452000 0.568688
0 0.799342 0.548183 0.776506 0.523063 0.700834 0.591855 0.723671 0.616975
0 0.677777 0.452936 0.672662 0.335292 0.650761 0.336244 0.655876 0.453889
0 0.554712 0.745873 0.534138 0.741227 0.512036 0.839109 0.532610 0.843755
0 0.100579 0.403410 0.080028 0.401829 0.071186 0.516774 0.091737 0.518355
0 0.559743 0.553217 0.554228 0.551838 0.548897 0.573162 0.554412 0.574540
0 0.883260 0.202373 0.861837 0.198991 0.843568 0.314692 0.864992 0.318074
0 0.266208 0.432247 0.244785 0.428864 0.227796 0.536461 0.249219 0.539844
0 0.307964 0.277610 0.279043 0.276405 0.274263 0.391115 0.303185 0.392320
0 0.547833 0.152461 0.533529 0.150185 0.516415 0.257761 0.530719 0.260036
0 0.242314 0.836740 0.222044 0.833361 0.207432 0.921030 0.227703 0.924409
0 0.982036 0.387328 0.963764 0.384373 0.945425 0.497743 0.963697 0.500699
0 0.455354 0.137457 0.438392 0.135500 0.425876 0.243971 0.442838 0.245928
0 0.849873 0.366385 0.829856 0.363049 0.811106 0.475549 0.831123 0.478885
0 0.702000 0.766410 0.680947 0.764726 0.673465 0.858252 0.694518 0.859936
0 0.327315 0.717904 0.314974 0.713223 0.279437 0.806909 0.291778 0.811590
0 0.504651 0.126514 0.483488 0.123575 0.465888 0.250297 0.487051 0.253236
0 0.127217 0.688998 0.119754 0.687926 0.105970 0.783910 0.113432 0.784982
0 0.135595 0.688704 0.123311 0.687130 0.109902 0.791762 0.122186 0.793336
0 0.143994 0.691298 0.129492 0.689191 0.114550 0.792051 0.129051 0.794158
0 0.156265 0.691643 0.137648 0.688694 0.121624 0.789864 0.140241 0.792812
0 0.162386 0.692978 0.143940 0.690442 0.130250 0.789998 0.148697 0.792535
0 0.177129 0.695199 0.163085 0.692974 0.147527 0.791204 0.161571 0.793429
0 0.186826 0.695945 0.171586 0.694258 0.160159 0.797494 0.175399 0.799181
0 0.209946 0.699392 0.191002 0.696392 0.175406 0.794866 0.194349 0.797867
0 0.213814 0.700222 0.204654 0.698858 0.190009 0.797236 0.199168 0.798600
0 0.220928 0.701878 0.213071 0.700687 0.198321 0.798030 0.206178 0.799220
0 0.231795 0.701696 0.221685 0.699764 0.202718 0.799017 0.212829 0.800949
0 0.110938 0.682813 0.085938 0.682813 0.085938 0.785937 0.110938 0.785937
0 0.121875 0.685937 0.095313 0.685937 0.095313 0.789062 0.121875 0.789062
0 0.260076 0.707565 0.245144 0.703554 0.220420 0.795585 0.235352 0.799597
0 0.265406 0.709318 0.253029 0.706038 0.228090 0.800158 0.240467 0.803438
0 0.272164 0.710348 0.261006 0.706892 0.232152 0.800056 0.243310 0.803512
0 0.278550 0.709746 0.265741 0.706487 0.241435 0.802025 0.254244 0.805283
0 0.290390 0.710604 0.280567 0.707505 0.250054 0.804199 0.259877 0.807299
0 0.370507 0.722731 0.354829 0.715828 0.312864 0.811143 0.328542 0.818045
0 0.467220 0.734973 0.454335 0.731188 0.426089 0.827335 0.438973 0.831121
0 0.474916 0.736588 0.465026 0.733982 0.440375 0.827533 0.450266 0.830139
0 0.483238 0.736123 0.472721 0.733694 0.450539 0.829748 0.461057 0.832177
0 0.493146 0.738484 0.481677 0.735966 0.460658 0.831722 0.472127 0.834240
0 0.503460 0.740059 0.493643 0.737728 0.471207 0.832222 0.481023 0.834553
0 0.511698 0.741003 0.500441 0.738616 0.480241 0.833863 0.491498 0.836250
0 0.600060 0.751567 0.588824 0.749992 0.575299 0.846516 0.586536 0.848090
0 0.611178 0.753689 0.599435 0.751765 0.583997 0.845979 0.595740 0.847903
0 0.616071 0.754340 0.601246 0.752638 0.590356 0.847440 0.605181 0.849143
0 0.632901 0.757278 0.617048 0.755121 0.604156 0.849873 0.620009 0.852030
0 0.643111 0.759265 0.632833 0.757976 0.620118 0.859408 0.630396 0.860696
0 0.653336 0.762723 0.642947 0.761578 0.632756 0.854045 0.643146 0.855190
0 0.655166 0.760741 0.644042 0.759871 0.636577 0.855276 0.647702 0.856146
0 0.666217 0.759749 0.654075 0.758633 0.645155 0.855605 0.657297 0.856722
0 0.676532 0.761152 0.667400 0.760043 0.655679 0.856629 0.664811 0.857737
0 0.682167 0.762150 0.671834 0.761427 0.665180 0.856510 0.675513 0.857233
0 0.099804 0.684074 0.054442 0.677036 0.037516 0.786131 0.082879 0.793169
0 0.343330 0.580604 0.324179 0.578787 0.313900 0.687112 0.333051 0.688930
0 0.324662 0.577870 0.312224 0.576733 0.302290 0.685393 0.314728 0.686531
0 0.351895 0.582533 0.341654 0.581641 0.332341 0.688602 0.342582 0.689494
0 0.363520 0.584257 0.350879 0.582833 0.338765 0.690312 0.351405 0.691737
0 0.373791 0.591328 0.360809 0.590181 0.351922 0.690752 0.364905 0.691899
0 0.385723 0.588119 0.374559 0.586769 0.361726 0.692899 0.372889 0.694249
0 0.408721 0.591493 0.395269 0.589734 0.381446 0.695459 0.394898 0.697218
0 0.396818 0.590820 0.386153 0.589207 0.370245 0.694438 0.380909 0.696050
0 0.418932 0.592630 0.406122 0.591144 0.393759 0.697769 0.406569 0.699254
0 0.429924 0.593994 0.413234 0.591555 0.397699 0.697857 0.414389 0.700296
0 0.440234 0.597801 0.429143 0.595905 0.411597 0.698567 0.422688 0.700463
0 0.450959 0.598661 0.438607 0.596449 0.420005 0.700338 0.432357 0.702549
0 0.457731 0.601934 0.446621 0.599941 0.428537 0.700734 0.439647 0.702727
0 0.473765 0.611240 0.457480 0.608340 0.440614 0.703049 0.456899 0.705949
0 0.483069 0.603334 0.474271 0.601843 0.456788 0.705033 0.465586 0.706523
0 0.495906 0.604063 0.482515 0.601942 0.465909 0.706786 0.479300 0.708907
0 0.579220 0.617553 0.570588 0.615634 0.547979 0.717320 0.556611 0.719240
0 0.572074 0.613149 0.560599 0.610751 0.538555 0.716230 0.550030 0.718628
0 0.593957 0.618686 0.579657 0.615376 0.555428 0.720029 0.569728 0.723339
0 0.635245 0.625245 0.622429 0.621930 0.595802 0.724876 0.608618 0.728191
0 0.646068 0.626430 0.634820 0.623573 0.608700 0.726391 0.619948 0.729248
0 0.657377 0.627888 0.645912 0.624489 0.615494 0.727098 0.626959 0.730497
0 0.696895 0.632423 0.684948 0.628018 0.648446 0.727025 0.660394 0.731429
0 0.705767 0.637613 0.694899 0.633241 0.655878 0.730243 0.666747 0.734615
0 0.715785 0.643275 0.701025 0.636926 0.660602 0.730893 0.675362 0.737243
0 0.731343 0.637791 0.718824 0.632375 0.675215 0.733171 0.687735 0.738588
0 0.751662 0.651601 0.734181 0.639233 0.674706 0.723289 0.692187 0.735658
0 0.698932 0.725962 0.693873 0.724911 0.691535 0.736177 0.696594 0.737227
0 0.756310 0.664817 0.745985 0.657649 0.695744 0.730020 0.706069 0.737187
0 0.715358 0.510422 0.700825 0.501439 0.642806 0.595296 0.657339 0.604280
0 0.740864 0.516380 0.721606 0.500926 0.645473 0.595803 0.664732 0.611256
0 0.742733 0.513562 0.731028 0.505836 0.669437 0.599151 0.681143 0.606877
0 0.762249 0.517427 0.741799 0.503966 0.678709 0.599816 0.699159 0.613276
0 0.792082 0.525864 0.774689 0.509819 0.693877 0.597424 0.711270 0.613469
0 0.701766 0.503803 0.679661 0.492643 0.628299 0.594383 0.650404 0.605542
0 0.688348 0.498898 0.673318 0.491202 0.621754 0.591905 0.636784 0.599601
0 0.613195 0.444071 0.603789 0.331300 0.586767 0.332720 0.596173 0.445491
0 0.597380 0.440157 0.588644 0.329370 0.570529 0.330799 0.579265 0.441586
0 0.459423 0.417339 0.451602 0.304294 0.431884 0.305658 0.439705 0.418704
0 0.440646 0.415733 0.431549 0.302473 0.416119 0.303712 0.425215 0.416972
0 0.425009 0.412627 0.419321 0.299904 0.397685 0.300996 0.403373 0.413719
0 0.458516 0.417085 0.453001 0.304607 0.427347 0.305865 0.432862 0.418343
0 0.440715 0.415723 0.431502 0.302313 0.415687 0.303597 0.424900 0.417008
0 0.512985 0.426473 0.506051 0.315350 0.489032 0.316411 0.495965 0.427535
0 0.499617 0.424530 0.495190 0.314790 0.484482 0.315222 0.488909 0.424962
0 0.493754 0.423863 0.486680 0.311125 0.468040 0.312295 0.475114 0.425032
0 0.458388 0.417632 0.452405 0.304655 0.428869 0.305902 0.434852 0.418879
0 0.121747 0.053510 0.091494 0.050162 0.076938 0.181669 0.107190 0.185018
0 0.097185 0.246688 0.077720 0.244130 0.063244 0.354299 0.082710 0.356857
0 0.096209 0.245108 0.076234 0.242846 0.063531 0.354997 0.083506 0.357259
0 0.984569 0.548941 0.971338 0.541411 0.917690 0.635668 0.930921 0.643198
0 0.958923 0.561095 0.942012 0.548812 0.882776 0.630366 0.899687 0.642649
0 0.972437 0.556480 0.957251 0.546126 0.898945 0.631637 0.914131 0.641991
0 0.655199 0.888070 0.637449 0.884974 0.621688 0.975344 0.639437 0.978440
0 0.636160 0.884925 0.621985 0.882275 0.605292 0.971549 0.619467 0.974199
0 0.668467 0.891901 0.656604 0.890287 0.644562 0.978793 0.656425 0.980407
0 0.617802 0.883787 0.603581 0.880711 0.582897 0.976328 0.597117 0.979404
0 0.524423 0.872627 0.515584 0.870642 0.497285 0.952119 0.506125 0.954104
0 0.515877 0.870863 0.506408 0.868521 0.485785 0.951889 0.495254 0.954232
0 0.502396 0.868738 0.492486 0.866365 0.472376 0.950320 0.482285 0.952694
0 0.326358 0.845895 0.314273 0.843981 0.299957 0.934372 0.312042 0.936286
0 0.255463 0.836957 0.235554 0.833720 0.221462 0.920390 0.241371 0.923627
0 0.262856 0.838850 0.254364 0.837505 0.240901 0.922507 0.249393 0.923852
0 0.284412 0.842264 0.271674 0.840247 0.258289 0.924759 0.271027 0.926776
0 0.270521 0.840447 0.257790 0.838797 0.246757 0.923939 0.259488 0.925589
0 0.127672 0.822042 0.116856 0.820589 0.105199 0.907351 0.116016 0.908804
0 0.082271 0.816371 0.057991 0.813003 0.045646 0.901986 0.069926 0.905354
0 0.028489 0.808959 0.014232 0.806868 0.001722 0.892184 0.015980 0.894274
