0 0.5613233872175958 0.11374906061973922 0.4843174524082675 0.11146620407442072 0.4715842151541387 0.5409872092001972 0.5485901499634669 0.5432700657455156
0 0.698246785087215 0.3365420051687403 0.6383891438388603 0.3356702507521663 0.6318864530667463 0.7821672503497104 0.6917440943151011 0.7830390047662843
0 0.6402563467549398 0.3501806027203342 0.6077448376037309 0.3497525874633057 0.6020766999560224 0.7802973074883364 0.6345882091072312 0.7807253227453649
0 0.5269444720599463 0.5454883950796102 0.47397963118033815 0.543007596863965 0.455936139007291 0.9282346926555471 0.5089009798868991 0.9307154908711922
0 0.4743765757064139 0.5345502580354708 0.4365698400373879 0.5336204317881669 0.4267653292080791 0.9322718468912781 0.4645720648771051 0.9332016731385823
0 0.5499122045499234 0.5441937728950026 0.5117738813876337 0.543486676364662 0.5043897692926718 0.9417599548498361 0.5425280924549615 0.9424670513801766
0 0.48484251660840316 0.12052890862176968 0.4458765038214302 0.11953191864019877 0.43527345304207854 0.5339379005319584 0.4742394658290515 0.5349348905135293
0 0.44500842607747026 0.12631775666655778 0.4082040265637831 0.12551687010299623 0.398849948890429 0.5553795091279324 0.4356543484041161 0.556180395691494
0 0.41131936283136233 0.12988259166369984 0.3783519521009594 0.12905513670280438 0.36815038509077225 0.5355053552797936 0.4011177958211752 0.5363328102406891
0 0.3834647215071858 0.13357286077515756 0.33847215013625326 0.13325391119610133 0.33555339630771097 0.5449874533235064 0.38054596767864346 0.5453064029025627
0 0.3437424314684959 0.14176624888665829 0.30807429890764254 0.1411280502021433 0.30084057802613884 0.5454117342178441 0.3365087105869922 0.546049932902359
0 0.43990540385132765 0.5563048487706518 0.4086297504421224 0.5552532130385424 0.3965375805697427 0.914874422499703 0.42781323397894794 0.9159260582318124
0 0.4094830265811509 0.5535298991581736 0.35165273604574654 0.5523235175307518 0.3435256263744237 0.9419126017993056 0.401355916909828 0.9431189834267275
0 0.35310951755446957 0.546458322959577 0.3275699005919461 0.5459416349522368 0.3201828884497865 0.9110777672566857 0.34572250541231 0.9115944552640258
0 0.3312616329534897 0.5456587660054553 0.30052108420407786 0.5448006288676746 0.29041122418118637 0.9069602781833526 0.32115177293059816 0.9078184153211332