0 0.399357 0.922426 0.379044 0.841176 0.356985 0.846691 0.377298 0.927941
0 0.358141 0.822551 0.328960 0.731763 0.299169 0.741339 0.328351 0.832126
0 0.595008 0.797654 0.568437 0.701997 0.548129 0.707638 0.574700 0.803295
0 0.730931 0.663396 0.713242 0.554314 0.693121 0.557577 0.710810 0.666659
0 0.831770 0.379625 0.813202 0.276467 0.790863 0.280488 0.809431 0.383646
0 0.682741 0.270899 0.669375 0.186250 0.644742 0.190139 0.658108 0.274789
0 0.677402 0.409366 0.661633 0.306864 0.607740 0.315155 0.623510 0.417657
0 0.819375 0.649687 0.804906 0.548406 0.780625 0.551875 0.795094 0.653156
0 0.597340 0.290287 0.583024 0.204392 0.563514 0.207644 0.577829 0.293539
0 0.076977 0.510634 0.055979 0.435638 0.036100 0.441205 0.057098 0.516200
0 0.754868 0.394651 0.736899 0.304808 0.712560 0.309675 0.730529 0.399519
0 0.876500 0.077688 0.864844 -0.003906 0.834219 0.000469 0.845875 0.082063
0 0.749043 0.105420 0.735511 0.019154 0.705609 0.023844 0.719141 0.110110
0 0.228716 0.220735 0.216174 0.145481 0.184502 0.150760 0.197044 0.226014
0 0.796707 0.653341 0.783486 0.547572 0.764255 0.549976 0.777476 0.655745
0 0.906265 0.366896 0.891407 0.266609 0.864113 0.270652 0.878970 0.370940
0 0.512990 0.158311 0.499662 0.073902 0.479764 0.077044 0.493091 0.161453
0 0.604991 0.422693 0.597509 0.325432 0.570983 0.327472 0.578465 0.424733
0 0.471740 0.812745 0.444460 0.718503 0.426097 0.723819 0.453378 0.818060
0 0.935938 0.873437 0.924567 0.782476 0.895144 0.786154 0.906514 0.877115
0 0.695062 0.406438 0.678287 0.314175 0.663300 0.316900 0.680075 0.409163
0 0.909248 0.638846 0.894619 0.524257 0.869170 0.527506 0.883798 0.642095
0 0.501581 0.564926 0.479963 0.467647 0.460772 0.471912 0.482390 0.569191
0 0.368372 0.333185 0.355589 0.253293 0.322255 0.258627 0.335038 0.338519
0 0.501227 0.912854 0.478729 0.831863 0.457374 0.837795 0.479871 0.918786
0 0.639144 0.900942 0.622557 0.815241 0.594184 0.820733 0.610771 0.906433
0 0.729822 0.399273 0.715457 0.310209 0.694284 0.313624 0.708649 0.402688
0 0.082845 0.630748 0.058153 0.536917 0.036387 0.542645 0.061079 0.636476
0 0.471345 0.444670 0.455851 0.360559 0.435450 0.364317 0.450944 0.448428
0 0.128493 0.743600 0.107458 0.643097 0.086431 0.647498 0.107467 0.748001
0 0.371862 0.189775 0.355912 0.102050 0.327450 0.107225 0.343400 0.194950
0 0.514620 0.807280 0.485498 0.712635 0.462880 0.719595 0.492002 0.814240
0 0.189421 0.491922 0.167016 0.410918 0.147437 0.416334 0.169842 0.497338
0 0.280889 0.599760 0.262260 0.506611 0.238822 0.511298 0.257452 0.604447
0 0.669526 0.671840 0.654209 0.559511 0.629874 0.562830 0.645192 0.675158
0 0.094940 0.854487 0.069352 0.769194 0.036239 0.779128 0.061826 0.864421
0 0.550841 0.557332 0.530649 0.456370 0.514123 0.459675 0.534315 0.560637
0 0.695038 0.268827 0.680718 0.181114 0.667020 0.183350 0.681341 0.271063
0 0.910932 0.763087 0.894808 0.659893 0.870308 0.663721 0.886432 0.766915
0 0.884375 0.878125 0.871344 0.786906 0.852969 0.789531 0.866000 0.880750
0 0.681801 0.405925 0.666862 0.308824 0.624124 0.315399 0.639062 0.412500
0 0.512796 0.306461 0.497255 0.213218 0.474451 0.217019 0.489992 0.310262
0 0.781593 0.097543 0.769075 0.016176 0.750641 0.019012 0.763159 0.100379
0 0.783129 0.656134 0.771169 0.542509 0.745873 0.545171 0.757834 0.658797
0 0.564844 0.428906 0.552312 0.341188 0.538312 0.343188 0.550844 0.430906
0 0.233353 0.358954 0.217728 0.280829 0.187079 0.286959 0.202704 0.365084
0 0.860061 0.643674 0.848190 0.536833 0.829325 0.538929 0.841197 0.645770
0 0.461504 0.571004 0.440502 0.471721 0.419881 0.476083 0.440883 0.575366
0 0.511118 0.436839 0.494050 0.351502 0.473017 0.355709 0.490084 0.441046
0 0.121243 0.855074 0.100360 0.764580 0.077537 0.769847 0.098420 0.860341
0 0.850332 0.878634 0.836291 0.790881 0.813195 0.794576 0.827235 0.882330
0 0.590066 0.680591 0.570143 0.573505 0.540747 0.578974 0.560670 0.686060
0 0.516587 0.562620 0.495733 0.458353 0.477103 0.462079 0.497957 0.566346
0 0.170028 0.370291 0.154696 0.295551 0.134204 0.299755 0.149536 0.374494
0 0.932821 0.761789 0.920038 0.656331 0.894934 0.659374 0.907716 0.764832
0 0.479687 0.915625 0.459007 0.832904 0.438419 0.838051 0.459099 0.920772
0 0.715609 0.265536 0.700430 0.179520 0.679216 0.183263 0.694395 0.269280
0 0.904906 0.503094 0.889969 0.398531 0.863937 0.402250 0.878875 0.506812
0 0.800000 0.012500 0.767188 0.012500 0.767188 0.096875 0.800000 0.096875
0 0.883060 0.643276 0.876239 0.527317 0.849860 0.528869 0.856681 0.644828
0 0.694411 0.787680 0.674519 0.688221 0.650481 0.693029 0.670373 0.792488
0 0.881553 0.506252 0.864747 0.402057 0.837040 0.406526 0.853846 0.510720
0 0.191993 0.366166 0.168818 0.290845 0.145431 0.298041 0.168606 0.373361
0 0.056309 0.518544 0.041061 0.437223 0.023231 0.440566 0.038479 0.521887
0 0.343510 0.465986 0.326563 0.381250 0.302224 0.386118 0.319171 0.470853
0 0.429136 0.702482 0.403125 0.598437 0.379596 0.604320 0.405607 0.708364
0 0.706968 0.893370 0.692694 0.807728 0.671917 0.811191 0.686191 0.896833
0 0.478971 0.914743 0.460551 0.831857 0.424651 0.839835 0.443070 0.922721
0 0.778087 0.777537 0.759132 0.678022 0.738167 0.682016 0.757122 0.781530
0 0.232233 0.939677 0.213904 0.860253 0.188000 0.866231 0.206329 0.945655
0 0.414486 0.324061 0.398763 0.242830 0.359848 0.250362 0.375570 0.331593
0 0.349279 0.929207 0.333113 0.848377 0.316286 0.851743 0.332452 0.932572
0 0.413427 0.323483 0.394034 0.243143 0.344292 0.255149 0.363685 0.335490
0 0.432927 0.321419 0.420271 0.242319 0.398820 0.245751 0.411476 0.324851
0 0.492192 0.810061 0.465757 0.715651 0.444487 0.721606 0.470922 0.816017
0 0.581425 0.292540 0.563097 0.208756 0.540963 0.213598 0.559291 0.297382
0 0.106312 0.626125 0.089612 0.534275 0.064587 0.538825 0.081287 0.630675
0 0.536478 0.558954 0.516406 0.458594 0.495673 0.462740 0.515745 0.563101
0 0.216686 0.359557 0.190226 0.286793 0.164256 0.296236 0.190716 0.369001
0 0.506318 0.692546 0.486146 0.586642 0.464032 0.590854 0.484204 0.696759
0 0.056250 0.256250 0.043675 0.187088 0.024013 0.190663 0.036587 0.259825
0 0.773438 0.253125 0.758573 0.163936 0.741596 0.166765 0.756461 0.255954
0 0.900791 0.069999 0.891007 -0.003384 0.865216 0.000055 0.875000 0.073438
0 0.555591 0.149090 0.537701 0.069864 0.512667 0.075517 0.530557 0.154743
0 0.261799 0.478923 0.237020 0.386562 0.218533 0.391522 0.243313 0.483882
0 0.406406 0.705110 0.377698 0.598891 0.352944 0.605581 0.381652 0.711800
0 0.867349 0.877748 0.855312 0.789475 0.835370 0.792194 0.847407 0.880467
0 0.555423 0.909157 0.537848 0.824797 0.516447 0.829256 0.534021 0.913615
0 0.117628 0.950774 0.089484 0.870671 0.046144 0.885899 0.074288 0.966002
0 0.538401 0.432632 0.521334 0.347296 0.503005 0.350962 0.520072 0.436298
0 0.853303 0.509531 0.837416 0.408255 0.815917 0.411627 0.831803 0.512903
0 0.818176 0.516036 0.801916 0.413829 0.778745 0.417515 0.795006 0.519722
0 0.090483 0.746284 0.068173 0.653326 0.042703 0.659439 0.065013 0.752397
0 0.646235 0.128146 0.631638 0.045428 0.608106 0.049581 0.622703 0.132299
0 0.231537 0.483462 0.206364 0.403747 0.186323 0.410076 0.211496 0.489791
0 0.638500 0.280500 0.623225 0.196488 0.599162 0.200863 0.614437 0.284875
0 0.311025 0.471575 0.295125 0.384125 0.272437 0.388250 0.288337 0.475700
0 0.440119 0.815881 0.411288 0.723621 0.394562 0.728848 0.423393 0.821108
0 0.615942 0.283833 0.600138 0.201656 0.579275 0.205668 0.595078 0.287845
0 0.612080 0.136053 0.597388 0.054195 0.577593 0.057748 0.592285 0.139606
0 0.792000 0.248688 0.779437 0.160750 0.758656 0.163719 0.771219 0.251656
0 0.810262 0.883446 0.795608 0.795524 0.774578 0.799029 0.789231 0.886951
0 0.720959 0.532217 0.704185 0.425984 0.682682 0.429379 0.699455 0.535612
0 0.474809 0.312376 0.455562 0.220951 0.436033 0.225062 0.455280 0.316487
0 0.592188 0.821875 0.556250 0.821875 0.556250 0.907813 0.592188 0.907813
0 0.924232 0.636965 0.918210 0.522561 0.895330 0.523766 0.901351 0.638169
0 0.665445 0.124099 0.648678 0.040264 0.626442 0.044712 0.643209 0.128546
0 0.423860 0.452534 0.409333 0.365372 0.374113 0.371242 0.388640 0.458404
0 0.331937 0.341897 0.316794 0.259694 0.282513 0.266009 0.297656 0.348211
0 0.345439 0.338808 0.330311 0.257118 0.268876 0.268495 0.284004 0.350184
0 0.542158 0.803803 0.515271 0.709699 0.497524 0.714770 0.524410 0.808874
0 0.534976 0.301442 0.516707 0.210096 0.493269 0.214784 0.511538 0.306130
0 0.575340 0.797855 0.551336 0.706639 0.534646 0.711031 0.558650 0.802247
0 0.209926 0.488143 0.187776 0.399540 0.166452 0.404871 0.188603 0.493474
0 0.933678 0.499111 0.920288 0.391995 0.889904 0.395793 0.903293 0.502909
0 0.061765 0.750184 0.038511 0.657169 0.017187 0.662500 0.040441 0.755515
0 0.178172 0.946551 0.159181 0.867422 0.138970 0.872272 0.157961 0.951402
0 0.811423 0.246398 0.801166 0.157498 0.778155 0.160153 0.788412 0.249053
0 0.042492 0.260196 0.027244 0.189675 0.013204 0.192711 0.028452 0.263232
0 0.847788 0.236995 0.836659 0.147957 0.819351 0.150120 0.830481 0.239159
0 1.012408 0.862132 0.989890 0.772059 0.957169 0.780239 0.979688 0.870313
0 0.628294 0.544764 0.612584 0.450507 0.596368 0.453209 0.612078 0.547466
0 0.687229 0.896347 0.670982 0.808614 0.644069 0.813598 0.660316 0.901330
0 0.811270 0.384876 0.796137 0.291047 0.779630 0.293709 0.794764 0.387538
0 0.585453 0.551611 0.567402 0.453620 0.548512 0.457100 0.566563 0.555090
0 0.346588 0.195300 0.330929 0.118745 0.309421 0.123144 0.325081 0.199699
0 0.734919 0.261292 0.721424 0.174924 0.699879 0.178290 0.713374 0.264658
0 0.135345 0.950041 0.119399 0.872303 0.090179 0.878297 0.106126 0.956035
0 0.816993 0.089916 0.803894 0.006951 0.783915 0.010106 0.797014 0.093070
0 0.743987 0.526843 0.727390 0.425184 0.701610 0.429393 0.718207 0.531052
0 0.687592 0.537132 0.673834 0.436239 0.652916 0.439091 0.666674 0.539985
0 0.911444 0.224916 0.897255 0.139780 0.871157 0.144130 0.885346 0.229265
0 0.135444 0.852338 0.118027 0.763321 0.100394 0.766771 0.117811 0.855788
0 0.865910 0.766781 0.848330 0.666576 0.830060 0.669781 0.847640 0.769986
0 0.759135 0.780048 0.739303 0.680889 0.717668 0.685216 0.737500 0.784375
0 0.962548 0.869135 0.951154 0.777981 0.922885 0.781514 0.934279 0.872668
0 0.789949 0.886571 0.775169 0.797889 0.752618 0.801647 0.767399 0.890329
0 0.309393 0.829744 0.280511 0.739487 0.258797 0.746435 0.287679 0.836693
0 0.631106 0.131121 0.606237 0.051185 0.585944 0.057498 0.610813 0.137435
0 0.556357 0.429625 0.538503 0.342583 0.520394 0.346297 0.538249 0.433340
0 0.861779 0.234856 0.849976 0.140433 0.833437 0.142500 0.845240 0.236923
0 0.848978 0.771132 0.832711 0.668108 0.805110 0.672466 0.821377 0.775490
0 0.584459 0.425507 0.567019 0.320861 0.545735 0.324409 0.563176 0.429054
0 0.393809 0.185270 0.381672 0.108404 0.356077 0.112445 0.368214 0.189312
0 0.618858 0.794702 0.590501 0.698995 0.565178 0.706498 0.593535 0.802205
0 0.699969 0.115984 0.684199 0.034510 0.662823 0.038647 0.678592 0.120121
0 0.673070 0.789154 0.648897 0.692463 0.627574 0.697794 0.651746 0.794485
0 0.071635 0.255048 0.057572 0.184736 0.040745 0.188101 0.054808 0.258413
0 0.410741 0.811407 0.381870 0.727198 0.356543 0.735882 0.385415 0.820090
0 0.613750 0.546815 0.595172 0.450207 0.566833 0.455657 0.585411 0.552265
0 0.658784 0.276140 0.644721 0.191765 0.621664 0.195608 0.635726 0.279983
0 0.769383 0.888176 0.754772 0.800507 0.733488 0.804054 0.748100 0.891723
0 0.833499 0.085712 0.821161 0.005518 0.801319 0.008571 0.813656 0.088764
0 0.322205 0.855451 0.307729 0.846897 0.260011 0.927649 0.274488 0.936203
0 0.798100 0.387035 0.781503 0.287458 0.755152 0.291850 0.771748 0.391427
0 0.725805 0.891880 0.710048 0.806095 0.689627 0.809845 0.705384 0.895631
0 0.062470 0.635987 0.039291 0.540696 0.014212 0.546796 0.037391 0.642087
0 0.719264 0.111418 0.706238 0.030002 0.684726 0.033444 0.697753 0.114860
0 0.834375 0.240625 0.820882 0.152917 0.795403 0.156837 0.808896 0.244545
0 0.204656 0.843127 0.200265 0.755299 0.169249 0.756850 0.173640 0.844677
0 0.453199 0.447516 0.436903 0.363321 0.416061 0.367355 0.432356 0.451550
0 0.412094 0.180952 0.399973 0.102168 0.379895 0.105257 0.392016 0.184041
0 0.587853 0.140147 0.562437 0.062084 0.530470 0.072492 0.555886 0.150555
0 0.458922 0.915023 0.434664 0.832544 0.405140 0.841227 0.429399 0.923706
0 0.955115 0.757825 0.940787 0.652748 0.918056 0.655847 0.932385 0.760925
0 0.354106 0.336792 0.338639 0.255587 0.313078 0.260455 0.328546 0.341661
0 0.842568 0.646588 0.830950 0.536216 0.802971 0.539161 0.814589 0.649533
0 0.798855 0.774544 0.783192 0.674306 0.758979 0.678089 0.774641 0.778328
0 0.470693 0.167905 0.457728 0.090118 0.434417 0.094003 0.447382 0.171791
0 0.254688 0.126563 0.220312 0.126563 0.220312 0.215625 0.254688 0.215625
0 0.273438 0.137500 0.242188 0.137500 0.242188 0.212500 0.273438 0.212500
0 0.300000 0.121875 0.260937 0.121875 0.260937 0.210938 0.300000 0.210938
0 0.325000 0.126563 0.293750 0.126563 0.293750 0.204687 0.325000 0.204687
0 0.717188 0.685937 0.679688 0.685937 0.679688 0.787500 0.717188 0.787500
0 0.735938 0.682813 0.701562 0.682813 0.701563 0.784375 0.735938 0.784375
0 0.692187 0.556250 0.654687 0.556250 0.654687 0.671875 0.692187 0.671875
0 0.710938 0.554688 0.676562 0.554688 0.676562 0.667188 0.710938 0.667188
0 0.731250 0.551563 0.693750 0.551562 0.693750 0.667188 0.731250 0.667188
0 0.427405 0.176609 0.414160 0.100240 0.394573 0.103637 0.407818 0.180006
0 0.448715 0.172643 0.437463 0.084438 0.413401 0.087507 0.424654 0.175713
0 0.495423 0.162751 0.482321 0.073227 0.456231 0.077045 0.469333 0.166569
0 0.533348 0.153878 0.518089 0.075708 0.496638 0.079895 0.511897 0.158065
0 0.238629 0.217111 0.219482 0.144182 0.204874 0.148017 0.224021 0.220947
0 0.225948 0.220481 0.207644 0.146225 0.191751 0.150143 0.210055 0.224399
0 0.209850 0.223633 0.191406 0.150923 0.172222 0.155789 0.190666 0.228499
0 0.192463 0.227665 0.174357 0.155239 0.148254 0.161765 0.166360 0.234191
0 0.920062 0.364446 0.906419 0.261693 0.891556 0.263666 0.905199 0.366420
0 0.882708 0.370665 0.867112 0.270144 0.837550 0.274731 0.853145 0.375252
0 0.850805 0.377334 0.836130 0.275857 0.814426 0.278996 0.829100 0.380473
0 0.774372 0.391092 0.758320 0.300758 0.737073 0.304533 0.753125 0.394868
0 0.386727 0.458707 0.367829 0.359610 0.350297 0.362954 0.369195 0.462050
0 0.369643 0.462283 0.351328 0.369370 0.325126 0.374535 0.343441 0.467448
0 0.293569 0.473243 0.275769 0.393600 0.256951 0.397806 0.274751 0.477448
0 0.276184 0.477964 0.256585 0.395961 0.241081 0.399667 0.260680 0.481670
0 0.266545 0.352771 0.246731 0.265737 0.226306 0.270387 0.246121 0.357421
0 0.286353 0.349492 0.271650 0.261357 0.247833 0.265330 0.262537 0.353465
0 0.247013 0.356515 0.229198 0.279319 0.213769 0.282880 0.231584 0.360075
0 0.765764 0.100896 0.749979 0.016208 0.735256 0.018952 0.751041 0.103640
0 0.847914 0.081858 0.835116 -0.001267 0.818455 0.001298 0.831253 0.084423
0 0.408464 0.579793 0.385317 0.478193 0.364277 0.482986 0.387424 0.584587
0 0.422770 0.576422 0.402447 0.481364 0.387465 0.484567 0.407788 0.579626
0 0.433297 0.575682 0.412440 0.479601 0.401601 0.481954 0.422457 0.578035
0 0.479678 0.568598 0.460571 0.465858 0.441388 0.469425 0.460495 0.572165
0 0.567459 0.555728 0.548002 0.452848 0.530669 0.456126 0.550127 0.559006
0 0.649178 0.543408 0.631910 0.436654 0.611673 0.439927 0.628941 0.546682
0 0.668622 0.539160 0.651653 0.438782 0.633051 0.441927 0.650020 0.542305
0 0.701749 0.533875 0.683371 0.429878 0.668075 0.432581 0.686453 0.536578
0 0.772793 0.522878 0.756654 0.418435 0.732603 0.422151 0.748742 0.526594
0 0.794936 0.518826 0.778175 0.413002 0.756618 0.416416 0.773379 0.522240
0 0.387248 0.582776 0.365943 0.485503 0.355454 0.487801 0.376759 0.585073
0 0.378603 0.584100 0.356399 0.484877 0.338764 0.488824 0.360968 0.588047
0 0.361565 0.586018 0.330587 0.487877 0.311973 0.493752 0.342951 0.591894
0 0.342846 0.590522 0.315445 0.493065 0.301683 0.496934 0.329084 0.594392
0 0.328491 0.591627 0.302440 0.496777 0.284681 0.501654 0.310732 0.596504
0 0.756331 0.656175 0.745912 0.553418 0.733420 0.554685 0.743839 0.657442
0 0.627914 0.674626 0.611956 0.569183 0.590554 0.572422 0.606512 0.677865
0 0.646816 0.674361 0.628933 0.563652 0.610325 0.566657 0.628208 0.677367
0 0.561293 0.685075 0.543376 0.592982 0.528719 0.595833 0.546636 0.687927
0 0.546075 0.685305 0.530714 0.586064 0.515027 0.588493 0.530388 0.687733
0 0.533081 0.687467 0.514056 0.587248 0.499614 0.589990 0.518639 0.690208
0 0.521854 0.686530 0.499407 0.588933 0.483560 0.592577 0.506006 0.690175
0 0.708709 0.664109 0.696285 0.555319 0.678944 0.557299 0.691369 0.666089
0 0.746502 0.659641 0.732663 0.551365 0.714287 0.553713 0.728126 0.661990
0 0.486589 0.695759 0.463912 0.587470 0.447270 0.590955 0.469946 0.699244
0 0.469724 0.697515 0.448120 0.590881 0.432134 0.594120 0.453738 0.700754
0 0.456355 0.699196 0.433187 0.592862 0.411236 0.597644 0.434405 0.703979
0 0.434607 0.700792 0.411637 0.596912 0.403082 0.598803 0.426051 0.702683
0 0.381253 0.708319 0.351327 0.604807 0.328759 0.611332 0.358685 0.714844
0 0.718534 0.782434 0.697438 0.684550 0.674265 0.689544 0.695361 0.787428
0 0.736577 0.780287 0.717887 0.684652 0.698416 0.688457 0.717106 0.784093
0 0.819811 0.774026 0.808512 0.671249 0.782550 0.674103 0.793849 0.776880
0 0.885718 0.764344 0.869578 0.662439 0.849981 0.665543 0.866121 0.767447
0 0.279282 0.831391 0.270143 0.743467 0.245532 0.746025 0.254670 0.833949
0 0.328019 0.829046 0.303688 0.736451 0.281369 0.742316 0.305700 0.834911
0 0.308735 0.830651 0.278870 0.739710 0.258747 0.746319 0.288613 0.837259
0 0.370216 0.818619 0.348590 0.731863 0.331832 0.736040 0.353458 0.822796
0 0.384560 0.817927 0.357632 0.732142 0.344940 0.736126 0.371868 0.821911
0 0.908021 0.876300 0.895556 0.783713 0.870327 0.787109 0.882792 0.879697
0 0.536813 0.909794 0.516977 0.826659 0.496843 0.831463 0.516679 0.914598
0 0.518031 0.911704 0.498933 0.827735 0.479114 0.832243 0.498212 0.916211
0 0.499743 0.912983 0.476558 0.829790 0.454023 0.836070 0.477209 0.919263
0 0.610536 0.903018 0.594755 0.820500 0.575329 0.824215 0.591111 0.906733
0 0.325541 0.199065 0.311372 0.123704 0.292016 0.127344 0.306185 0.202704
0 0.438992 0.918025 0.421916 0.836916 0.393883 0.842817 0.410958 0.923927
0 0.882497 0.231213 0.874692 0.133650 0.850534 0.135582 0.858339 0.233145
0 0.747532 0.890124 0.733836 0.802811 0.710811 0.806423 0.724508 0.893735
0 0.632813 0.696875 0.592187 0.696875 0.592188 0.795312 0.632813 0.795312
0 0.329327 0.581010 0.281635 0.497548 0.245120 0.518413 0.292813 0.601875
0 0.244923 0.482099 0.223468 0.399856 0.205404 0.404569 0.226858 0.486811
0 0.040654 0.520991 0.025708 0.441274 0.007406 0.444705 0.022353 0.524422
0 0.560259 0.296904 0.544287 0.211716 0.517777 0.216686 0.533750 0.301875
0 0.206310 0.945613 0.190024 0.864183 0.169591 0.868269 0.185877 0.949700
