0 0.5456604675705595 0.5204302086409183 0.5333171566238762 0.4443069703479187 0.10914185176329283 0.513086594037152 0.12148516270997604 0.5892098323301513
0 0.7518039017647341 0.3162647197671559 0.7411006340611361 0.2571367652847403 0.3016586265275023 0.3366840029325068 0.3123618942311004 0.3958119574149225
0 0.755666880064165 0.34625475113712545 0.7498669899511283 0.3142144763254094 0.3261671675533093 0.39091208348581735 0.331967057666346 0.4229523582975334
0 0.9286102229676573 0.45441987902932246 0.919647502278157 0.4010572719121832 0.5385564250412164 0.4650648807427946 0.5475191457307165 0.5184274878599339
0 0.9382650020837981 0.4897661271812509 0.9321433412482442 0.45255696287802677 0.5386925521494781 0.5172875831820972 0.5448142129850322 0.5544967474853213
0 0.9323172970902224 0.40722061935840237 0.9252203172225666 0.36938007357846053 0.5338451494946687 0.4427823363845532 0.5409421293623244 0.4806228821644951
0 0.545529379662929 0.5574755491045387 0.5393197864024151 0.5189713462450156 0.13015401469948537 0.5849577277231377 0.1363636079599993 0.6234619305826609
0 0.5736799603925606 0.5889105245912949 0.5674580682894171 0.5525810460722239 0.1436654672955351 0.62516099890888 0.14988735939867862 0.6614904774279509
0 0.5598497446410086 0.6230099996533223 0.5546372018665984 0.590372799150823 0.15321650812805748 0.6544843805496425 0.15842905090246773 0.6871215810521418
0 0.5753610648209924 0.6529051139802675 0.5673473353541387 0.6086349514576496 0.16217764373459342 0.6819782624325907 0.1701913732014471 0.7262484249552087
0 0.5825758138405105 0.6868896133760275 0.5764112133160173 0.651758172775122 0.17815292101075456 0.7216415375229225 0.18431752153524766 0.7567729781238279
0 0.9268249940286021 0.5205793536284165 0.9217198544448841 0.4896945972976286 0.5666072953768466 0.5483934311999188 0.5717124349605646 0.5792781875307067
0 0.9636438594092198 0.5684954851760484 0.953630217300445 0.5114287405197618 0.5697041518200522 0.5787971919551149 0.5797177939288272 0.6358639366114016
0 0.9378186196342252 0.5980831300956252 0.9334757450198895 0.5729141430900565 0.5735953047418874 0.6350110255721961 0.577938179356223 0.6601800125777648
0 0.9394516725711914 0.6277534645477525 0.9343839624910393 0.5973547538868519 0.5770057808334916 0.6569325772299277 0.5820734909136438 0.6873312878908283