0 0.2897318718273153 0.7313459741494992 0.27026263950215657 0.06352387164714424 0.22195914104709868 0.06493207905749444 0.2414283733722574 0.7327541815598495
0 0.33493761071731043 0.6924637071759028 0.32035534938900684 0.06276088271431027 0.2692224288580691 0.06394498667684059 0.2838046901863727 0.693647811138433
0 0.2537882854534784 0.9332100593338666 0.22480656398671464 0.12823599274376857 0.18437984869448337 0.12969148783490697 0.21336157016124718 0.934665554425005
0 0.42961533092936816 0.8322137386570165 0.41586103959709364 0.04423070031992814 0.3201724896896745 0.04590094971434025 0.33392678102194906 0.8338839880514286
0 0.45730550761435884 0.13425782898151853 0.4000997693404168 0.1339643845073425 0.3974612311024256 0.6483360668917012 0.45466696937636764 0.6486295113658772
0 0.4839256781118622 0.6214698030177901 0.4826086506083584 0.2786910648153742 0.4492631061271851 0.2788191853616815 0.4505801336306889 0.6215979235640974
0 0.5552725171124686 0.8044235327388425 0.5475310054117604 0.187607446301296 0.5126299397116817 0.18804548125924403 0.5203714514123898 0.8048615676967905
0 0.5243321334514539 0.7748707737060779 0.5155114222615298 0.26953382368894513 0.48231333940757065 0.27011329982047283 0.4911340505974948 0.7754502498376057
0 0.6426672594883884 0.7987067062692643 0.6406475848801154 0.036331041570044256 0.5318556067306955 0.03661925170846579 0.5338752813389686 0.7989949164076859
0 0.6610254022820439 0.7897436968619421 0.6580453388423647 0.25851444581817706 0.6410520752631725 0.258609773783295 0.6440321387028517 0.7898390248270601
0 0.7045995443451183 0.6946154094123653 0.6955545991281641 0.17643091191894605 0.6389226015961459 0.17741942724057683 0.6479675468131001 0.6956039247339961
0 0.7385883707983493 0.6645627197490024 0.7375571952844503 0.06866257967716445 0.6848967575000942 0.06875370594202466 0.6859279330139931 0.6646538460138627
0 0.782264147895189 0.6675568410683828 0.7712756491459698 0.03802691472951238 0.7165964782060595 0.03898134433856344 0.7275849769552788 0.6685112706774338