0 0.6097313626864479 0.047815422530814285 0.6060179440849006 0.001413736496007606 0.000976689283492147 0.049833775556608916 0.004690107885039494 0.09623546159141559
0 0.7516445601178033 0.21612964889901795 0.7425162249377317 0.08558888644660528 -0.0014164907436208392 0.13760993376227298 0.007711844436450762 0.2681506962146857
0 0.6342818926948219 0.18143294892245937 0.6303921773296779 0.12086385865449722 0.0012348149333463135 0.16126801610146774 0.00512453029849036 0.2218371063694299
0 0.6771008818378774 0.2392674977932392 0.673433329034191 0.17857966034475264 0.00528214081298702 0.21895809310283507 0.00894969361667353 0.2796459305513216
0 0.6963426121081787 0.36450290623698334 0.6935718131446547 0.2387662383376521 0.011933654261102497 0.2537871732461954 0.014704453224626535 0.3795238411455266
0 0.6165423973361887 0.3379072631689667 0.6152832907221764 0.3166814575681703 0.0172445976254227 0.35215688253320354 0.018503704239435072 0.37338268813399994
0 0.6163095771177349 0.3852532757889947 0.6151168962063094 0.3373883715267694 0.01832167604730863 0.3522591056917065 0.019514356958734297 0.4001240099539318
0 0.5862402703888817 0.3899294423233869 0.5847781483439701 0.3659020166055206 0.020581859824372484 0.40023460973422986 0.02204398186928405 0.42426203545209623
0 0.8003073170712074 0.43138541310701106 0.7971769573847177 0.37669304712721774 0.016994681030256455 0.4213473805476465 0.0201250407167462 0.4760397465274398
0 0.8063226158592011 0.47803914385882906 0.8041804063723852 0.43306363295722006 0.017983044088018006 0.47051066611443426 0.020125253574833902 0.5154861770160433
0 0.6236815695029618 0.5154745588152496 0.6220101597527431 0.4837119882671745 0.023430301463188658 0.515210453100664 0.025101711213407495 0.5469730236487391
0 0.6651523225084393 0.5471882543619399 0.6614737583697281 0.4945823376484796 0.02240928765186878 0.5392700798488859 0.026087851790579947 0.5918759965623461
0 0.9730985868421052 0.6053599745305076 0.9696747990449529 0.5050359514179709 0.034315836561916245 0.5369572251303911 0.03773962435906855 0.6372812482429279
0 0.7808423025100322 0.636207981886803 0.7801571148674655 0.6106259661500731 0.050078786681701314 0.6301803536434879 0.05076397432426803 0.6557623693802179
0 0.6678407870721277 0.6702166659860872 0.6668874348936907 0.6359788823169183 0.052018302623804316 0.6530999329190028 0.05297165480224114 0.6873377165881717
0 0.7065260268336229 0.7655371825933922 0.697670222211701 0.6388933091880513 0.06120357582053705 0.6833994042501456 0.07005938044245885 0.8100432776554864
0 0.7007983046875002 0.9499143468750001 0.0730972375000001 0.9499143468750001 0.07309723750000012 1 0.7007983046875002 1
0 0.6400183117248631 0.8348077154488107 0.6384742437164649 0.7683701749632218 0.05931386936634174 0.781830381334949 0.06085793737474003 0.8482679218205378
0 0.6779014230300823 0.8917525589953342 0.6751159391851421 0.7730139665975372 0.056498929866136326 0.7875260780422345 0.05928441371107653 0.9062646704400315