0 0.14380342699617632 0.49841017921444236 0.11813839764699632 0.3363675607201389 0.06701780891303129 0.3444642665275108 0.0926828382622113 0.5065068850218142
0 0.21581767398488494 0.8596128176145207 0.15291559375000002 0.5496995140625 0.1082014924225512 0.5587749876129855 0.17110357265743611 0.8686882911650062
0 0.24736773064772183 0.8507302252013608 0.16087644873723517 0.3449703543582391 0.11628515351815187 0.3525960251713823 0.20277643542863855 0.8583558960145039
0 0.28391938766287134 0.8338142276036941 0.19403094032493876 0.35495115840375063 0.15427006911381472 0.3624147596038656 0.24415851645174733 0.8412778288038091
0 0.31604974771485955 0.8250557084638801 0.252654385237131 0.3473800515084954 0.19632918983559872 0.3548553250065597 0.25972455231332725 0.8325309819619445
0 0.35243030447488644 0.8206874118392997 0.2680007330860186 0.3593600236727221 0.2326318917852602 0.36583303218715624 0.31706146317412803 0.8271604203537339
0 0.38977871807266407 0.8153962922895499 0.3184869697989088 0.36527790779554603 0.27025999972148906 0.3729163094454372 0.34155174799524435 0.8230346939394411
0 0.4032614776039577 0.810338889450869 0.3272370235863352 0.39790339646389344 0.31358616795144917 0.40041966595127326 0.3896106219690717 0.8128551589382489
0 0.4330066942641329 0.8052040993502138 0.3459895387003089 0.3288936511204627 0.3140318337711266 0.3347320042189949 0.4010489893349506 0.811042452448746
0 0.46375991860158533 0.7976779587455515 0.3774508163448572 0.3262505570175125 0.34346317791086906 0.33247302637400533 0.4297722801675971 0.8039004281020444
0 0.5022764320140893 0.794056601602106 0.41530561126782306 0.31750258914658236 0.37580787536710053 0.3247109022005527 0.4627786961133668 0.8012649146560763
0 0.5796637085477774 0.770720191243836 0.4979816922651851 0.31267865212453516 0.46990759632062795 0.3176850730846768 0.5515896126032203 0.7757266122039775
0 0.5963750690905278 0.769225306915001 0.5149430867465805 0.3076411850956301 0.49557686458338956 0.31105774512600104 0.577008846927337 0.772641866945372
0 0.6190659779405063 0.7656051472339629 0.53975096687435 0.303577028093137 0.5143634392504685 0.30793523044275806 0.5936784503166248 0.7699633495835838
0 0.6747791348185073 0.7794848592688615 0.5951360681966448 0.2766383206236272 0.5449800197002093 0.2845822581968144 0.6246230863220718 0.7874287968420486
0 0.7168296904310664 0.7701720447525716 0.634316638924726 0.2624634482952942 0.5938947031751992 0.26903284123006077 0.6764077546815395 0.776741437687338
0 0.7632714784666537 0.7689697801798108 0.6732504782813552 0.2587001911097526 0.6297945660511852 0.26636661836059816 0.7198155662364837 0.7766362074306563
0 0.8193520449881524 0.7175720378126071 0.73442515625 0.23216575937500003 0.6630432491781458 0.24465476816846107 0.7479701379162981 0.7300610466060683
0 0.8939752158957107 0.7276295278535037 0.8169801294978075 0.24150167241769074 0.7417460551929401 0.25341757887397975 0.8187411415908434 0.7395454343097928