0 0.17546426376241997 0.11058280784617117 0.1032312180617648 0.10620760400592397 0.06349864184514556 0.7621781823956347 0.13573168754580073 0.7665533862358819
0 0.2713772823582711 0.05259269308080009 0.1827058026803437 0.042643007238571576 0.10213591295468287 0.7606808883081551 0.19080739263261023 0.7706305741503835
0 0.31435782108083954 0.1254904490799539 0.23935076014289955 0.11956081139339463 0.18744272772533027 0.7761724218360557 0.2624497886632703 0.7821020595226151
0 0.39057265378665734 0.13970661187801472 0.3175766537946403 0.1326799831113307 0.25529799066773007 0.7796606966320982 0.3282939906597472 0.7866873253987824
0 0.48340260054792183 0.14831886736275365 0.400042447105499 0.139045574606733 0.3314647722184483 0.7555089659514775 0.4148249256608711 0.7647822587074982
0 0.568038213982914 0.1282909568942159 0.5139212493693431 0.12052165081006938 0.4180604063122252 0.7882386638049312 0.47217737092579604 0.7960079698890777
0 0.5916483798486029 0.213164774296682 0.5588106625936324 0.20826070881860237 0.4706974691138961 0.7982683559132935 0.5035351863688666 0.8031724213913731
0 0.6321585269409232 0.2214998465036972 0.5934430748438196 0.21498277985306108 0.4947426568462019 0.8013249963436501 0.5334581089433055 0.8078420629942862
0 0.6575733116253792 0.20704348404676445 0.6212742964772946 0.2009042262884168 0.5213479914688927 0.7917291438869882 0.5576470066169774 0.7978684016453358
0 0.7455050733388661 0.2348835421124264 0.7220426725086779 0.23090442181192444 0.6335547419299326 0.7526627852397602 0.6570171427601208 0.7566419055402622
0 0.7839287282081394 0.19316953081429167 0.7395399756439879 0.18598529797677898 0.6485487206184015 0.7481870523161802 0.692937473182553 0.7553712851536929
0 0.8333635888345221 0.19761958371510838 0.7847529749220417 0.18888071113585442 0.6831533032143111 0.7540362698453386 0.7317639171267916 0.7627751424245924
0 0.875891272358831 0.25729436936891265 0.8243835757749804 0.24709864514058397 0.7229835890621956 0.7593604160795125 0.7744912856460461 0.7695561403078413
0 0.9019832344685801 0.26779318165893506 0.8734803017570538 0.2620045974674873 0.7714342276330853 0.7644784819327385 0.7999371603446116 0.7702670661241863
0 0.9293061943441462 0.30021542264359563 0.8939041188515567 0.29307296860848364 0.7966088408326273 0.7753238533276348 0.8320109163252167 0.7824663073627468
0 0.9836921139292853 0.21188584441153538 0.9468905256742097 0.20404866162790217 0.8233809189395742 0.7840210596287079 0.8601825071946498 0.791858242412341
0 1.0129059658827806 0.21591755909142524 0.9838433775036677 0.20965275963823768 0.8583102738035953 0.7920045089717963 0.8873728621827082 0.7982693084249839