0 0.193635 0.882389 0.181043 0.665184 0.140464 0.667537 0.153056 0.884741
0 0.793651 0.011077 0.749090 0.009726 0.742785 0.217774 0.787347 0.219124
0 0.459375 0.664062 0.375000 0.664062 0.375000 0.878125 0.459375 0.878125
0 0.839063 0.662500 0.804688 0.662500 0.804688 0.875000 0.839063 0.875000
0 0.989062 0.000000 0.912500 0.000000 0.912500 0.218750 0.989062 0.218750
0 0.536387 0.603046 0.531099 0.365073 0.498997 0.365786 0.504285 0.603759
0 0.564063 0.981250 0.537500 0.981250 0.537500 1.000000 0.564063 1.000000
0 0.910937 0.342188 0.857812 0.342188 0.857812 0.601563 0.910937 0.601563
0 0.332813 0.367188 0.296875 0.367188 0.296875 0.606250 0.332813 0.606250
0 0.025000 0.373437 0.000000 0.373437 0.000000 0.607812 0.025000 0.607812
0 0.367188 0.362500 0.331250 0.362500 0.331250 0.604688 0.367188 0.604688
0 0.108407 0.881766 0.092862 0.664126 0.046558 0.667433 0.062103 0.885073
0 0.490625 0.364063 0.460938 0.364063 0.460938 0.603125 0.490625 0.603125
0 0.879687 0.979688 0.840625 0.979688 0.840625 0.998437 0.879687 0.998437
0 0.642188 0.368750 0.584375 0.368750 0.584375 0.603125 0.642188 0.603125
0 0.496875 0.012500 0.445312 0.012500 0.445312 0.218750 0.496875 0.218750
0 0.855898 0.000017 0.792090 -0.000882 0.789019 0.217121 0.852827 0.218020
0 0.200142 0.220162 0.193473 0.006747 0.153912 0.007983 0.160581 0.221398
0 0.887500 0.662500 0.837500 0.662500 0.837500 0.875000 0.887500 0.875000
0 0.239155 0.220057 0.232332 0.008534 0.192101 0.009831 0.198925 0.221355
0 0.421411 0.604515 0.418709 0.366673 0.366123 0.367271 0.368826 0.605113
0 0.057813 0.012500 0.000000 0.012500 0.000000 0.221875 0.057813 0.221875
0 0.920312 0.662500 0.881250 0.662500 0.881250 0.875000 0.920312 0.875000
0 0.335938 0.664062 0.284375 0.664062 0.284375 0.881250 0.335938 0.881250
0 0.971875 0.660938 0.950000 0.660938 0.950000 0.889062 0.971875 0.889062
0 0.657813 0.662500 0.609375 0.662500 0.609375 0.876563 0.657813 0.876563
0 0.060682 0.882100 0.046191 0.664733 0.004086 0.667540 0.018577 0.884907
0 0.343100 0.220108 0.339509 0.011846 0.295072 0.012612 0.298663 0.220874
0 0.300205 0.605976 0.295182 0.344774 0.239824 0.345839 0.244847 0.607040
0 0.289451 0.882160 0.283488 0.664493 0.235322 0.665813 0.241285 0.883479
0 0.151806 0.894604 0.140437 0.664954 0.093383 0.667283 0.104752 0.896934
0 0.162269 0.220033 0.152440 0.008716 0.088190 0.011705 0.098018 0.223021
0 0.098519 0.219727 0.088736 0.009390 0.015095 0.012815 0.024878 0.223152
0 0.998437 0.007813 0.984375 0.007813 0.984375 0.217188 0.998437 0.217188
0 0.245252 0.605950 0.236789 0.343571 0.175965 0.345533 0.184429 0.607912
0 0.020313 0.675000 0.000000 0.675000 0.000000 0.882812 0.020313 0.882812
0 0.183569 0.605361 0.177060 0.371037 0.141020 0.372038 0.147529 0.606362
0 0.757248 0.603008 0.754097 0.366675 0.695170 0.367460 0.698321 0.603793
0 0.948438 0.662500 0.920312 0.662500 0.920312 0.875000 0.948438 0.875000
0 0.695312 0.009375 0.632812 0.009375 0.632812 0.218750 0.695312 0.218750
0 0.300052 0.218498 0.291224 -0.002211 0.229635 0.000252 0.238463 0.220961
0 0.148330 0.606316 0.141239 0.369935 0.072082 0.372009 0.079174 0.608390
0 0.998437 0.365625 0.962500 0.365625 0.962500 0.601563 0.998437 0.601563
0 0.078353 0.607219 0.070279 0.370385 0.018688 0.372143 0.026762 0.608978
0 0.025000 0.042188 0.000000 0.042188 0.000000 0.178125 0.025000 0.178125
0 0.914117 0.007868 0.857650 0.007369 0.855794 0.217114 0.912261 0.217614
0 0.998437 0.660938 0.964063 0.660938 0.964063 0.892188 0.998437 0.892188
0 0.609375 0.662500 0.581250 0.662500 0.581250 0.876563 0.609375 0.876563
0 0.858904 0.602956 0.852888 0.341259 0.804386 0.342374 0.810402 0.604071
0 0.921875 0.979688 0.881250 0.979688 0.881250 0.998437 0.921875 0.998437
0 0.582838 0.603099 0.580896 0.369990 0.535743 0.370366 0.537685 0.603475
0 0.540625 0.662500 0.490625 0.662500 0.490625 0.876563 0.540625 0.876563
0 0.445419 0.219784 0.442761 -0.000873 0.364741 0.000067 0.367400 0.220724
0 0.964063 0.339063 0.909375 0.339063 0.909375 0.601563 0.964063 0.601563
0 0.579688 0.662500 0.542188 0.662500 0.542188 0.876563 0.579688 0.876563
0 0.095475 0.219883 0.091657 0.009896 -0.002630 0.011610 0.001188 0.221598
0 0.757907 0.877768 0.755175 0.661960 0.704175 0.662605 0.706906 0.878413
0 0.457813 0.367188 0.420312 0.367188 0.420312 0.603125 0.457813 0.603125
0 0.489063 0.664062 0.451562 0.664062 0.451563 0.895312 0.489063 0.895312
0 0.557813 0.004688 0.498437 0.004688 0.498437 0.217188 0.557813 0.217188
0 0.804688 0.662500 0.757812 0.662500 0.757813 0.876563 0.804688 0.876563
0 0.632194 0.000047 0.560983 -0.000781 0.558437 0.218140 0.629649 0.218968
0 0.243208 0.880752 0.234183 0.664136 0.182710 0.666280 0.191735 0.882896
0 0.696875 0.373438 0.643750 0.373438 0.643750 0.603125 0.696875 0.603125
0 0.747012 0.000431 0.698705 -0.000306 0.695369 0.218202 0.743676 0.218940
0 0.369749 0.218644 0.364128 -0.000563 0.338184 0.000103 0.343804 0.219310
0 0.810040 0.603021 0.804961 0.341424 0.757709 0.342341 0.762789 0.603939
0 0.706250 0.664062 0.659375 0.664062 0.659375 0.878125 0.706250 0.878125
0 0.378865 0.887097 0.371118 0.662418 0.315957 0.664320 0.323705 0.888999
