0 0.5481120816368474 0.4561989834290281 0.12227502288272443 0.3986383335493623 0.1119553608250639 0.47498379780589256 0.5377924195791869 0.5325444476855583
0 0.8015312039376019 0.3388919320288051 0.3581598772121612 0.285753218774195 0.35103607120916064 0.3451918300132618 0.7944073979346015 0.3983305432678719
0 0.7932557778913006 0.3954928645883772 0.3656621096722623 0.3448516008249333 0.3618380611511104 0.37714026846650384 0.7894317293701486 0.42778153222994764
0 0.9292863921024967 0.5361698091325598 0.5480556677343075 0.4779579645109283 0.5400521261368381 0.5303733445860066 0.9212828505050272 0.5885851892076379
0 0.9271253205703578 0.5805157631946537 0.5316826112764323 0.5290945416816503 0.5268059987950251 0.5665969734614282 0.9222487080889505 0.6180181949744317
0 0.9444885676091829 0.50395528226681 0.54916892138267 0.4549807263104464 0.5444791579608541 0.49283621229893015 0.9397988041873668 0.5418107682552936
0 0.5320508046808812 0.5292711075369197 0.1210233037885741 0.4754089161229057 0.11595871762407269 0.5140572544024943 0.5269862185163797 0.5679194458165083
0 0.54914668002838 0.5698656128477538 0.1226166424671327 0.515629892313654 0.11797303558059671 0.5521489576128523 0.5445030731418439 0.6063846781469523
0 0.5257977704819236 0.6021383296545637 0.12264048211391272 0.5495070322804694 0.11837152716986019 0.5822073529124392 0.521528815537871 0.6348386502865335
0 0.5325718633184678 0.6235354577543212 0.12339893332944256 0.5775948206379794 0.11837872670322262 0.622307580045272 0.5275516566922479 0.6682482171616138
0 0.5287081745091606 0.667409195512517 0.12739532629238023 0.6179559510213057 0.12303228883700132 0.6533619796066652 0.5243451370537817 0.7028152240978766
0 0.9061019995587408 0.6152674297929284 0.549714808606071 0.5656508518339607 0.5453997381701129 0.5966452471488856 0.9017869291227827 0.6462618251078531
0 0.930380416909131 0.6444222461302257 0.543775058025643 0.5956165090654839 0.5365303735095055 0.6530038988644253 0.9231357323929934 0.7018096359291671
0 0.8932133085567926 0.6964556821157586 0.5308495837796712 0.6509420197274147 0.5276661093614713 0.6762877200595201 0.8900298341385927 0.721801382447864
0 0.8868896136245809 0.7204971096149082 0.5277706795031185 0.6725866423914788 0.5237039814065116 0.7030690895577016 0.882822915527974 0.7509795567811312