0 0.236345 0.960853 0.234329 0.876192 0.215106 0.876649 0.217122 0.961311
0 0.278125 0.873437 0.253125 0.873437 0.253125 0.959375 0.278125 0.959375
0 0.501500 0.467544 0.482959 0.464272 0.463848 0.572572 0.482388 0.575844
0 0.603125 0.735938 0.545313 0.735938 0.545313 0.834375 0.603125 0.834375
0 0.217188 0.456250 0.198438 0.456250 0.198438 0.579688 0.217188 0.579688
0 0.185661 0.424621 0.181088 0.314851 0.159380 0.315755 0.163954 0.425525
0 0.238791 0.714836 0.218763 0.610695 0.199001 0.614495 0.219029 0.718636
0 0.748902 0.260771 0.743654 0.147933 0.726576 0.148728 0.731824 0.261565
0 0.467676 0.739802 0.446100 0.735388 0.426069 0.833315 0.447645 0.837729
0 0.640313 0.471250 0.614063 0.462500 0.578125 0.570313 0.604375 0.579063
0 0.215625 0.876563 0.189063 0.876563 0.189063 0.965625 0.215625 0.965625
0 0.870313 0.317188 0.850000 0.317188 0.850000 0.426563 0.870313 0.426563
0 0.649168 0.425457 0.627277 0.318190 0.595501 0.324675 0.617392 0.431942
0 0.133620 0.424507 0.127877 0.305808 0.111157 0.306617 0.116900 0.425316
0 0.539128 0.425802 0.521441 0.315257 0.499381 0.318787 0.517068 0.429332
0 0.525346 0.153189 0.510826 0.152920 0.508858 0.259163 0.523379 0.259432
0 0.851530 0.488513 0.829903 0.469289 0.748437 0.560938 0.770065 0.580162
0 0.562856 0.257514 0.560425 0.152955 0.546806 0.153272 0.549237 0.257830
0 0.119127 0.423219 0.112068 0.310281 0.090765 0.311612 0.097823 0.424550
0 0.702404 0.424519 0.680048 0.312740 0.658113 0.317127 0.680469 0.428906
0 0.885990 0.263946 0.881125 0.130969 0.861696 0.131680 0.866561 0.264657
0 0.767873 0.260861 0.763620 0.135370 0.742695 0.136079 0.746949 0.261571
0 0.250147 0.254253 0.244219 0.145571 0.211645 0.147348 0.217573 0.256030
0 0.807188 0.479375 0.777188 0.464375 0.724063 0.570625 0.754063 0.585625
0 0.922524 0.424939 0.919698 0.323194 0.898794 0.323775 0.901620 0.425519
0 0.354063 0.471562 0.312719 0.465656 0.296719 0.577656 0.338063 0.583562
0 0.646197 0.424971 0.614947 0.315596 0.582341 0.324912 0.613591 0.434287
0 0.346635 0.712139 0.333197 0.604639 0.305697 0.608077 0.319135 0.715577
0 0.841569 0.826035 0.829012 0.729167 0.817345 0.730680 0.829902 0.827547
0 0.217209 0.252906 0.206928 0.105549 0.169103 0.108188 0.179384 0.255544
0 0.607753 0.736097 0.590855 0.735514 0.587556 0.831198 0.604454 0.831781
0 0.898438 0.304688 0.868750 0.304688 0.868750 0.426563 0.898438 0.426563
0 0.346875 0.470313 0.304373 0.469495 0.302285 0.578049 0.344787 0.578866
0 0.348871 0.256213 0.346639 0.135681 0.329544 0.135998 0.331776 0.256530
0 0.275000 0.784375 0.265625 0.784375 0.265625 0.829688 0.275000 0.829688
0 0.475000 0.867188 0.442188 0.867188 0.442188 0.951562 0.475000 0.951562
0 0.099341 0.423266 0.090337 0.321211 0.062475 0.323670 0.071479 0.425724
0 0.334005 0.424287 0.320436 0.312343 0.294398 0.315499 0.307967 0.427443
0 0.185938 0.468750 0.159375 0.468750 0.159375 0.581250 0.185938 0.581250
0 0.298907 0.254153 0.291086 0.132934 0.255097 0.135256 0.262918 0.256475
0 0.447215 0.455972 0.428342 0.454084 0.416259 0.574907 0.435133 0.576795
0 0.149263 0.422529 0.141705 0.311681 0.125587 0.312780 0.133145 0.423628
0 0.312370 0.424809 0.297400 0.312534 0.273861 0.315673 0.288831 0.427948
0 0.104688 0.614062 0.081250 0.614062 0.081250 0.718750 0.104688 0.718750
0 0.026596 0.470727 0.002674 0.470023 -0.000592 0.581049 0.023331 0.581752
0 0.511660 0.467178 0.494870 0.464595 0.478251 0.572616 0.495042 0.575199
0 0.682813 0.146875 0.651563 0.146875 0.651563 0.262500 0.682813 0.262500
0 0.802437 0.824875 0.789281 0.732781 0.761500 0.736750 0.774656 0.828844
0 0.818370 0.825845 0.802238 0.729054 0.785515 0.731841 0.801647 0.828632
0 0.292459 0.254182 0.290085 0.135511 0.252881 0.136255 0.255255 0.254926
0 0.079721 0.580902 0.076508 0.465236 0.060722 0.465674 0.063935 0.581340
0 0.574496 0.424454 0.552358 0.318194 0.533639 0.322093 0.555777 0.428354
0 0.481250 0.256250 0.479393 0.146695 0.465573 0.146929 0.467430 0.256484
0 0.810937 0.140625 0.782813 0.140625 0.782813 0.262500 0.810937 0.262500
0 0.677341 0.476512 0.652358 0.469602 0.623999 0.572130 0.648982 0.579040
0 0.475851 0.468054 0.448159 0.465285 0.437283 0.574041 0.464975 0.576810
0 0.247023 0.254440 0.241715 0.150946 0.224413 0.151833 0.229720 0.255327
0 0.883384 0.498895 0.866616 0.485480 0.801067 0.567416 0.817835 0.580831
0 0.435937 0.471875 0.401562 0.471875 0.401562 0.578125 0.435937 0.578125
0 0.466035 0.424978 0.460458 0.319022 0.423308 0.320977 0.428885 0.426934
0 0.046875 0.612500 0.025000 0.612500 0.025000 0.720313 0.046875 0.720313
0 0.375531 0.424782 0.363508 0.309368 0.343833 0.311417 0.355855 0.426832
0 0.764514 0.831101 0.757258 0.733143 0.740510 0.734384 0.747766 0.832341
0 0.473759 0.467693 0.445202 0.465496 0.436912 0.573272 0.465469 0.575469
0 0.262024 0.254607 0.258754 0.146704 0.243711 0.147160 0.246981 0.255063
0 0.418922 0.471215 0.398097 0.470025 0.391946 0.577665 0.412771 0.578855
0 0.164063 0.146875 0.064063 0.146875 0.064063 0.251563 0.164063 0.251563
0 0.267227 0.875542 0.250065 0.874882 0.246773 0.960453 0.263936 0.961113
0 0.970620 0.610303 0.955766 0.599527 0.885882 0.695854 0.900735 0.706630
0 0.389352 0.748732 0.368653 0.741617 0.336079 0.836377 0.356778 0.843492
0 0.781339 0.260890 0.778031 0.146742 0.762373 0.147196 0.765682 0.261343
0 0.837500 0.310938 0.823438 0.310938 0.823438 0.426563 0.837500 0.426563
0 0.160981 0.251978 0.149559 0.142653 0.128543 0.144849 0.139965 0.254173
0 0.950513 0.490474 0.917715 0.464054 0.839897 0.560655 0.872695 0.587075
0 0.558138 0.599310 0.543750 0.598437 0.537140 0.707507 0.551528 0.708379
0 0.942215 0.426534 0.940193 0.315292 0.912730 0.315791 0.914753 0.427033
0 0.202633 0.251457 0.188498 0.149688 0.161757 0.153402 0.175892 0.255171
0 0.043389 0.300240 0.011839 0.293930 -0.008594 0.396094 0.022957 0.402404
0 0.314063 0.468750 0.289063 0.468750 0.289063 0.578125 0.314063 0.578125
0 0.365862 0.468081 0.317224 0.465041 0.310178 0.577785 0.358816 0.580824
0 0.537121 0.865735 0.514345 0.864824 0.510758 0.954493 0.533534 0.955404
0 0.898438 0.856250 0.871875 0.856250 0.871875 0.940625 0.898438 0.940625
0 0.576562 0.600000 0.553125 0.600000 0.553125 0.709375 0.576562 0.709375
0 0.167188 0.607812 0.151563 0.607812 0.151563 0.717187 0.167188 0.717187
0 0.377144 0.256150 0.371468 0.135078 0.347644 0.136194 0.353319 0.257266
0 0.214849 0.252613 0.204166 0.105720 0.181813 0.107345 0.192496 0.254239
0 0.231250 0.317188 0.192188 0.317188 0.192188 0.425000 0.231250 0.425000
0 0.342320 0.137574 0.256884 0.133859 0.251657 0.254080 0.337093 0.257795
0 0.307764 0.712115 0.294639 0.607115 0.271562 0.610000 0.284687 0.715000
0 0.571875 0.187500 0.559375 0.187500 0.559375 0.259375 0.571875 0.259375
0 0.137500 0.468750 0.121875 0.468750 0.121875 0.579688 0.137500 0.579688
0 0.401957 0.470789 0.386323 0.469323 0.376395 0.575228 0.392029 0.576694
0 0.229981 0.253037 0.224820 0.144651 0.206632 0.145518 0.211793 0.253903
0 0.184375 0.314063 0.157813 0.314063 0.157813 0.425000 0.184375 0.425000
0 0.350000 0.507812 0.348438 0.507812 0.348438 0.515625 0.350000 0.515625
0 0.182890 0.252301 0.171501 0.143299 0.154407 0.145085 0.165795 0.254087
0 0.533128 0.151665 0.520387 0.151466 0.518703 0.259252 0.531444 0.259451
0 0.241534 0.467911 0.216948 0.466928 0.212463 0.579061 0.237048 0.580044
0 0.779688 0.857812 0.737500 0.857812 0.737500 0.942187 0.779688 0.942187
0 0.404688 0.870313 0.390625 0.870313 0.390625 0.954688 0.404688 0.954688
0 0.025000 0.614062 0.000000 0.614062 0.000000 0.718750 0.025000 0.718750
0 0.471503 0.256180 0.465248 0.149838 0.442258 0.151191 0.448513 0.257532
0 0.804758 0.307934 0.784474 0.307622 0.782645 0.426488 0.802929 0.426800
0 0.768750 0.320313 0.748437 0.320313 0.748437 0.428125 0.768750 0.428125
0 0.060515 0.460184 0.027656 0.457656 0.018934 0.571048 0.051792 0.573575
0 0.626976 0.259303 0.624871 0.156157 0.616009 0.156338 0.618114 0.259484
0 0.167188 0.332813 0.146875 0.332813 0.146875 0.426563 0.167188 0.426563
0 0.600000 0.148438 0.573438 0.148438 0.573438 0.259375 0.600000 0.259375
0 0.264808 0.422595 0.240773 0.305852 0.216878 0.310772 0.240913 0.427514
0 0.281250 0.468750 0.259375 0.468750 0.259375 0.578125 0.281250 0.578125
0 0.644808 0.259270 0.640737 0.157496 0.617587 0.158422 0.621658 0.260196
0 0.076563 0.123438 0.050000 0.123438 0.050000 0.251563 0.076563 0.251563
0 0.784375 0.310938 0.764062 0.310938 0.764062 0.426563 0.784375 0.426563
0 0.737955 0.859462 0.720968 0.859048 0.718832 0.946648 0.735819 0.947063
0 0.716261 0.426433 0.710070 0.321191 0.693583 0.322161 0.699774 0.427403
0 0.400014 0.425182 0.375655 0.314633 0.360299 0.318017 0.384658 0.428566
0 0.449618 0.870821 0.421993 0.869900 0.419074 0.957459 0.446700 0.958380
0 0.872703 0.827076 0.857905 0.727185 0.840520 0.729761 0.855319 0.829652
0 0.142188 0.251563 0.136477 0.143064 0.119911 0.143936 0.125622 0.252434
0 0.661192 0.259369 0.658823 0.157535 0.640519 0.157960 0.642888 0.259795
0 0.350448 0.423815 0.326246 0.318943 0.292468 0.326738 0.316670 0.431610
0 0.319020 0.254568 0.315268 0.147628 0.289094 0.148546 0.292846 0.255487
0 0.510938 0.159375 0.492188 0.159375 0.492188 0.257813 0.510938 0.257813
0 0.445607 0.742718 0.428272 0.737765 0.399499 0.838473 0.416834 0.843426
0 0.355120 0.471538 0.311082 0.466034 0.297115 0.577764 0.341154 0.583269
0 0.454432 0.739407 0.438589 0.735237 0.412925 0.832760 0.428769 0.836929
0 0.232468 0.423987 0.223427 0.315496 0.178944 0.319203 0.187985 0.427694
0 0.159375 0.468750 0.135938 0.468750 0.135938 0.579688 0.159375 0.579688
0 0.159079 0.963792 0.155251 0.879591 0.134981 0.880512 0.138808 0.964713
0 0.790625 0.145313 0.776563 0.145313 0.776563 0.262500 0.790625 0.262500
0 0.096059 0.251512 0.093611 0.138896 0.080403 0.139183 0.082852 0.251799
0 0.850000 0.132813 0.831250 0.132813 0.831250 0.262500 0.850000 0.262500
0 0.932095 0.853238 0.912736 0.852685 0.910270 0.938999 0.929629 0.939552
0 0.613116 0.465654 0.597348 0.460923 0.563761 0.572878 0.579530 0.577609
0 0.500033 0.867221 0.485777 0.866918 0.483980 0.951355 0.498236 0.951658
0 0.853125 0.320313 0.831250 0.320313 0.831250 0.426563 0.853125 0.426563
0 0.642188 0.654687 0.637500 0.654687 0.637500 0.660937 0.642188 0.660937
0 0.330107 0.254619 0.328059 0.148108 0.302077 0.148608 0.304125 0.255119
0 0.704744 0.260740 0.699258 0.129067 0.678461 0.129934 0.683947 0.261606
0 0.070432 0.881316 0.048805 0.880468 0.045426 0.966640 0.067053 0.967489
0 0.821875 0.912500 0.806250 0.912500 0.806250 0.939063 0.821875 0.939063
0 0.650919 0.424804 0.619636 0.325090 0.593250 0.333368 0.624533 0.433082
0 0.688361 0.423552 0.657783 0.319586 0.637903 0.325433 0.668481 0.429399
0 0.609983 0.864311 0.590902 0.863039 0.585495 0.944137 0.604577 0.945409
0 0.544924 0.468606 0.527192 0.465807 0.509975 0.574848 0.527707 0.577648
0 0.429197 0.257250 0.423174 0.128748 0.397571 0.129948 0.403594 0.258450
0 0.102738 0.718007 0.092110 0.611726 0.072308 0.613707 0.082936 0.719988
0 0.801629 0.825481 0.788892 0.732683 0.768804 0.735440 0.781541 0.828238
0 0.639907 0.604172 0.610900 0.601594 0.601646 0.705702 0.630653 0.708280
0 0.870313 0.859375 0.851562 0.859375 0.851562 0.935937 0.870313 0.935937
0 0.664151 0.861287 0.647662 0.860080 0.640220 0.961784 0.656710 0.962991
0 0.499969 0.257189 0.494389 0.145593 0.464931 0.147066 0.470511 0.258662
0 0.201563 0.607812 0.178125 0.607812 0.178125 0.717187 0.201563 0.717187
0 0.035961 0.249846 0.033810 0.118682 0.022082 0.118875 0.024232 0.250038
0 0.525460 0.425276 0.498529 0.317555 0.476838 0.322978 0.503768 0.430699
0 0.865625 0.154688 0.848437 0.154688 0.848437 0.262500 0.865625 0.262500
0 0.713254 0.826239 0.705291 0.730679 0.690420 0.731918 0.698384 0.827478
0 0.559375 0.295313 0.512500 0.295313 0.512500 0.428125 0.559375 0.428125
0 0.915625 0.853125 0.893750 0.853125 0.893750 0.940625 0.915625 0.940625
0 0.387551 0.256195 0.383946 0.149856 0.372466 0.150245 0.376071 0.256584
0 0.488301 0.740531 0.468646 0.736437 0.448133 0.834898 0.467788 0.838992
0 0.128317 0.143823 0.119348 0.143449 0.115899 0.226248 0.124867 0.226622
0 0.534633 0.600580 0.512874 0.599591 0.507838 0.710370 0.529597 0.711360
0 0.127182 0.251453 0.121653 0.140870 0.091494 0.142378 0.097023 0.252961
0 0.104604 0.718470 0.099755 0.611801 0.077146 0.612829 0.081994 0.719497
0 0.567296 0.463150 0.550502 0.459232 0.524155 0.572147 0.540949 0.576065
0 0.732445 0.260670 0.726891 0.138479 0.700383 0.139684 0.705937 0.261875
0 0.628125 0.732812 0.610938 0.732812 0.610938 0.831250 0.628125 0.831250
0 0.217394 0.252887 0.208415 0.127189 0.169440 0.129973 0.178418 0.255671
0 0.620313 0.143750 0.601562 0.143750 0.601562 0.259375 0.620313 0.259375
0 0.748437 0.320313 0.723437 0.320313 0.723437 0.426563 0.748437 0.426563
0 0.548438 0.146875 0.523438 0.146875 0.523438 0.259375 0.548438 0.259375
0 0.182813 0.609375 0.167188 0.609375 0.167188 0.717187 0.182813 0.717187
0 0.464062 0.470313 0.437500 0.470313 0.437500 0.575000 0.464062 0.575000
0 0.804306 0.499695 0.777058 0.477896 0.712271 0.558880 0.739520 0.580678
0 0.671162 0.424669 0.640871 0.311080 0.620449 0.316526 0.650739 0.430115
0 0.592162 0.734777 0.571682 0.733455 0.565287 0.832589 0.585766 0.833910
0 0.095313 0.467187 0.075000 0.467187 0.075000 0.582812 0.095313 0.582812
0 0.567187 0.543750 0.560937 0.543750 0.560937 0.564063 0.567187 0.564063
0 0.831250 0.146875 0.810937 0.146875 0.810937 0.262500 0.831250 0.262500
0 0.257813 0.470313 0.237500 0.470313 0.237500 0.578125 0.257813 0.578125
0 0.289399 0.424567 0.275192 0.310913 0.246731 0.314471 0.260937 0.428125
0 0.492188 0.150000 0.478125 0.150000 0.478125 0.257813 0.492188 0.257813
0 0.298438 0.873437 0.278125 0.873437 0.278125 0.960938 0.298438 0.960938
0 0.959375 0.314063 0.939063 0.314063 0.939063 0.428125 0.959375 0.428125
0 0.403125 0.148438 0.382812 0.148438 0.382812 0.257813 0.403125 0.257813
0 0.823976 0.312601 0.805323 0.312242 0.803131 0.426262 0.821784 0.426621
0 0.747728 0.824879 0.743095 0.732220 0.721431 0.733303 0.726064 0.825962
0 0.363281 0.741406 0.350661 0.738882 0.331010 0.837139 0.343630 0.839663
0 0.448563 0.257635 0.445039 0.130780 0.424699 0.131345 0.428223 0.258200
0 0.162773 0.841946 0.161373 0.744987 0.153834 0.745096 0.155234 0.842055
0 0.172725 0.848828 0.169601 0.743386 0.157222 0.743753 0.160347 0.849195
0 0.179635 0.848565 0.178302 0.744634 0.163650 0.744822 0.164982 0.848753
0 0.190476 0.743056 0.171627 0.743056 0.171627 0.845486 0.190476 0.845486
0 0.198784 0.843889 0.196731 0.743417 0.178115 0.743797 0.180168 0.844269
0 0.211640 0.743304 0.197421 0.743304 0.197421 0.842758 0.211640 0.842758
0 0.226444 0.846221 0.221125 0.742484 0.205585 0.743281 0.210905 0.847018
0 0.244709 0.742312 0.225529 0.742312 0.225529 0.842014 0.244709 0.842014
0 0.249583 0.841984 0.248659 0.742526 0.239399 0.742612 0.240323 0.842070
0 0.256604 0.841500 0.255944 0.743049 0.247998 0.743102 0.248658 0.841553
0 0.266649 0.741170 0.256361 0.740843 0.253155 0.841841 0.263443 0.842168
0 0.143750 0.743750 0.134375 0.743750 0.134375 0.846875 0.143750 0.846875
0 0.156250 0.745313 0.145313 0.745313 0.145313 0.848437 0.156250 0.848437
0 0.295500 0.742542 0.280124 0.740916 0.270102 0.835682 0.285478 0.837308
0 0.301039 0.743439 0.288301 0.742136 0.278392 0.838999 0.291131 0.840302
0 0.307875 0.743400 0.296313 0.741732 0.282389 0.838262 0.293950 0.839930
0 0.314088 0.741806 0.300927 0.740591 0.291866 0.838755 0.305027 0.839970
0 0.325916 0.740802 0.315729 0.739277 0.300718 0.839554 0.310905 0.841079
0 0.406944 0.740246 0.390380 0.735880 0.363842 0.836587 0.380406 0.840952
0 0.504382 0.737208 0.491063 0.735485 0.478205 0.834868 0.491524 0.836591
0 0.512235 0.737599 0.502059 0.736572 0.492347 0.832828 0.502523 0.833855
0 0.520382 0.735838 0.509614 0.735085 0.502732 0.833425 0.513500 0.834179
0 0.530538 0.736620 0.518816 0.735927 0.513035 0.833793 0.524757 0.834485
0 0.540971 0.736562 0.530910 0.735795 0.523532 0.832636 0.533593 0.833402
0 0.549255 0.736206 0.537763 0.735609 0.532712 0.832843 0.544204 0.833440
0 0.639924 0.830268 0.638182 0.732817 0.626838 0.733020 0.628579 0.830470
0 0.649495 0.733174 0.637595 0.733110 0.637086 0.828580 0.648985 0.828643
0 0.660221 0.828176 0.654260 0.732794 0.639509 0.733716 0.645470 0.829098
0 0.673601 0.828922 0.671512 0.733320 0.655516 0.733670 0.657606 0.829272
0 0.685216 0.835857 0.681907 0.733685 0.671554 0.734021 0.674863 0.836192
0 0.696948 0.828424 0.692548 0.735501 0.682106 0.735996 0.686507 0.828919
0 0.701597 0.828656 0.694045 0.733257 0.682921 0.734138 0.690473 0.829536
0 0.711164 0.827723 0.704805 0.730549 0.692637 0.731346 0.698996 0.828520
0 0.718744 0.827551 0.715212 0.730321 0.706019 0.730655 0.709551 0.827885
0 0.729236 0.825379 0.720934 0.730425 0.710615 0.731327 0.718917 0.826281
0 0.133598 0.744544 0.087632 0.744544 0.087632 0.854911 0.133598 0.854911
0 0.364661 0.712720 0.357868 0.604120 0.338669 0.605321 0.345462 0.713921
0 0.346189 0.713217 0.339002 0.604340 0.326540 0.605163 0.333726 0.714040
0 0.374164 0.711787 0.366630 0.604685 0.356375 0.605407 0.363909 0.712508
0 0.383229 0.712621 0.378381 0.604570 0.365673 0.605141 0.370522 0.713191
0 0.396588 0.710670 0.389632 0.609947 0.376630 0.610845 0.383585 0.711568
0 0.404842 0.711742 0.400915 0.604911 0.389677 0.605324 0.393604 0.712155
0 0.427043 0.711232 0.424158 0.604645 0.410596 0.605012 0.413482 0.711599
0 0.413045 0.712267 0.412296 0.605843 0.401510 0.605919 0.402259 0.712342
0 0.438889 0.711417 0.434421 0.604171 0.421536 0.604708 0.426004 0.711954
0 0.446776 0.711222 0.445491 0.603799 0.428625 0.604001 0.429910 0.711424
0 0.456269 0.605946 0.445018 0.605809 0.443748 0.709952 0.454999 0.710089
0 0.466997 0.605118 0.454451 0.604866 0.452330 0.710385 0.464876 0.710637
0 0.474197 0.607291 0.462912 0.607061 0.460818 0.709442 0.472104 0.709672
0 0.491490 0.613974 0.474952 0.613657 0.473109 0.709839 0.489647 0.710156
0 0.499442 0.604710 0.490520 0.604614 0.489395 0.709268 0.498317 0.709364
0 0.512235 0.603423 0.498677 0.603423 0.498677 0.709573 0.512235 0.709573
0 0.596634 0.603713 0.587808 0.603168 0.581385 0.707139 0.590211 0.707684
0 0.588887 0.600482 0.577178 0.599908 0.571906 0.707537 0.583616 0.708110
0 0.611367 0.602527 0.596725 0.601494 0.589165 0.708649 0.603807 0.709682
0 0.653173 0.602546 0.639996 0.601277 0.629800 0.707121 0.642977 0.708390
0 0.664047 0.602023 0.652491 0.600961 0.642777 0.706599 0.654333 0.707662
0 0.675445 0.601694 0.663590 0.600131 0.649599 0.706235 0.661453 0.707799
0 0.715187 0.599992 0.702697 0.597510 0.682133 0.701007 0.694622 0.703489
0 0.724761 0.603730 0.713343 0.601112 0.689977 0.703023 0.701395 0.705641
0 0.735541 0.607755 0.719970 0.603793 0.694745 0.702927 0.710316 0.706889
0 0.750051 0.599905 0.736838 0.596514 0.709534 0.702891 0.722747 0.706282
0 0.772279 0.610366 0.753078 0.600885 0.707485 0.693210 0.726686 0.702692
0 0.731831 0.692060 0.726670 0.691814 0.726123 0.703307 0.731284 0.703553
0 0.778938 0.622692 0.767618 0.617228 0.729317 0.696567 0.740636 0.702031
0 0.714337 0.476605 0.698577 0.470005 0.655955 0.571784 0.671715 0.578383
0 0.740461 0.478499 0.719022 0.466248 0.658669 0.571866 0.680108 0.584117
0 0.741866 0.475423 0.729097 0.469623 0.682862 0.571425 0.695632 0.577224
0 0.761746 0.476188 0.739442 0.466092 0.692124 0.570630 0.714427 0.580726
0 0.792532 0.479853 0.772843 0.466728 0.706731 0.565896 0.726419 0.579022
0 0.699877 0.472193 0.676298 0.464629 0.641484 0.573150 0.665063 0.580714
0 0.685857 0.469447 0.669807 0.464197 0.634632 0.571727 0.650681 0.576977
0 0.603052 0.427052 0.576121 0.317141 0.559530 0.321206 0.586461 0.431117
0 0.586820 0.425661 0.560860 0.317604 0.543192 0.321849 0.569151 0.429905
0 0.445646 0.425062 0.422259 0.314392 0.402465 0.318575 0.425852 0.429245
0 0.428194 0.426055 0.401492 0.315613 0.386445 0.319250 0.413148 0.429693
0 0.412264 0.425434 0.389013 0.314989 0.367813 0.319452 0.391065 0.429897
0 0.446056 0.424596 0.423013 0.314365 0.397872 0.319620 0.420915 0.429851
0 0.428261 0.426035 0.401420 0.315462 0.386001 0.319205 0.412842 0.429778
0 0.501323 0.425347 0.477091 0.316676 0.460448 0.320387 0.484679 0.429058
0 0.487815 0.425519 0.466276 0.317823 0.455767 0.319925 0.477307 0.427621
0 0.481920 0.425777 0.457297 0.315534 0.439070 0.319605 0.463693 0.429848
0 0.446015 0.425156 0.422432 0.314506 0.399381 0.319419 0.422964 0.430069
0 0.063329 0.250140 0.055502 0.117948 0.024951 0.119757 0.032778 0.251949
0 0.065455 0.423898 0.062518 0.312821 0.042892 0.313340 0.045829 0.424417
0 0.066304 0.424171 0.061307 0.311413 0.041224 0.312303 0.046221 0.425061
0 0.986259 0.472536 0.972013 0.467168 0.933771 0.568656 0.948017 0.574024
0 0.962831 0.488552 0.944206 0.479065 0.898457 0.568882 0.917082 0.578368
0 0.975456 0.481880 0.958837 0.474028 0.914626 0.567607 0.931245 0.575459
0 0.713995 0.859014 0.695980 0.858733 0.694550 0.950456 0.712565 0.950737
0 0.694699 0.858886 0.680284 0.858486 0.677762 0.949272 0.692177 0.949672
0 0.729652 0.950023 0.727700 0.860722 0.715730 0.860983 0.717682 0.950284
0 0.676389 0.860634 0.661862 0.859820 0.656390 0.957495 0.670917 0.958309
0 0.582414 0.864219 0.573373 0.863641 0.568046 0.946978 0.577087 0.947555
0 0.573697 0.863814 0.563978 0.862982 0.556651 0.948549 0.566370 0.949382
0 0.560050 0.863824 0.549891 0.863030 0.543161 0.949097 0.553320 0.949892
0 0.382606 0.868800 0.370370 0.868800 0.370370 0.960317 0.382606 0.960317
0 0.311185 0.871063 0.291015 0.870980 0.290654 0.958787 0.310825 0.958870
0 0.318783 0.871776 0.310185 0.871776 0.310185 0.957837 0.318783 0.957837
0 0.340608 0.871776 0.327712 0.871776 0.327712 0.957341 0.340608 0.957341
0 0.329026 0.957974 0.326604 0.872154 0.313772 0.872516 0.316194 0.958336
0 0.184694 0.963839 0.182635 0.876322 0.171724 0.876579 0.173784 0.964096
0 0.139856 0.967166 0.136116 0.877389 0.111832 0.878401 0.115572 0.968178
0 0.083617 0.965138 0.082626 0.878916 0.068217 0.879081 0.069208 0.965303
