0 0.7213541671875 0.09667968750000008 0.5572916671875 0.09667968750000008 0.5572916671875 0.14843750000000008 0.7213541671875 0.14843750000000008
0 0.5052083328125 0.14941406250000003 0.5032394200837369 0.10383074981895626 0.18730160977985547 0.11747727833164864 0.1892705225086185 0.1630605910126924
0 0.7061715846868701 0.18930360244877825 0.7056154139335795 0.1440683811811445 0.19255206969224956 0.15037653705296422 0.19310824044554015 0.19561175832059793
0 0.6911271554209506 0.22048856598457478 0.6899754141970523 0.18004965195222356 0.20294629366480316 0.19392073451658642 0.20409803488870146 0.23435964854893765
0 0.6901041671875 0.22265625000000008 0.20833333281250002 0.22265625000000006 0.20833333281250002 0.27929687500000006 0.6901041671875 0.2792968750000001
0 0.6752011456405538 0.29285796793619984 0.6743407362067492 0.2569119737363289 0.20548535966087939 0.26813457581062344 0.20634576909468394 0.3040805700104944
0 0.6614583328125 0.2929687500000001 0.20572916718749998 0.29296875000000006 0.20572916718749998 0.34179687500000006 0.6614583328125 0.3417968750000001
0 0.6278657095085175 0.3453354495495876 0.6275158837315506 0.33145902708655706 0.20826531113433452 0.3420283692706369 0.2086151369113014 0.35590479173366746
0 0.6930922892545827 0.3746525935737657 0.6923251025301873 0.34217502218988244 0.20826634466738572 0.3536094810190281 0.20903353139178105 0.38608705240291136
0 0.6907812147059713 0.40614000085990865 0.6899521922261254 0.37159739742246134 0.2108271260757118 0.38309639897327447 0.21165614855555764 0.4176390024107218
0 0.6934996862105777 0.4448972241513146 0.6925589264347778 0.4047581403838529 0.2082668505487289 0.41610873591243214 0.20920761032452878 0.45624781967989386
0 0.6853308440089296 0.5273100563661481 0.6847778166415128 0.49879842325070606 0.2195976471013116 0.5078213144857925 0.2201506744687284 0.5363329476012345
0 0.6876529447115385 0.5448506610576923 0.6873079927884616 0.5251884014423077 0.21866796875000002 0.53341015625 0.21901292067307696 0.5530724158653846
0 0.6877862585440592 0.5699888899835743 0.6874531972722244 0.5442321515395372 0.21870580951722224 0.5502935401533986 0.219038870789057 0.5760502785974358
0 0.7057291671875 0.578125 0.19661458281250008 0.578125 0.19661458281250008 0.62890625 0.7057291671875 0.62890625
0 0.7136003302704303 0.6698218820667019 0.7134352014191173 0.6288699269411024 0.19906945658211223 0.6309439823638323 0.19923458543342515 0.6718959374894318
0 0.7112266626600962 0.7088650841254809 0.7104526241985576 0.6647448918177885 0.19238291213942307 0.6738338341346154 0.19315695060096155 0.7179540264423078
0 0.7278645828125 0.7734374999999999 0.7266959249236021 0.7009807108883289 0.23398031128088426 0.7089277369148245 0.2351489691697822 0.7813845260264954
0 0.7057291671875002 0.77734375 0.21354166718750006 0.77734375 0.21354166718750006 0.853515625 0.7057291671875002 0.853515625