0 0.13206278789926623 0.7361486783161404 0.12991273188417948 0.1872425155708551 0.0748864518498892 0.18745805256498152 0.07703650786497594 0.7363642153102669
0 0.218223636367581 0.7452989649561438 0.21701466665288077 0.05254699239231715 0.14818571442317655 0.052667110590511955 0.1493946841378768 0.7454190831543387
0 0.2288600211202148 0.1280249848806399 0.21005935368220824 0.1279546459995867 0.2078134493606339 0.7282556404890244 0.22661411679864046 0.7283259793700776
0 0.25158214675045076 0.1262508362249623 0.22734605822275517 0.1260558790655809 0.22245460282820856 0.7341368869529826 0.2466906913559042 0.7343318441123641
0 0.2827198386268211 0.1307846814573682 0.24987424256438592 0.13038421024814875 0.24255848693482504 0.7304032597283368 0.2754040829972602 0.7308037309375561
0 0.3068804363609469 0.1356496254768777 0.28061655255722123 0.13525072760132986 0.2716255790654498 0.7272265127466897 0.2978894628691755 0.7276254106222375
0 0.32464161491048327 0.14494880833312312 0.3025875395143882 0.14469638211366317 0.29599151795600315 0.7209802446780286 0.3180455933520982 0.7212326708974885
0 0.37200477650252095 0.14647987698593554 0.32329559431118615 0.14307380106485174 0.2829626142498003 0.7198626101364953 0.3316717964411351 0.7232686860575792
0 0.3968278178398453 0.17328433470410648 0.3395079707552464 0.17059630789429758 0.31277300142720704 0.7406964081249223 0.3700928485118059 0.7433844349347312
0 0.3986773525154002 0.21845865520651048 0.3831793881701371 0.21801595406390958 0.36881571364684806 0.7208556673771891 0.38431367799211114 0.72129836851979
0 0.42455431515677755 0.204317862307802 0.3973047036963912 0.2035149784788958 0.3818019032907441 0.7296748940140139 0.40905151475113044 0.73047777784292
0 0.48362017225716347 0.21580415481979295 0.423005634905095 0.21325405285106283 0.4012214263756354 0.7310528459133316 0.4618359637277038 0.7336029478820618
0 0.5027299081372182 0.2595404613468875 0.47865956712285096 0.25847316536454484 0.45880664948623495 0.7062088502629278 0.48287699050060223 0.7072761462452705
0 0.572112366845859 0.3165306244568472 0.4984509081448082 0.3126397867097019 0.47743143719395353 0.7105810507730344 0.5510928958950043 0.7144718885201796
0 0.6239057390528605 0.2863155084694838 0.5716934346545678 0.28365950843956816 0.5489125619164013 0.731491529699637 0.601124866314694 0.7341475297295527
0 0.6611932540302156 0.208241153179782 0.6275424099389311 0.20618975395547506 0.5955288000563225 0.7313361916620772 0.6291796441476069 0.733387590886384
0 0.6881254045552406 0.27292265820197203 0.6549919977005819 0.2707790736006263 0.6254003951784084 0.7281767453477428 0.6585338020330671 0.7303203299490886
0 0.7168717335398953 0.25406473765018467 0.6894888036749883 0.2522788634595051 0.6576217688230178 0.7408982661633486 0.6850046986879248 0.7426841403540283
0 0.7458908369727708 0.28750203076306274 0.7147169594530894 0.2853221408980549 0.6829229261371362 0.7399980015267482 0.7140968036568176 0.742177891391756
0 0.7780044500541667 0.3602406396023953 0.7409854707764187 0.3576520204570547 0.7148235238057764 0.7317853009417427 0.7518425030835243 0.7343739200870834
0 0.8288436841367843 0.3611848135276229 0.7781861375415298 0.35764249165813855 0.7507524198743443 0.7499628064715512 0.8014099664695988 0.7535051283410354
0 0.8650043723773455 0.3480483017103435 0.8299337593004603 0.3455959256835308 0.8014099708375688 0.7535051279150984 0.8364805839144541 0.7559575039419111
0 0.9105435393679105 0.3407892995386708 0.8618343281076808 0.3373832233103738 0.83222048826352 0.7608813145192838 0.8809296995237498 0.7642873907475808
0 0.9340582803215389 0.3555155349664758 0.9070599021112672 0.3532573576850883 0.8733860204466264 0.755856480651782 0.9003843986568981 0.7581146579331695
0 0.9740489601760396 0.3635735888695995 0.9333591624428174 0.35992025206677014 0.8978951687330522 0.7549078507313836 0.9385849664662744 0.7585611875342128
0 0.9963719311843013 0.28935226239675516 0.9203856072397592 0.2840387800822193 0.8876831671754889 0.7517053793861603 0.963669491120031 0.7570188617006963