0 0.6391419778462131 0.059020354775473585 0.6344916403964086 0.03853449919599687 0.13238489508945334 0.15251391257424923 0.13703523253925776 0.17299976815372592
0 0.6318284038906103 0.16590161040179296 0.6171499914430905 0.06145927488277457 0.13227064777174552 0.1296046199511516 0.14694906021926538 0.23404695547017
0 0.5516974872932275 0.1251654936764281 0.5453313035425167 0.09727502625865461 0.1452644189215588 0.18859294007921806 0.15163060267226972 0.21648340749699152
0 0.577381259462616 0.17714794567920727 0.5671011733854013 0.12105702271357002 0.1478069633988033 0.19790333478050795 0.15808704947601795 0.2539942577461452
0 0.3251850875 0.22970687187500008 0.3229146812461504 0.2179362113772032 0.18480139100954843 0.24457645624295318 0.18707179726339795 0.25634711674075
0 0.5530694915435559 0.18306161959891212 0.5503416578266974 0.170291310282138 0.32795377379471946 0.21779502794748828 0.3306816075115779 0.23056533726426237
0 0.5629064035297958 0.22993148168777483 0.5590249733099413 0.21172892088458745 0.16838375740953365 0.29502745436626393 0.1722651876293882 0.3132300151694513
0 0.6645550750694604 0.23580367913859074 0.6579296598666355 0.20566494203607572 0.212670255538944 0.3035465625100577 0.21929567074176903 0.3336852996125728
0 0.68200763952213 0.29068305557807694 0.6726932824260403 0.23284629699679904 0.17064425920652335 0.31369909713147504 0.17995861630261295 0.37153585571275294
0 0.6644916846220337 0.29694088534897667 0.6593594416445249 0.27156370264089486 0.18123576231261157 0.3682587110608175 0.18636800529012038 0.3936358937688993
0 0.6986523797448438 0.3793822129611854 0.6883231257079726 0.30588575562227793 0.18023147198999206 0.3772933847147444 0.1905607260268632 0.45078984205365186
0 0.5951145790311936 0.3858282087918563 0.5896578614550931 0.3567512072091989 0.19771524552054248 0.43030487659677685 0.20317196309664295 0.45938187817943427
0 0.6037739789926934 0.43413521161721447 0.5969784168979141 0.385782278226931 0.20494830922136148 0.4408785206458945 0.2117438713161408 0.4892314540361779
0 0.5735590750555083 0.4402954200246557 0.5693702027139749 0.41621348385646 0.22815289135624547 0.4755656782986362 0.232341763697779 0.4996476144668319
0 0.5760449467283812 0.4600882940320384 0.5721282284533944 0.43787010756079975 0.21069108378348153 0.5015858150340557 0.2146078020584683 0.5238040015052944
0 0.5827016042440876 0.4881556981941687 0.5781775631523499 0.4597455945351765 0.2104308541301953 0.5183057899831427 0.21495489522193312 0.5467158936421349
0 0.5915152002827888 0.5146125710205587 0.5881986083069723 0.49253635891942693 0.22507530786452387 0.5470897315253039 0.22839189984034033 0.5691659436264357
0 0.5833460294043417 0.4941466412601764 0.5819576204163285 0.48518906189965394 0.226705187931889 0.5402525618055212 0.22809359691990214 0.5492101411660435
0 0.6035211634333483 0.5446206328992782 0.5997156487573541 0.51754298998015 0.21284383210809216 0.571914279991782 0.21664934678408643 0.5989919229109103
0 0.600478065229531 0.5233591842801719 0.5989059709744551 0.5117465137530587 0.2143691254664669 0.5638041489263521 0.21594121972154276 0.5754168194534653
0 0.6281155022390189 0.5522496925882251 0.6250484884843065 0.5270972438347677 0.21376407755480648 0.5772480246904965 0.21683109130951891 0.6024004734439539
0 0.6289080526309714 0.5568312949119204 0.6272771177350367 0.545226590297633 0.20945555583029823 0.6039475821913352 0.21108649072623292 0.6155522868056226
0 0.6302852495641467 0.5667607178978419 0.6279555982723438 0.5494722994035404 0.21230708143188357 0.605481824191046 0.2146367327236865 0.6227702426853476
0 0.6361081796224503 0.5893488138358742 0.6325744870049171 0.5642052855493793 0.21991121551027595 0.6222013288807727 0.22344490812780907 0.6473448571672678
0 0.6974369062232283 0.5955026488348963 0.6957532010283445 0.5821255195638028 0.2149921503805176 0.6426362511317999 0.21667585557540142 0.6560133804028935
0 0.7057968719787748 0.6182984368495525 0.7039666221752748 0.601478899226677 0.21670533626614158 0.6545011577919452 0.21853558606964157 0.6713206954148208
0 0.6989305611331289 0.6064050052773264 0.6970662399905021 0.5907857807712251 0.21578594532577622 0.6482317204542511 0.21765026646840308 0.6638509449603525
0 0.701762061328429 0.6264625277802177 0.7002963424090562 0.613437933403147 0.21849389016843018 0.667657431470012 0.21995960908780293 0.6806820258470827
0 0.7031594505509815 0.6365197059127394 0.701691209426065 0.6232061184147767 0.21975249522797285 0.6763549965802838 0.22122073635288936 0.6896685840782465
0 0.603766650252197 0.6598594039444994 0.6020623776681691 0.6444873810637661 0.23435006291559873 0.6852550810408318 0.23605433549962687 0.7006271039215649
0 0.6556285437989517 0.6917742879426935 0.651658047788023 0.6530397732039236 0.23660179694171402 0.695585270402235 0.24057229295264268 0.7343197851410048
0 0.6302861721350148 0.6789214207172586 0.6256651903964329 0.6460414261490992 0.22331849972437015 0.7025875641455734 0.22793948146295206 0.7354675587137328
0 0.6601025398132478 0.7050216604702444 0.6585752360862684 0.689485091722007 0.2405733850462955 0.7305762615499708 0.24210068877327492 0.7461128302982082
0 0.675768915134865 0.7218372250844671 0.6706042883983956 0.6850889949628931 0.23988699870791894 0.7456223600483897 0.2450516254443884 0.7823705901699638
0 0.6840957879142029 0.7449176369455315 0.6814404678271404 0.7153863042087275 0.24434200485155683 0.7546881650189834 0.24699732493861934 0.7842194977557874
0 0.6230699951274998 0.76006701212354 0.6219519658216406 0.747632766012386 0.260666371564062 0.7801178783830037 0.2617844008699213 0.7925521244941576
0 0.624293466637925 0.768776020007662 0.6229834853292587 0.7556022853178838 0.2855504478702866 0.78915624571005 0.2868604291789528 0.8023299803998285
0 0.6283333127957993 0.779396238751248 0.626898488758774 0.7642842482250009 0.28696907274949013 0.7965592087032379 0.2884038967865155 0.8116711992294852
0 0.5852447768110085 0.8129183963385911 0.5823613026741183 0.7821255758915386 0.2526644434589367 0.8129987584308106 0.2555479175958268 0.843791578877863
0 0.7773292483284904 0.808439421128529 0.7619925404057482 0.6904059792406436 0.23753495330897184 0.7585515208983163 0.25287166123171406 0.8765849627862018
0 0.7835324623170862 0.8342282364076352 0.7800789333221938 0.8069628430619256 0.24500804019962272 0.8747367724636262 0.24846156919451506 0.9020021658093359
0 0.7963908311030167 0.8505350238279303 0.7932741447930509 0.8257353030392032 0.24520655486538817 0.8946132863445608 0.24832324117535398 0.919413007133288
0 0.8267501440851575 0.8978501448203602 0.8180518255251528 0.8359583903315994 0.2377440977940592 0.9175153201735897 0.24644241635406394 0.9794070746623506