0 0.800163340945659 0.2009895156789952 0.7925336897543291 0.09188096296508495 0.08323934826653265 0.14147990166355387 0.0908689994578625 0.2505884543774641
0 0.6435836235369585 0.21062235455336378 0.6375371863864524 0.1646261866833206 0.12062499977707992 0.2325770007053689 0.12667143692758595 0.2785731685754121
0 0.7270552149043665 0.22359329843564368 0.7239049060177825 0.1985838430258855 0.13112869374904332 0.27325272880007084 0.1342790026356273 0.29826218420982903
0 0.7011326198778539 0.31559863025594387 0.6950016783465048 0.2279221011231948 0.1338017595462957 0.2671650310566148 0.13993270107764477 0.35484156018936386
0 0.5845878026798424 0.3142600095365863 0.5816373441657607 0.29070884879250614 0.17781930220444592 0.34129864319760983 0.18076976071852763 0.36484980394169
0 0.6275459101305713 0.342149752185397 0.6249141093318982 0.3088178065223149 0.17033312072197399 0.34471029899719274 0.1729649215206471 0.37804224466027486
0 0.5997994779220047 0.34619912836561495 0.5967304436370455 0.32224638813461004 0.16984253827045756 0.3769429950684845 0.17291157255541675 0.4008957352994894
0 0.6584927853853927 0.3689689539572368 0.6552863054547143 0.33833113795496034 0.16539950809262352 0.38960150866053367 0.1686059880233019 0.4202393246628101
0 0.6419263418694914 0.3856152031242698 0.6388074005838028 0.3604534922089686 0.1754586980763384 0.4178882748747975 0.17857763936202692 0.4430499857900987
0 0.6979906952799528 0.46571837339200844 0.6885621406834146 0.37995194031632334 0.1621977961394755 0.43781671074258266 0.17162635073601384 0.5235831438182678
0 0.7614521011791626 0.4911249476045222 0.7578676839125543 0.4578448500122721 0.14888562436520902 0.5234349764608348 0.15247004163181735 0.5567150740530848
0 0.7525309984238817 0.5176645810649408 0.7491846282701697 0.4880814615039492 0.12739081043266723 0.5584172578855371 0.13073718058637926 0.5880003774465287
0 0.6487261313174376 0.5577876581074505 0.6452562668163673 0.5274545040349433 0.17899703022113572 0.5807907436324042 0.18246689472220604 0.6111238977049114
0 0.6772592235201063 0.6018760203992782 0.6727806003830923 0.5550306281543762 0.1857649315615852 0.6015914431662248 0.19024355469859922 0.6484368354111267
0 0.7041086151419074 0.6853160333787294 0.6958639030497377 0.589811022392382 0.1896833503661257 0.6335083413124152 0.19792806245829536 0.7290133522987625
0 0.6330672320919339 0.7236844577739661 0.6308873421599719 0.6925105812469543 0.2177818469875487 0.7213977332501476 0.21996173691951082 0.7525716097771594
0 0.6519478016122571 0.7654031457023242 0.6472218304644651 0.7049784732706917 0.2003554799421654 0.7399290554501313 0.2050814510899574 0.8003537278817637
0 0.7070782670970808 0.8045833269203936 0.698405138585062 0.7045384843912728 0.1846167379559193 0.749080039098043 0.1932898664679379 0.8491248816271637
0 0.7195949815235627 0.8409811923203494 0.7171426055028842 0.8059105803410841 0.18971860745524688 0.8427916580453214 0.1921709834759254 0.8778622700245867
0 0.6818489530720956 0.86124170045514 0.6804865218415507 0.841758026201083 0.2206143656024388 0.8739154201067905 0.2219767968329837 0.8933990943608474
0 0.6557142219682477 0.8985771215728166 0.6535086100143906 0.8628531948817022 0.22695949045112562 0.8891885371622573 0.2291651024049827 0.9249124638533717