0 0.6833932777993269 0.1272255853447358 0.6779831131794806 0.07575130765578567 0.5148193642723775 0.09290050879490522 0.5202295288922237 0.14437478648385538
0 0.46853359218749996 0.15079019062500004 0.46181071163762866 0.10566239479907655 0.1490300922630815 0.15225866000292448 0.15575297281295278 0.19738645582884798
0 0.6725655375433044 0.16945483033742512 0.6672840453514135 0.12452554852062456 0.15769069884359735 0.18442887151596832 0.16297219103548835 0.22935815333276888
0 0.6608632405889855 0.2020415313473432 0.6554907910295832 0.16194453468334405 0.17257958972924592 0.2266480358556863 0.1779520392886483 0.26674503251968545
0 0.6659929984364409 0.26063461319080145 0.6600724400655712 0.2043042706997488 0.18094079712219918 0.2546630424368012 0.18686135549306884 0.3109933849278539
0 0.652589137217178 0.275679207220154 0.6479760617316843 0.24002006662600284 0.18286220527192196 0.3001899219126967 0.18747528075741562 0.3358490625068479
0 0.6440371184353715 0.32578653689740367 0.638933189510469 0.27722589764621175 0.1857005557075714 0.32486256769518723 0.19080448463247393 0.37342320694637915
0 0.6109984006081751 0.33281711162420236 0.6092000102378463 0.31905327347944396 0.19335093192172645 0.3733883339537346 0.19514932229205523 0.38715217209849306
0 0.6789321376198991 0.3551556193532747 0.6747743230085084 0.3229361564839116 0.19456251616197595 0.384905894314875 0.19872033077336676 0.41712535718423815
0 0.679925053669234 0.38671210910966536 0.6754898876610036 0.3524453911274755 0.20019149157277819 0.41396360513304675 0.20462665758100856 0.4482303231152366
0 0.6866798667070216 0.424972858756613 0.681548583885855 0.38515199760540775 0.2010959710538204 0.44706271895441113 0.20622725387498703 0.48688358010561644
0 0.6871702604847106 0.5077881011518729 0.6836399855685656 0.4794904653280179 0.22195127060913925 0.5370884957654045 0.22548154552528424 0.5653861315892594
0 0.691313132727837 0.5249898904272685 0.6889148045598794 0.5054713991032472 0.22370144703328868 0.5626343365938606 0.2260997752012462 0.5821528279178818
0 0.6940733775907064 0.5499764749520578 0.6910498285010258 0.524395648276071 0.22550387523319496 0.5794212759086921 0.22852742432287557 0.6050021025846789
0 0.718076532734363 0.606695533674356 0.7127684468083557 0.556192469735028 0.2064428455011293 0.6094094349770742 0.21175093142713658 0.6599124989164021
0 0.7301814260761065 0.64656426659418 0.725736556904175 0.6058539102521425 0.214405358843638 0.6616824630609296 0.2188502280155693 0.702392819402967
0 0.7319018872431856 0.6856417004086042 0.7265202731474772 0.6418441128058328 0.21223865492820032 0.7050362966054127 0.21762026902390863 0.7488338842081841
0 0.7551983187500001 0.7481212453125001 0.7464622658726696 0.6761835402532216 0.2572764902727383 0.7355898390635249 0.26601254315006884 0.8075275441228034
0 0.7415546066174714 0.8300744762377148 0.7335924776451946 0.7543198786339254 0.2441012322689728 0.8057674811526517 0.2520633612412495 0.8815220787564412