0 0.34584377160072244 0.9999651442545929 0.28637364558520206 0.07104468499063768 0.2087816254464737 0.07601217942940294 0.2682517514619941 1.0049326386933584
0 0.279149267183377 0.9995064983939977 0.20894315508994515 0.08650947971708542 0.14277104888283945 0.09159787125703474 0.21297716097627126 1.0045948899339472
0 0.123542146415065 0.9996401047643501 0.043270454022629815 0.07495930819027695 -0.029199023255622437 0.08125039546003884 0.05107266913681274 1.0059311920341119
0 0.21434492709679837 0.9999193019290928 0.14373823135191 0.06381500991266771 0.09209353500807364 0.06771036793279996 0.16270023075296203 1.003814659949225
0 0.5963023526661273 0.9940745369508379 0.5498541587272767 0.10779082343750776 0.4921208900619084 0.11081649796904416 0.5385690840007589 0.9971002114823744
0 0.16253584231815457 0.999818628683278 0.09530336665999581 0.0883974887218705 0.04621252012078069 0.09201875555481442 0.11344499577893948 1.0034398955162218
0 0.8428187304229168 0.9814162103240373 0.797374771041171 0.01816103223372193 0.7432129226692527 0.020716252172776277 0.7886568820509983 0.9839714302630915
0 0.6493545359791982 0.991294189858149 0.5981634296875 0.014509675 0.5466715937125816 0.017208247723513675 0.5978627000042798 0.9939927625816628
0 0.7855752376400706 0.9843078268576699 0.7380982673714401 0.022823187599041162 0.6863677243172673 0.025377580414361462 0.7338446945858978 0.9868622196729901
0 0.923802948778448 0.9742445353105454 0.8822899028105589 -0.0021339574333321455 0.8297135267672298 0.00010145181803107861 0.8712265727351189 0.9764799445619087
0 1.0236770613649404 0.9685474878320276 0.9741214543038588 0.022970146813218618 0.933552129244954 0.025096294981264023 0.9831077363060358 0.9706736360000731
0 0.8802876140468211 0.9791915000308279 0.8362927031180087 0.13971854674159823 0.8050855296874999 0.1413540453125 0.8490804406163124 0.9808269986017297
0 0.05601640048858856 0.9998400676340209 -5.551115123125783e-18 0.39021621249999994 -0.030232529405562324 0.39299418363860095 0.02578387108302623 1.002618038772622
0 0.4072540972070809 0.9998676117468717 0.351348768488875 0.12860561588302882 0.28979338166337826 0.1325553739938985 0.3456987103815842 1.0038173698577413
0 0.46431809065589374 0.9996845352308059 0.4076639444327085 0.04549067495891018 0.34833216933275446 0.049013429822619026 0.4049863155559398 1.0032072900945148
0 0.5171468944691173 0.9994378140385887 0.4610308266261517 0.060116921158342274 0.408493063367371 0.06325558517581907 0.46460913121033665 1.0025764780560655
0 0.5436074342601889 0.9983663581224557 0.4958449267462598 0.1975443598165294 0.4648011417801591 0.19939586866099268 0.5125636492940882 1.0002178669669188
0 0.6956615604290302 0.9871107109760734 0.6487306946491395 0.015886834893989364 0.6038756805185705 0.018054290513190924 0.6508065462984611 0.989278166595275
0 0.7289218678699871 0.9888582900119387 0.6847654958319078 0.027922445186687787 0.6514416732729973 0.029453722341730097 0.6955980453110766 0.990389567166981
0 0.979916931451761 0.9762413080312866 0.9439597909869473 -0.002112865740388337 0.88422009304919 0.00008272841933442132 0.9201772335140037 0.9784369021910095
0 1.0243258051235675 0.9697307829809878 0.9743522705100428 0.016178446998225036 0.9343680926249643 0.018273927888085094 0.984341627238489 0.9718262638708479