0 0.9492959590682546 0.9698031147736803 0.9463283660884001 0.9273645579629299 0.038651070312499994 0.9908355374999998 0.04161866329235452 1.0332740943107501
0 0.8079175285872593 0.9525449478018215 0.8063672888086029 0.9205697375088248 0.03620266059327586 0.9579092837333253 0.037752900371932206 0.9898844940263221
0 0.8975739082193689 0.918004877183807 0.8946926940217601 0.8584741488500244 0.03189805254251908 0.9002323507102886 0.03477926674012772 0.9597630790440712
0 0.9825005495159591 0.8553977382130521 0.9796921136824173 0.7972233334364797 0.027675324051795725 0.8431830312864328 0.030483759885337615 0.9013574360630052
0 0.9724208657390317 0.8038369670336396 0.9699149248175049 0.7534870504846585 0.024594184663957432 0.8005361438910846 0.027100125585484226 0.8508860604400658
0 0.9546035557020487 0.7561856066385827 0.9524018365477461 0.7186875712011613 0.022189149231416117 0.7733055549794685 0.024390868385718523 0.8108035904168899
0 0.9547482643610957 0.7210703799725133 0.9517231092060594 0.665908126173522 0.018055776109761244 0.7171114101455205 0.021080931264797494 0.7722736639445118
0 0.954633225888718 0.6648141285426661 0.9512563357114786 0.6074432376369804 0.013905304041809763 0.6626163653590889 0.017282194219049196 0.7199872562647747
0 0.8325107825354607 0.6160567542303477 0.830464410244838 0.5838475337166612 0.011789948784918191 0.6358609853386958 0.01383632107554093 0.6680702058523822
0 1.0033488380989397 0.5770061932379938 0.9999588905308592 0.5216344165311544 0.007746463193023434 0.5823792274278874 0.011136410761103865 0.6377510041347267
0 1.0023799333000651 0.5165742459680589 0.9980012969172917 0.4539568397720899 0.0032616010083507895 0.5235158280550662 0.007640237391124127 0.5861332342510351
0 0.9321536961446417 0.45788438026727407 0.927599842630153 0.39599004152480666 -0.0012091184315955073 0.46432682381467794 0.00334473508289308 0.5262211625571453
0 0.9418221713535491 0.3954514086420077 0.9378637300966627 0.34321151264338257 -0.0036438875078837973 0.41455358800464764 0.0003145537490024886 0.46679348400327275
0 0.9769682551973196 0.34440731249680656 0.9712431472421397 0.26187653011273915 -0.005662855851124926 0.3296438790728526 0.00006225210405501058 0.41217466145692006
0 0.8531948579260238 0.2687198148172292 0.8492340717000673 0.2164489834117437 -0.003682013865945177 0.2810781119863486 0.0002787723600113451 0.3333489433918341
0 0.9384441292051632 0.2086785161997307 0.9344074108267588 0.1554026765342801 -0.003756116306969798 0.22648746798403882 0.00028060207143451864 0.2797633076494894
0 0.8666664297950886 0.16051422017158834 0.8624291984021631 0.10625145142176065 -0.00423723139292535 0.1739270656251723 0 0.228189834375
0 0.9736046600123078 0.09787015264540408 0.9686092984375001 0.03363166718749998 -0.004995361574807795 0.10934184735459593 0 0.17358033281250002
0 0.943568684955592 0.0332623463802265 0.937609071130742 -0.03325345368788155 -0.005521792359024956 0.051248209479982446 0.00043782146582495713 0.11776400954809049