0 0.6123152218750001 2.2204460492503132e-17 0.6063414909063729 -0.03578651278264633 -0.005973730968627117 0.06642535752985365 0 0.10221187031250001
0 0.6879404970968188 0.013132461070151268 0.682924342145862 -0.01617077502774612 -0.004941054470189979 0.10157865726362654 0.00007510048076682652 0.13088189336152392
0 0.7819439942906874 0.05315312077478469 0.7723759060090771 -0.0027512010257873865 -0.009349329082678307 0.13104196237224974 0.00021875919893187267 0.18694628417282183
0 0.8741831969453262 0.09226539806623468 0.8654023261342783 0.03895233276006262 -0.008780870811047841 0.182933731568828 1.6653345369377347e-17 0.23624679687500008
0 0.8737579624599879 0.13566443633920783 0.8663961295447942 0.08967740626045421 -0.006497830856956493 0.22941462082192068 0.0008640020582372177 0.2754016509006743
0 0.8612402260104381 0.17073249392976947 0.8549539347752416 0.13271438853740253 -0.0060864011183807635 0.2750873516510656 0.00019989011681583734 0.31310545704343257
0 0.87546525760635 0.22175519671532426 0.8673662638477037 0.17165378881642274 -0.007694196936786119 0.31310907934703297 0.00040479682186017607 0.3632104872459345
0 0.8854285068966915 0.2692242560265513 0.8776648187749014 0.2211819385451581 -0.00776368812178998 0.3642680997061069 1.1102230246251566e-17 0.4123104171875001
0 0.7769017995997843 0.3202068931303021 0.7716353476449493 0.2880076030469354 -0.004273842336177091 0.4149137696043562 0.0009926096186577914 0.4471130596877229
0 0.9836747160078575 0.3410815229578068 0.9743512244175816 0.2838529398491724 -0.007814286044106722 0.44386409825345796 0.00150920554616909 0.5010926813620923
0 0.9918987041176923 0.4070713826649596 0.9833742752958411 0.3492193903500095 -0.005947276979123927 0.49499485661881454 0.002577151842727177 0.5528468489337647
0 0.9109755988171149 0.4775994252616303 0.9023047472437055 0.41964273744797226 0.0026145229495836086 0.554244639164366 0.011285374522992974 0.612201326978024
0 0.9280241872573158 0.5245645513890456 0.9211747702977814 0.4782443088980652 0.010651716835513724 0.6128841922200523 0.017501133795048383 0.6592044347110326
0 0.9764534100996279 0.5966618154855136 0.9650481030409714 0.5191485431882447 0.016906205313911515 0.658658193061915 0.02831151237256806 0.7361714653591839
0 0.8704031215327849 0.6648606794485833 0.8631114595474216 0.6138564605602018 0.027764406806652486 0.7332792942356854 0.03505606879201577 0.7842835131240669
0 0.9631285468897556 0.7011633010705709 0.9565634218744595 0.6551614137507908 0.03530632659560342 0.7866379325225237 0.04187145161089949 0.8326398198423037
0 0.9053378440769168 0.7645416631206722 0.8983848604690557 0.7142307570851735 0.04185108169087557 0.832604004412939 0.04880406529873671 0.8829149104484377
0 1.0086323303089053 0.8129243278343455 0.9996879640302627 0.7459083275261467 0.051413688408857294 0.8724708262543011 0.060358054687499996 0.9394868265625
0 1.0053390814199947 0.883133425225045 0.996767345644729 0.8157040628202481 0.05991772612189922 0.9347979873853205 0.06848946189716484 1.0022273497901175
0 1.00602579720436 0.9216083690154578 1 0.874464165625 0.09863186158250639 0.9896736976132899 0.10465765878686653 1.0368179010037477
0 1.0012776465403677 0.933477647864609 0.998850933201403 0.9162106851662133 0.40265897656250005 1 0.4050856899014648 1.0172669626983957