0 0.8819036088186945 0.9637072581043761 0.00007350027880220211 0.9219953742523177 -0.0028899911704077185 0.9846464881550736 0.8789401173694845 1.0263583720071319
0 0.9776931892537245 0.9083682232142701 1.0547118733938987e-16 0.8682488421875 -0.0024483735567508934 0.9279147216183695 0.9752448156969734 0.9680341026451396
0 0.9712622914002317 0.8608131470559945 0.0002108293911591841 0.8253317534408854 -0.0016687192865923017 0.8767710658660492 0.9693827427224802 0.9122524594811583
0 0.9525242809492781 0.8240209152398865 0.00004253578911471156 0.7843384757558292 -0.0017286222218499182 0.8268508740653072 0.9507531229383135 0.8665333135493645
0 0.9609869614352222 0.7661236390027667 0.0002615619168473138 0.7295529019121478 -0.0018718619156251836 0.7855986539765749 0.9588535376027497 0.8221693910671937
0 0.9651550259693533 0.7126938648383322 0.0008345437500000885 0.676035484375 -0.0012077840326885692 0.7297601303457155 0.9631126981866647 0.7664185108090477
0 0.8387145642915872 0.6713712594844079 0.0014529406026779824 0.6379488330892412 0.000022283371238823736 0.6737880741537456 0.8372839070601481 0.7072105005489122
0 0.9992361548695923 0.6181153332750379 0.0021272158890941473 0.5789339052192933 -0.0003875238301232514 0.6429302825252338 0.996721415150375 0.6821117105809782
0 0.9997093665043562 0.5455840527337635 0.0026552918631947116 0.521542099075283 0.001102034733838486 0.5859578854040197 0.9981561093749999 0.6099998390625001
0 0.9638376175247148 0.4806171699748701 0.0034314101740564955 0.4553379979549632 0.0017270840657326787 0.520088748988067 0.9621332914163909 0.5453679210079738
0 0.9759242317800432 0.4267893886106869 0.0040194835364485305 0.40285778830237196 0.0027454743370285252 0.4545975622527216 0.9746502225806232 0.4785291625610365
0 1.0020153168264438 0.34075513897563847 0.005013585937500039 0.3169177859375 0.0029436918375241638 0.4034914922181839 0.9999454227264681 0.4273288452563224
0 0.8928021244197281 0.28061232610108733 0.0056417640625000326 0.26302366718750003 0.004512893668472076 0.3199631456595512 0.8916732540257002 0.3375518045731385
0 0.9894547811632141 0.2282886504451523 0.006270015625000028 0.20903578281249996 0.005264406408412362 0.26038915420103054 0.9884491719466263 0.2796420218336829
0 0.9168212136399199 0.16652825413781092 0.006924646875000018 0.1527308203125 0.006073442386421346 0.2088650298748477 0.9159700091513411 0.22266246370015863
0 1.00076611300163 0.09928941828575662 0.007601807171955377 0.08883805389351007 0.0068153706338044545 0.1635709470525316 0.9999796764634793 0.17402231144477814
0 1.0003177761724873 0.022896299471881813 0.007992101752825656 0.018630829027358346 0.007669128588726664 0.09376780794969106 0.9999948030083882 0.09803327839421452
0 1.0004263153396111 0.008658810112275251 0.008852784349174246 -0.008649171048581015 0.008408456955173317 0.016806327134055506 0.9999819879456103 0.03411430829491177