0 0.9228137501343993 0.9716549315060575 0.9180850243059926 0.9040310006316759 0.03677771246211639 0.9656580103957391 0.04150643829052315 1.0332819412701206
0 1.0024110689519814 0.9257091062822521 1 0.8657113375000002 0.032360513432281426 0.9045968755812897 0.03477158238426284 0.9645946443635417
0 1.001859357920413 0.8704499241286376 0.9995165559202958 0.8184903953746202 0.02928679648170639 0.86223706274235 0.031629598481823624 0.9141965914963673
0 0.980798244460431 0.821497228999967 0.9786720959939552 0.7791873880271409 0.026296377060161063 0.8270460452038548 0.02842252552663676 0.869355886176681
0 0.9851697640365238 0.7804986635368729 0.9823859365378891 0.7245225870091255 0.022171292647190123 0.7722764150025844 0.024955120145824912 0.8282524915303316
0 0.9845402736910034 0.7239729958867421 0.9818327740854469 0.6702762208412463 0.018076523437499995 0.718870753125 0.020784023043056373 0.7725675281704959
0 0.8538004734375002 0.6715505156250001 0.8519786819394305 0.6377944418854241 0.015444306446507988 0.6829416122842521 0.017266097944577667 0.7166976860238281
0 1.003130888661256 0.6334718405321187 0.9998300525312676 0.5713211691781568 0.010967986976041094 0.6238398558222681 0.01426882310602971 0.6859905271762299
0 1.0038567296063612 0.5662834794442075 1.0000000000000002 0.5019706671875002 0.006236700900527636 0.5615649564568558 0.010093430506888702 0.6258777687135632
0 0.9642640851116726 0.5026702419042228 0.9599605956775467 0.4369571983969271 0.0014816736143826836 0.4997271401585395 0.005785163048508635 0.5654401836658353
0 0.9709655945962987 0.4372508271441715 0.9677985923773298 0.3856041775604899 -0.002159822901620151 0.4450825847419463 0.0010071793173489717 0.4967292343256279
0 0.9930871289227061 0.3840239832922975 0.9877906535204242 0.29750993137958226 -0.005296475402281975 0.3583077027747848 0 0.4448217546875
0 0.8761414749889571 0.3073618639089573 0.8726398766460737 0.24734825262077553 -0.0035015983428833414 0.29846824808681827 2.7755575615628915e-18 0.358481859375
0 0.9672983575936245 0.23618997394443536 0.9636922177257926 0.18461977105161123 -0.0033826098189551597 0.25224423043241806 0.00022353004887671612 0.3038144333252422
0 0.8900956111493521 0.18748484709439855 0.8861800931317191 0.13149033052712325 -0.003915518017632999 0.19373187874522463 0 0.24972639531249996
0 0.9754696297460826 0.13173897549354266 0.9702214359374999 0.05668630781250002 -0.004685376955378831 0.12485843356709121 0.000562816853203954 0.19991110124813385
0 0.9704419726030382 0.057855391246308084 0.9649937164328131 -0.017106281711887716 -0.005448256170225119 0.05342598172930425 4.163336342344337e-18 0.12838765468750005
0 0.8345569359375 6.661338147750939e-17 0.8327570239831366 -0.025360603724532933 -0.001799911954363452 0.033870202525467005 6.938893903907229e-19 0.059230806250000004