0 0.9029695360353864 0.05132288782681223 0.8928605569627475 -0.00604158982358185 -0.009977249444877784 0.15305980645487408 0.00013172962776120679 0.21042428410526814
0 0.8995594808033477 0.11841269890978216 0.8871426755420766 0.04753452854026798 -0.011747367626235294 0.20500674543199 0.0006694376350358689 0.27588491580150415
0 0.9539705881721889 0.1812329217863637 0.9426069323094142 0.11238274027361887 -0.011201290254287215 0.26980786482892016 0.00016236560848773563 0.33865804634166496
0 0.945158863093494 0.2526456177728794 0.9341554256501272 0.18519139240773813 -0.00536572324044694 0.33845031922182955 0.00563771420291973 0.4059045445869708
0 0.9763081604584505 0.2908393561731713 0.9700162617534154 0.2517144935242249 0.013663883855262803 0.40551113025737784 0.019955782560297775 0.4446359929063243
0 0.9876770916653758 0.3666948643242388 0.9754407640365829 0.29080854752955426 0.008153018210322216 0.44677935055679824 0.020389345839115225 0.5226656673514828
0 0.9931453514234636 0.41351632349006595 0.9863103168361033 0.3676747967530695 0.02891802307824311 0.5104233024704008 0.03575305766560354 0.5562648292073973
0 1.0005793403011114 0.4683858669059703 0.9933302203125001 0.4175786468750001 0.04245031516052047 0.5532491780121951 0.04969943514913179 0.6040563980431652
0 1.009014652154529 0.5356980989286904 0.9999999999999998 0.470558259375 0.049438290166397815 0.6021057612459776 0.058452942320926835 0.667245600799668
0 1.010708526700872 0.6165467486087067 1 0.539114421875 0.0588830382012137 0.6692664725646849 0.06959156490208547 0.7466987992983916
0 1.008318305557466 0.6854759529884223 1 0.6222838218750001 0.06603621110561268 0.745226283835775 0.07435451666307875 0.8084184149491975
0 1.0072742393872862 0.7493563240346921 1 0.6913131640625 0.08210117213480772 0.8063485241359276 0.08937541152209379 0.8643916841081196
0 1.0064880721860567 0.8041926085957736 0.9998970310557176 0.7512580389391001 0.09375032361039518 0.8640850678094549 0.1003413647407341 0.9170196374661284
0 0.9677681997679126 0.8419140737120131 0.9635551653039844 0.8083699734025794 0.10138155603307064 0.9166562918979423 0.10559459049699885 0.950200392207376
0 1.0075893495260382 0.898920479542437 1 0.8356627734375 0.10857256251288785 0.9426118681290973 0.1161619120389259 1.0058695742340344
0 1.0048440636259837 0.9339625800003111 0.9980361071264889 0.8855214527614313 0.1834789234375 1 0.19028687993699478 1.0484411272388798