0 0.519743317447132 0.9899951962594192 0.4815368033968116 0.01885334205315275 0.40461375520380616 0.0218796368306357 0.4428202692541265 0.9930214910369022
0 0.18998623363342054 0.9997228008266108 0.12835437304360248 0.1153162607311066 0.06328766084756009 0.11985058103890447 0.12491952143737814 1.0042571211344087
0 0.29862498502282886 0.9997053219324415 0.23727977729950323 0.01330122169663453 0.16176278061308463 0.017997680123016363 0.2231079883364103 1.0044017803588234
0 0.5796072179530485 0.9818741200655297 0.5464455218739079 0.08394703781097743 0.48599488662661183 0.08617956385176515 0.5191565827057525 0.9841066461063173
0 0.44721272933341655 0.9923539173255218 0.40526938873374097 0.03212280394510261 0.3378207969343031 0.035068989732452246 0.37976413753397875 0.9953001031128716
0 0.22697086368724265 0.9999797014629147 0.164339938630282 0.035370031194335384 0.12498501462186806 0.03792529823360015 0.18761593967882867 1.0025349685021794
0 0.33948018390682105 0.9993813793489636 0.28612419867226013 0.03755000918507271 0.23978693378943242 0.040120491389741095 0.2931429190239933 1.001951861553632
0 0.6355275747381546 0.9783740688297808 0.6013369734200688 -0.0007166327077789525 0.5513674312500001 0.0010283421874999975 0.5855580325680859 0.9801190437250599
0 0.7775193963604929 0.9702887001824996 0.745619075 0.05678302187499999 0.6847186958092679 0.05890970998794052 0.7166190171697608 0.9724153882954403
0 0.8336806022809796 0.9667640553743644 0.799853805848149 -0.0019085663894888693 0.7451996168950845 1.1933879440206852e-10 0.7790264133279152 0.968672621883192
0 0.38748794894238797 0.9973873638677511 0.3371428898551122 0.0061565503747337295 0.2847170524092079 0.008819282251089546 0.3350621114964837 1.000050095744107
0 0.8743428112751885 0.965492956137842 0.8558487803793874 -0.0008907982607131188 0.80930116875 2.7755575615628915e-18 0.8277951996458013 0.9663837543985551
0 0.964704355600308 0.9596738980316175 0.9462367923980961 -0.0009793790146660597 0.8926687217117933 0.000050411602466438055 0.9111362849140052 0.9607036886487499
0 0.6899636272184166 0.9702193098587332 0.6563728750590757 0.008305638187591802 0.6048417827815139 0.010105142862671928 0.6384325349408548 0.9720188145338133
0 0.7181805679707978 0.9723608577595352 0.6895520718750001 0.1525480703125 0.6583211070292023 0.15363867974046488 0.686949603125 0.9734514671875001
0 0.9095405954733327 0.9692427453394531 0.8903767905981642 -0.0006443067323900292 0.8568644505619833 0.000017856912326913445 0.8760282554371518 0.96990490898417
0 1.014874716728944 0.9620000689297044 0.9812447560455497 -0.0010360787899828861 0.9359598600687022 0.0005453044995842093 0.9695898207520963 0.9635814522192714
0 0.05860856051747289 0.9999394937294029 0.007512614205885814 0.21533681597687676 -0.03375194726712821 0.21802410201015401 0.017343999044458852 1.0026267797626802
0 0.12576026840712534 0.9994597659965512 0.06330649113072238 0.10010835673567167 -0.007016154454142383 0.10499178138995002 0.05543762282226059 1.0043431906508296