0 0.39875269700483507 0.04262244336640012 0.32266674139757906 0.03813242908059623 0.26693073736566114 0.9826120807169605 0.34301669297291715 0.9871020950027644
0 0.32251734712992786 0.04317234961549661 0.25453895565034057 0.03960283734989249 0.20523199007276172 0.9786129763543967 0.273210381552349 0.9821824886200009
0 0.656369451176674 0.10055976460607778 0.6002564718700908 0.09663596282540667 0.5372576559741307 0.997560996837864 0.5933706352807139 1.0014847986185351
0 0.25837091523327543 0.009130034064456153 0.20781022374179092 0.006658082527568543 0.16045020992148348 0.9753482093639366 0.21101090141296802 0.9778201609008244
0 0.9127688820064181 0.04017318589921413 0.8566559038245922 0.03624938419295717 0.7892638951805305 0.999999999990772 0.8453768733623566 1.0039238016970289
0 0.8543342484374999 0.04705124687500011 0.8013386586963593 0.043345434028365444 0.7344504726513323 0.9998910052356248 0.787446062392473 1.0035968180822594
0 0.04259095032500076 0.09623760738201306 0.01222405764096004 0.0953313579940647 -0.013630975362799336 0.9616900259374896 0.016735917321241384 0.9625962753254379
0 0.08659579191524677 0.025466249050429046 0.0507508374584847 0.024222956621781637 0.018112275863895612 0.9652145744707272 0.05395723032065769 0.9664578668993746
0 0.16164858390810516 0.009065702389856049 0.08702008242324948 0.006017197685060085 0.047583328500836214 0.9714432454213714 0.12221182998569191 0.9744917501261675
0 0.2069266492657904 0.036493548053097305 0.15817406727151645 0.03447949527722788 0.11929005269898063 0.9757140703720972 0.16804263469325456 0.9777281231479666
0 0.26757850590102145 0.0132418964662725 0.21016992232463122 0.009883861713635962 0.15356435102187213 0.9776063275017972 0.21097293459826236 0.9809643622544337
0 0.4569509772315983 0.10679088572453 0.3959459071175189 0.10293531717408314 0.33985991381578434 0.9903608444399747 0.4008649839298637 0.9942164129904217
0 0.5231746669393682 0.02823147011220677 0.4644085473825572 0.024243801421894022 0.39882288752280415 0.9907771390318236 0.45758900707961514 0.9947648077221365
0 0.572645208049537 0.049108186488238996 0.5219876580863101 0.045565865649859746 0.45562211437409667 0.9946373924335233 0.5062796643373236 0.9981797132719026
0 0.5921739401395865 0.18963737206905998 0.5629351356079417 0.18766464101429842 0.5082367663669622 0.9983757222721674 0.537475570898607 1.0003484533269291
0 0.7177825765890524 0.017488244691359216 0.6632282916821236 0.013673437356665197 0.5942955202446635 0.9994579665575436 0.6488498051515923 1.0032727738922378
0 0.7680444001223486 0.028025147434559795 0.7195819324356644 0.024308101766822975 0.6447925333353629 0.9994047675583209 0.6932550010220472 1.0031218132260578
0 0.8001610285650959 0.04417811439385044 0.7669221622087649 0.04164022768628104 0.6937620224201384 0.9998233104030081 0.7270008887764694 1.0023611971105777
0 0.9381480515067265 0.16522309208281144 0.9049772601761374 0.16260733136291153 0.8389448051898833 0.9999732145387134 0.8721155965204724 1.0025889752586132
0 1.000707320926903 0.03383630312355083 0.9493002010709258 0.029503584235892298 0.8675395863110724 0.99958214955209 0.9189467061670497 1.0039148684397485
0 1.028361433908475 0.09876142105563317 0.9838735522410754 0.0956945621942961 0.9215334937500002 1.0000000000000002 0.9660213754173996 1.0030668588613372