0 0.9023195140656144 0.028742705289605465 0.9016940901289402 -0.0070877747598308075 -0.0006254239366740937 0.008662285575563745 8.673617379884036e-20 0.044492765625000014
0 0.8380381969999521 0.07554483650331381 0.835102699828656 0.007380753327290379 -0.00276389594453958 0.043463612616459965 0.00017160122675651535 0.1116276957924834
0 0.9933986889988218 0.9283136139687533 0.9919989218901257 0.8481211192654181 0.006300633698898379 0.8653265703243014 0.00770040080759433 0.9455190650276366
0 0.9542370215881586 0.35723822740289923 0.9530755093626473 0.29069523835481553 -0.0011615122230080217 0.3073515079703327 2.50334336593383e-12 0.3738944970184164
0 0.9216063760434263 0.4977603641147022 0.9206533656250002 0.44316242968750014 -0.0007875230240602604 0.4592462390121418 0.000165487394365893 0.5138441734393439
0 0.8585001879676104 0.2933105347580203 0.8565944826821761 0.22973884205717482 -0.0018615535752442875 0.2554730035385625 0.00004415171018997133 0.31904469623940795
0 0.9359670595525664 0.5572469201156072 0.9350140218461153 0.5026474247138133 0.000254848232670013 0.5189637062535754 0.0012078859391210395 0.5735632016553693
0 0.9114279561653339 0.19741056027251747 0.909528140902881 0.14001262285157795 -0.0017693036239841448 0.1701756717613235 0.0001305116384685917 0.22757360918226302
0 0.9526603420175178 0.8427141687753077 0.9519789766290916 0.7843067332684648 0.005099108951677766 0.7953527784035457 0.0057804743401039076 0.8537602139103886
0 0.9991204205718034 0.6448955911991872 0.9981673827977258 0.5902960944660778 0.0018035311416047654 0.6076876904361912 0.0027565689156823932 0.6622871871693005
0 0.7597774669263192 0.23418592165331517 0.7587623209662837 0.1994663136911042 -0.0009573785504776597 0.2216793059738283 0.00005776740955780318 0.25639891393603925
0 0.9259507781509262 0.43965537642072966 0.9253253545966539 0.4038248963579396 -0.000625423554272371 0.41998743243720993 0 0.4558179125
0 0.8708427274217965 0.990190059571316 0.8698301332327196 0.9321785834881361 0.0077302044874466135 0.947226595315992 0.008742798676523512 1.0052380713991718
0 0.7732577828125001 0.9937543828125 0.008608770312500121 0.9937543828125 0.008608770312500121 1 0.7732577828125001 1
0 0.9365735174237164 0.7853617131823172 0.9360556536197547 0.7189023054189564 0.003938529715482397 0.7261655317366148 0.004456393519444023 0.7926249394999756
0 0.9996250424293273 0.7157504225618642 0.9989290284523944 0.6497576608936941 0.002767641037651346 0.6602639987312862 0.0034636550145842005 0.7262567603994562
0 0.813154694630472 0.5930362391179974 0.8123102185926209 0.5575547606009786 0.0010455387722210386 0.5768632452272506 0.0018900148100721187 0.6123447237442694
0 0.9477479993163553 0.40080735071673895 0.9466007258593285 0.3493510796265399 -0.0011232477820079037 0.37048161506002947 0.000024025675018922443 0.42193788615022854
0 0.9301994408851544 0.14718649962948618 0.9282715174755515 0.07946463998543966 -0.001927923409602731 0.10594579816845362 3.469446951953614e-18 0.17366765781250013