0 0.9677330036392708 0.3394662061488086 0.026121221191711903 0.24876963505748534 0.01872882369483988 0.32551750435214344 0.9603406061423989 0.4162140754434668
0 0.9687280907588234 0.27005341768139507 0.031149989582290667 0.1937593263507767 0.025603848792283567 0.26191585145071894 0.9631819499688163 0.3382099427813373
0 0.8996194179544693 0.6142726015683887 0.0014418309012106834 0.5198703315013601 -0.004437895289598104 0.5758121883957418 0.8937396917636604 0.6702144584627703
0 1.0026413500939029 0.22492922268460974 0.03656444872183061 0.1457050374868114 0.0324107118388773 0.1963566061584187 0.9984876132109497 0.27558079135621705
0 0.9510866465567464 0.8761621394374093 0.0005525690485889245 0.7678190730987526 -0.005784790230819925 0.8234190866488709 0.9447492872773374 0.9317621529875273
0 0.9458598169614929 0.8170921054806565 2.9438422810557085e-10 0.7176782300116222 -0.005553074479608511 0.7705122057809659 0.9403067421875001 0.8699260812500003
0 0.9203847953125003 0.04300118906250008 0.12685215928628926 -0.04040245091719926 0.12260569050722785 1.12052733758361e-9 0.9161383265334389 0.08340364110022667
0 0.9911479091360661 0.06815524228365737 0.051906647267463045 0.002155781544901301 0.04940455163693583 0.03776321577280413 0.9886458135055388 0.1037626765115602
0 1.00431760887964 0.10417555916229093 0.044446092312114494 0.03270276654835917 0.038898329206366926 0.1072085972444623 0.9987698457738923 0.17868138985839405
0 0.9770847613422783 0.17606810963573505 0.037981484081362385 0.10242785859263241 0.034199772207571796 0.15065444614533602 0.9733030494684878 0.22429469718843867
0 0.9999774802551636 0.2262314018668758 0.03313745282399352 0.14864738319190562 0.028457689560748366 0.2069658683526522 0.9952977169919185 0.2845498870276224
0 0.9004634004304242 0.4090782600411599 0.014527469077314175 0.3293180753341636 0.008982816838313363 0.3909052778141175 0.8949187481914234 0.47066546252111374
0 0.9765129229896683 0.4801383617246787 0.012338458635563432 0.38607267864450046 0.006540926462167728 0.44549745816898356 0.9707153908162726 0.5395631412491618
0 0.9533899476575485 0.5378337869861929 0.00721269352631228 0.43838654707827357 0.0019046069524049191 0.48888961567867817 0.9480818610836412 0.5883368555865975
0 0.8099478464054984 0.573805647783845 0.001659749524470161 0.49084061495925846 -0.001332504275617008 0.519992693215783 0.806955592605411 0.6029577260403695
0 0.9803337198248038 0.6801014107282591 0.0004989998457199718 0.5771166290446557 -0.005217400639087688 0.6315045451692727 0.9746173193399962 0.734489326852876
0 0.9676950798872183 0.7359842481813803 0.000553760201085951 0.6289904584151023 -0.0047547404186618295 0.6769752088025089 0.9623865792674705 0.7839689985687869
0 0.9487603805750634 0.7829706809377649 0.0003101765445302163 0.6764516035380195 -0.003436816584859237 0.7098149829891349 0.9450133874456739 0.8163340603888803
0 0.8230717833656224 0.9161004886367323 8.881784197001253e-17 0.8230492265624999 -0.0037623411258838613 0.8563284830828547 0.8193094422397383 0.949379745157087
0 0.9536873419442324 0.9648193470191575 1.1102230246251565e-16 0.8563063937500001 -0.005743486296136735 0.906784147918845 0.9479438556480957 1.0152971011880025
0 0.7641793375000002 1.0000000000000002 1.1102230246251565e-16 0.9056397453125001 -0.0054149238883031805 0.9494926679575328 0.7587644136116969 1.043852922645033