0 0.9568590209399901 0.8831783070999772 0.00020457203327415297 0.7636799511638108 -0.008749225519850624 0.8353603537660232 0.9479052233868652 0.9548587097021896
0 0.9624550953125001 0.8363600250000001 9.992007221626409e-17 0.7191884500000001 -0.0054539246132913385 0.7639873488243317 0.9570011706992085 0.8811589238243318
0 0.9524860767397054 0.7575809922299278 0.0005978620595639917 0.6463054608698802 -0.007983849486282234 0.7197162995550186 0.9439043651938593 0.8309918309150662
0 0.9800860575914184 0.6923105108001593 0.0000330055880148783 0.5878492860054096 -0.007163621002381526 0.6553678879355044 0.9728894310010221 0.759829112730254
0 0.8776507939926921 0.6267513444973185 6.661338147750939e-17 0.5349524859375001 -0.005795367069781354 0.5903595856560484 0.8718554269229106 0.6821584442158668
0 0.9506407152762198 0.5882681538755163 0.0009731642569822619 0.48689243763118906 -0.004116867308333527 0.5345748411724273 0.945550683710904 0.6359505574167545
0 0.8643659929570271 0.5251741329018291 0.006254355844611625 0.4368147852884574 0.0008306035513049425 0.48948815924846717 0.8589422406637205 0.5778475068618389
0 0.99346512487083 0.4575598328481785 0.014448210500931941 0.3609069872813424 0.00595651753610551 0.4469211237037626 0.9849734319060037 0.5435739692705986
0 0.958258822808704 0.3992965075886497 0.02116898368334434 0.30722356891507296 0.01600945109730912 0.35973569278841844 0.9530992902226687 0.4518086314619952
0 0.9534863806354054 0.3382539258205504 0.02726900626762504 0.2518733832934061 0.021644773510094677 0.31217934971953826 0.947862147877875 0.39855989224668253
0 1.005419895369908 0.28353576518271795 0.03475577598407341 0.18952640728954037 0.028893331663078947 0.25005723615396724 0.9995574510489135 0.3440665940471448
0 1.005500893162201 0.2169921132134677 0.04101383355464423 0.1314858389776893 0.03551294039244335 0.1935343882642217 1 0.2790406625000001
0 0.8551935260647852 0.17380081945419962 0.045247181027840366 0.10166343099481905 0.04217757984329228 0.13612839172105526 0.852123924880237 0.20826578018043582
0 0.9749998735156644 0.13162866745393464 0.05071205939947669 0.05015265065910888 0.0453211317223173 0.11130891424189807 0.969608945838505 0.19278493103672384
0 0.9777910477211815 0.07727139466161694 0.056695509724627925 -0.0018052708630415637 0.0521126311707103 0.0515767092594928 0.973208169167264 0.13065337478415132
0 0.9746431701080244 0.042059734249643314 0.09199235203422243 -0.036191019309315405 0.0887838640625 1.1102230246251566e-17 0.9714346821363019 0.07825075355895873