0 0.9641204566913298 0.8689272874243755 0.002797891557133403 0.7658477748270678 -0.004699278915297744 0.8357666070780665 0.9566232862188986 0.9388461196753743
0 0.9653125562443876 0.8228644752601098 0.012104059880108287 0.723669165215561 0.007555656588890636 0.7673766415078657 0.96076415295317 0.8665719515524144
0 0.945358108736601 0.7471251311107808 0.0015400808620607109 0.6479258416488669 -0.0060137364102404115 0.7197955995830215 0.9378042914642997 0.8189948890449354
0 0.9825575197659664 0.6824630316542418 0.0003237229616472326 0.595094799938448 -0.005533709640061746 0.6609467480769607 0.9767000871642573 0.7483149797927545
0 0.8711552492060314 0.6194590405837939 0.00006129911128592291 0.5437083372046502 -0.004636307731692768 0.5977283887461 0.8664576423630527 0.6734790921252437
0 0.9417994560875076 0.5807906073638625 0.0004330906876286844 0.49690471076218384 -0.003709881229834533 0.5433970840202897 0.9376564841700443 0.6272829806219684
0 0.857106990787903 0.5208855210757866 0.005319862239692541 0.44819490585634786 0.0009375058089061972 0.49954726804485866 0.8527246343571167 0.5722378832642974
0 0.9816172082596019 0.4528918306863341 0.00906770711059061 0.37401489140865296 0.002267156216818966 0.45786541146993953 0.9748166573658301 0.5367423507476207
0 0.9470722135813412 0.3968490654655673 0.01520636382522465 0.3217091268994064 0.011078734735259277 0.37289890244083684 0.9429445844913757 0.44803884100699776
0 0.9414790262674021 0.3375350587792906 0.020722036257216574 0.26787878444495405 0.01627518176319242 0.32665988346380603 0.9370321717733778 0.39631615779814255
0 1.0041113060417304 0.2844339340728687 0.030173429341892176 0.20726624919182873 0.025498216611608542 0.2662723832578159 0.9994360933114468 0.3434400681388559
0 1.0042972469999791 0.21966585595415652 0.03574567587109204 0.15084681966344007 0.03144842887111288 0.21132580277178362 0.9999999999999998 0.2801448390625001
0 0.8442934074428745 0.1792714810836568 0.03614738424487898 0.12151890144252664 0.03374699733030927 0.15510810475084938 0.8418930205283047 0.2128606843919795
0 0.9603929351112865 0.13672315544970703 0.042805083853369084 0.06258734322164672 0.03802040874704994 0.12180784162623412 0.9556082600049676 0.19594365385429444
0 0.9624417352677106 0.08328761159618603 0.04737402048137593 0.020828420369731215 0.043823139550397114 0.07285113208254176 0.9588908543367317 0.1353103233089966
0 0.9591925207976113 0.04910556304882404 0.05069684136652517 -0.015446288423806128 0.04818994081386467 0.019835555069422348 0.9566856202449507 0.08438740654205253
0 0.9665467937500003 0.04726384531250009 0.24692190149587917 -0.029151408684509002 0.24382638281249996 3.3306690738754695e-17 0.9634512750666209 0.07641525399700913