0 1.0394313319382682 0.7456051018112939 0.9373173971326121 0.01902669493565907 0.8978860651943442 0.02456840718686515 1.0000000000000004 0.7511468140625001
0 1.0209358865981044 0.9269484738320337 0.92996332930528 0.1612646043869453 0.8981741495302401 0.16504154562050238 0.9891467068230646 0.9307254150655909
0 0.9910952784568036 0.9320160276043208 0.8892532848540554 0.07423601625826218 0.8300685529741333 0.08126286580682746 0.9319105465768814 0.939042877152886
0 0.9331315467800522 0.9403752427664331 0.8209060039386227 -0.005850621979000425 0.7630692154335549 0.0010090140001243087 0.8752947582749846 0.947234878745558
0 0.8830191485559912 0.9472713396239241 0.7701424219375478 0.007535332532164896 0.7200899607034996 0.013547401816155024 0.832966687321943 0.9532834089079142
0 0.8432233036710212 0.9527700081396417 0.7238500098935744 0.028633231389056324 0.6865969019653708 0.03344531798566689 0.8059701957428176 0.9575820947362523
0 0.8050181233213074 0.9587595950267722 0.6888102289770511 0.03093839066640782 0.6339933714411375 0.03780410095507184 0.7502012657853939 0.9656253053154364
0 0.7531240689428726 0.9661963936478317 0.6326990398923844 0.0349773859370814 0.5757034603992198 0.042348041238767106 0.6961284894497082 0.9735670489495174
0 0.7015738580449928 0.9732554228982849 0.5925792653982089 0.16020348772463375 0.5605912522944336 0.1644916768389999 0.6695858449412175 0.977543612012651
0 0.6715168501742741 0.9780637169385376 0.5417512838365947 -0.00715641823115466 0.4867508603640401 0.00008781160738690064 0.6165164267017195 0.985307946777079
0 0.6177144637820633 0.9856692514983901 0.48166142499925774 -0.002289426747393797 0.41935117684904294 0.006291396312129327 0.5554042156318485 0.9942500745579134
0 0.5608019407196515 0.9936144741934403 0.4278414545922279 0.07183684541320166 0.36641554730363374 0.08069713691834154 0.4993760334310573 1.00247476569858
0 0.5015302947821059 0.9994166384407167 0.364886126924217 0.0665470264229767 0.31305975574011446 0.07413841033377674 0.44970392359800326 1.0070080223515168
0 0.4465784874191942 0.999959680821312 0.31151470586893804 0.035047211960724856 0.2295843255368895 0.04651543042469003 0.3646481070871457 1.0114278992852772
0 0.3670555409203924 0.9994914517483441 0.24464557339732057 0.1637987975153549 0.1927783613949333 0.1713961644475218 0.31518832891800513 1.007088818680511
0 0.310098321875 0.9999999999999998 0.1788708082137586 0.0829963520943334 0.12595212429017216 0.09056926342721364 0.25717963795141363 1.0075729113328802
0 0.2610896234375001 1 0.1357638331631149 0.15790808284868066 0.0819288206254597 0.16592017197255796 0.2072546108998449 1.0080120891238775
0 0.2060533171875 1.0000000000000002 0.06581272881065496 0.05560017716488913 0.0020791859375 0.06506442031250001 0.14231977431434506 1.009464243147611
0 0.14940989591730236 0.9992631813898821 0.00406653903332074 0.09386368945385572 -0.06181094876301515 0.10443897175153953 0.08353240812096648 1.009838463687566