0 0.41477662180345415 0.03936758583708799 0.3388937135593642 0.03222494500866434 0.2502297973898288 0.9741840854543973 0.3261127056339187 0.981326726282821
0 0.3385685196870318 0.03725658177241329 0.27075611286990414 0.03131683235163203 0.1887082032976249 0.9680341630430842 0.2565206101147525 0.9739739124638653
0 0.670214457223589 0.10626030809082469 0.6142726006662999 0.10038058201398688 0.5198703318510891 0.9985581691548073 0.5758121884083781 1.0044378952316453
0 0.2756027272809346 0.0015501688950087134 0.22515910520180382 -0.002684819583852224 0.14406764097178076 0.963208522483245 0.19451126305091154 0.967443510962106
0 0.9285651584834216 0.05485872655923587 0.8726233018711209 0.048979000381115245 0.7726669649767559 0.9999999997676413 0.8286088215890567 1.005879725945762
0 0.8699260812500003 0.05969325781250012 0.817092105778354 0.054140182959251784 0.7176782283404226 0.9999999995299657 0.7705122038120689 1.005553074383214
0 0.056960695546673025 0.08052022279695438 0.02659347935226033 0.0785514654758543 -0.025091373122382122 0.8757675937677846 0.005275843072030573 0.8777363510888845
0 0.10340861581798821 0.011327723095597347 0.06762888663951713 0.008834217146739608 0.002170074250124909 0.9481135401857348 0.03794980342859598 0.9506070461345926
0 0.17870738036691264 0.0012555410816008417 0.10423073220701132 -0.004395603787886493 0.031405795670102064 0.9553669400837912 0.1058824438300034 0.9610180849532786
0 0.22328132396243294 0.02654779142564534 0.17462872998464116 0.022833524942019734 0.10291978905156993 0.9621376925817712 0.15157238302936174 0.9658519590653969
0 0.28470770324377653 0.005427022891237174 0.22745128460686015 0.00006750303603061115 0.1371071687663416 0.9652249532732297 0.194363587403258 0.9705844731284363
0 0.4707000009710069 0.10552802851535044 0.4098666515027488 0.09954576251040329 0.32284412036828813 0.9844733206860432 0.38367746983654627 0.9904555866909904
0 0.5396250334840114 0.02932764333953521 0.481033881123109 0.023291495967539495 0.3817566480324642 0.9869471411178337 0.44034780039336646 0.9929832884898293
0 0.5883368525651695 0.05191813844984844 0.5378337862657179 0.04661005228257189 0.438386549410113 0.9927873067472955 0.4888896157095647 0.9980953929145719
0 0.6029492894045594 0.19304326099173874 0.5737971436681162 0.19005131210858986 0.49084065266473276 0.9983404273187967 0.519992798401176 1.0013323762019455
0 0.7344893267633278 0.025382680642552856 0.6801014105936003 0.019666280166646243 0.5771166291535466 0.9995010001669161 0.631504545323274 1.0052174006428227
0 0.7843527982574876 0.0376672769828868 0.73604957647362 0.032261180059334406 0.627817631978984 0.9993085143842819 0.6761208537628516 1.0047146113078345
0 0.8158861328762608 0.054931256700549325 0.7827560856220908 0.05123489629849594 0.6769296172049308 0.9997451923872624 0.7100596644591011 1.0034415527893157
0 0.9495646879647124 0.18071817561247133 0.9165053919750324 0.17694636451086634 0.8226070656649555 0.9999495528464196 0.8556663616546356 1.0037213639480247
0 1.0159770283043046 0.05221657919187809 0.9653084643972049 0.04618793577549537 0.8518846632723849 0.9994738939832247 0.9025532271794845 1.0055025373996074
0 1.0294000877698333 0.23888145688244117 0.9853559095320916 0.23429609052623465 0.9056397453125002 1.0000000000000002 0.9496839235502419 1.0045853663562068