0 0.9665034721870297 0.06556970881771385 0.9090742847193518 0.06391751148732945 0.882629763189858 0.9831100053143278 0.940058950657536 0.9847622026447121
0 0.9160166485460935 0.07907317707320646 0.8458979587475038 0.07784925199111617 0.8301205232123324 0.9817388154099309 0.9002392130109221 0.9829627404920211
0 0.8470301660932341 0.03303260359003879 0.7789750129829726 0.03198105683149221 0.7641263517819895 0.9929729512024398 0.8321815048922512 0.9940244979609864
0 0.7783556269564793 0.05599269066910253 0.7111430320513049 0.05515414306977482 0.699686898190564 0.9734043234754886 0.7668994930957382 0.9742428710748163
0 0.7096776046294326 0.000010296123668426805 0.6699239204355674 -0.0002229841685828453 0.6642461881908518 0.9673288497884824 0.7039998723847171 0.9675621300807338
0 0.6699331515625 7.751238319612401e-17 0.59594013125 7.29816174218766e-17 0.59594013125 0.704409315625 0.6699331515625 0.704409315625
0 0.5964046216172256 0.9621984078000209 0.5955787722375612 -0.00003880208310185909 0.55036858125 0 0.5511944306296643 0.9622372098831227
0 0.5531896366168638 0.9626121065952983 0.546330137916972 -0.0003528760231603707 0.4967919328125 0 0.5036514315123919 0.9629649826184586
0 0.5115949743746714 0.9596129543366644 0.4948451334998641 0.000013813954779483274 0.4293785379124341 0.0011565359650018204 0.4461283787872413 0.9607556763468865
0 0.4441443313400503 0.9607903084015016 0.42739446562499994 0.0011911703125000006 0.353993145309824 0.0024723951591948583 0.3707430110248744 0.9620715332481964
0 0.36683651441663384 0.9656715091347639 0.3506905636278594 0.040671786634855475 0.28720804727988747 0.04177987949150174 0.3033539980686619 0.9667796019914101
0 0.3072746552406547 0.9595659609362311 0.2845654464397465 0.0033225544251886466 0.22709060156249997 0.0046874875 0.24979981036340818 0.9609308940110424
0 0.2516533427738317 0.9570522673398294 0.22819898949763529 0.004284164323240541 0.17458610000000002 0.005603956250000001 0.19804045327619646 0.958372059266589
0 0.20259770197906474 0.9578636766996296 0.176481088152076 0.11765329945915326 0.14408106551465502 0.11866040303955219 0.17019767934164376 0.9588707802800285
0 0.1722144868316867 0.9549297676864272 0.15190891716644772 0.02622495309112105 0.08246687309331263 0.027743261429210252 0.1027724427585516 0.9564480760245164
0 0.11287496284279885 0.9593708436954443 0.08420301859751562 0.006455180418696161 0.026703939062499998 0.008185250000000002 0.05537588330778324 0.9611009132767482
0 0.05731066853597888 0.960356287076978 0.029971877789539143 0.007791170448736927 -0.018623923359701505 0.00918587871128312 0.00871486738673823 0.9617509953395242