0 0.8787950692467144 0.9905712346827119 0.00046885662002909 0.8470340516727706 -0.011001028277647994 0.9172200505211874 0.8673251843490372 1.0607572335311288
0 0.9954527505354134 0.5682636750450787 0.008224679015241177 0.4272749883357351 -0.0002565990140285357 0.4866624182656535 0.9869714725061437 0.6276511049749971
0 0.9013946667959536 0.6184871017769994 0.0009276613326167915 0.48181445104752596 -0.008719139551548682 0.5453723454624053 0.8917478659117879 0.6820449961918787
0 0.9998256398138136 0.42018395768659733 0.027571165625000033 0.28354250156250005 0.020271753720844797 0.3354805157206385 0.9925262279096583 0.4721219718447357
0 1.0072991939974303 0.35591423166755515 0.03621142378386537 0.21943674913174194 0.028668894324670353 0.2731046361575581 0.9997566645382353 0.4095821186933713
0 1.0063260698498158 0.06624570238976168 0.14241169276822435 -0.05516954564306061 0.13462582748448 0.0002297642922851867 0.9985402045660715 0.1216450123251075
0 1.007107066135457 0.25940949494396454 0.04805657203867229 0.13106457273366254 0.04050666301128777 0.18748085986370153 0.9995571571080728 0.3158257820740035
0 0.7921706356058575 0.6638169041472226 0.00035416927491154214 0.545640489069702 -0.0051373694308214255 0.582435400895727 0.7866790969001246 0.7006118159732476
0 0.8882911237590101 0.30211386598500284 0.04111988631057939 0.1830517143537028 0.03674028286406964 0.2142142124312001 0.8839115203125003 0.33327636406250016
0 0.9094388944733363 0.9109463386010447 8.881784197001253e-17 0.7661098359375 -0.013238478951701915 0.8492352044802102 0.8962004155216343 0.994071707143755
0 0.856752708743542 0.8322022164601599 0.0001239345935700964 0.6960427231306953 -0.011059602330835671 0.7664024115516387 0.8455691718191363 0.9025619048811034
0 0.9545207317573532 0.7771454139017028 6.661338147750939e-17 0.6347726953125001 -0.010041704132849738 0.7020960903558644 0.9444790276245033 0.844468808945067
0 0.9390151557016034 0.7130853323964776 7.771561172376095e-17 0.5811153578125 -0.00851587171127014 0.641708933177666 0.9304992839903333 0.7736789077616436
0 1.0025550045119596 0.5167835998597122 0.014860085937500035 0.37797213124999995 0.007864897895960888 0.4277454803277119 0.9955598164704205 0.5665569489374241
0 0.9939203299815398 0.478054980648939 0.019816840625000047 0.3411536640625 0.014950566188507741 0.37577900607490283 0.9890540555450477 0.5126803226613419
0 1.0085174961148187 0.18704345761270386 0.05690708591698168 0.06341262625583394 0.04802841644215451 0.13175346169487195 0.9996388266399915 0.25538429305174193
0 1.0082784817914932 0.1183221244307314 0.0655093205469521 -0.0015525583412980021 0.05715598732498385 0.06414325643093295 0.9999251485695249 0.18401793920296233