0 0.08722198059343812 0.999909957896253 0.045383004655692685 0.07223953967048838 -0.006469552978202987 0.07457814815528233 0.03536942295954244 1.002248566381047
0 0.14476698941991906 0.9997443561718647 0.10883723639353304 0.099073259472213 0.04233594786717345 0.10172614228531089 0.07826570089355948 1.0023972389849625
0 0.515126447801244 0.9966861948009571 0.49630111310356 0.04050180573652336 0.4426948664225282 0.041557204200667316 0.4615202011202122 0.9977415932651009
0 0.46653410394797845 0.999062918028959 0.44164187754392914 0.1253437590716601 0.3839596916813385 0.12698712240557802 0.4088519180853877 1.0007062813628769
0 0.6445884609375 0.9944268874999999 0.6282540984314368 0.058631934027640255 0.5813862370899507 0.059450015632157426 0.5977205995960139 0.9952449691045171
0 0.7024194250108179 0.9949801818697461 0.685948716548103 0.05137391873388719 0.6375185930594875 0.05221926967734465 0.6539893015222026 0.9958255328132035
0 0.9558254153440933 0.989802137214083 0.9549789474043312 0.04048590691874551 0.900049909271552 0.04053488498133157 0.9008963772113141 0.9898511152766691
0 0.7820226443526439 0.9923062619641791 0.7707969556210784 -0.0005630768534106726 0.7198822422374895 0.000012580689788013744 0.731107930969055 0.9928819195073778
0 0.40984797067931755 0.9985010098210321 0.38953079227675647 0.2172498914514803 0.35629004071515363 0.21811434881203007 0.3766072191177147 0.9993654671815818
0 0.7352269244218705 0.9944075246624389 0.7208286921804816 0.16953317616042304 0.6927079749999999 0.17002402499999997 0.7071062072413887 0.9948983735020157
0 0.0399061296875 1 0.02516932513932857 0.15573129005842293 -0.006072154615352851 0.15627661357393288 0.008664649932818588 1.00054532351551
0 0.2157783764188129 0.9999250008130918 0.18310921416156248 0.08790582723703311 0.10792043568574014 0.09059914167067559 0.14058959794299059 1.0026183152467343
0 0.27765607634345485 0.9998533953886051 0.24721258469094484 0.14263705472683133 0.18357238186121758 0.1448971959440591 0.21401587351372758 1.002113536605833
0 0.33100607676957033 0.9996969263570952 0.30669977417174443 0.06186476088644978 0.24588178567067115 0.06344101353199252 0.2701880882684971 1.001273179002638
0 0.3778261661136626 0.9987363120954583 0.3618281183421152 0.08220873705128622 0.30714894706090845 0.0831631655028505 0.32314699483245585 0.9996907405470224
0 0.5594391257440914 0.9955662464676923 0.5428350982651715 0.04432208453631799 0.49792006473003286 0.04510607930956302 0.5145240922089527 0.9963502412409374
0 0.5926977869594655 0.9984581181984519 0.5762755627152221 0.0576295581931648 0.5450303232563329 0.05817494589797265 0.5614525475005764 0.9990035059032596
0 0.8424032551270162 0.9911661727531277 0.8354639698293411 -0.00038688154377807123 0.773876419870838 0.000044132790850660855 0.7808157051685131 0.9915971870877565
0 0.9007950455218309 0.9896413499251185 0.8967767983755028 0.04870832353402964 0.8375936463580643 0.048961064722865245 0.8416118935043924 0.989894091113954
0 1.0076137501190603 0.9877862667040779 0.9915028988883675 0.00874040740002951 0.9436387604126854 0.009528043655204679 0.9597496116433781 0.9885739029592531