0 0.962312252154371 0.9330094948313901 0.9517077065918436 0.8660550291855964 0.10601244375000003 1.0000000000000002 0.11661698931252736 1.0669544656457939
0 1.0076076382904957 0.8841442067543666 1 0.8247675656250001 0.06942636964132068 0.9439974083339864 0.07703400793181638 1.003374049463353
0 1.0068501526017857 0.8286793132299566 0.9999999999999998 0.7772141468749998 0.06266134736388654 0.9019764524279343 0.0695114999656724 0.9534416187828911
0 1.0046167191665014 0.7786977076880983 0.9988111158683104 0.736734175551821 0.056602903825294794 0.8670875282118231 0.062408507123485724 0.9090510603481006
0 1.006169232075234 0.7373666536225069 0.9985173614924687 0.6818462104669559 0.047720028442719865 0.8128858371239642 0.05537189902548515 0.8684062802795152
0 1.0022169836652348 0.6808902427297999 0.9948398044533947 0.6276337738646418 0.0389862296875 0.7600402828124999 0.04636340889933997 0.8132967516776581
0 0.86740576875 0.6400619703125001 0.8626488739243637 0.606593127573168 0.033232599820010866 0.724477274728004 0.037989494645647104 0.7579461174673361
0 1.0082601587041824 0.5897614141581655 0.9995550952275881 0.5281349313018044 0.02362225703951465 0.6659905562142543 0.03232732051610898 0.7276170390706154
0 1.009081702419556 0.5219148564658705 0.9996337696917926 0.45817853686081556 0.013480711036682446 0.6043606166417871 0.022928643764445887 0.6680969362468421
0 0.962730146445906 0.46219680003183294 0.9527157638817204 0.3971088875114338 0.0033549040571527523 0.543176912642333 0.013369286621338383 0.6082648251627322
0 0.9637044784978037 0.39644224995338406 0.95604822552461 0.3452681538259111 -0.005051637320821989 0.4890601157614335 0.002604615652371667 0.5402342118889065
0 0.9811028075166263 0.3414899321262367 0.9682862903491027 0.2557667106844993 -0.012816517167523656 0.40245183012076263 0 0.4881750515625001
0 0.8579206234434735 0.2753120195406436 0.8492018188967355 0.21583196315908165 -0.008718804546738207 0.341589110805938 0 0.40106916718749996
0 0.9425275873176476 0.1964661152249289 0.9344471666874232 0.14544834691369996 -0.007628097497588982 0.29465840944536736 0.000452323132635335 0.3456761777565963
0 0.8613736882787222 0.15467498841227809 0.8525928263305552 0.09923480806182687 -0.00878086194816698 0.23566299777454885 -5.551115123125783e-18 0.2911031781250001
0 0.9415642602218328 0.0917004109161218 0.9297947671875001 0.017390751562500008 -0.010542496500379566 0.16632553300499703 0.001226996533953234 0.24063519235861883
0 0.9300304955674168 0.01855000463684482 0.9182468167068742 -0.054552364950710766 -0.01178367886054257 0.09536316791244447 1.1102230246251566e-17 0.16846553750000004
0 0.618770575 3.3306690738754695e-17 0.6147736169750173 -0.02506691965892809 -0.003996958024982775 0.07359697877857188 0 0.09866389843750001