0 0.3481430042323492 0.04546848838530641 0.270565897145591 0.0396205825735546 0.20005242166476464 0.9750377412156656 0.2776295287515228 0.9808856470274174
0 0.2693224608170556 0.05002625706473596 0.2030861697743449 0.04585575066081786 0.14504861702806168 0.9676124542347451 0.21128490807077238 0.9717829606386632
0 0.1063992017631433 0.014686643589585411 0.03288327549642451 0.010892257763599296 -0.015903328099184266 0.9561288565763493 0.05761259816753452 0.9599232424023352
0 0.20791056271863062 0.01847787695589455 0.1562263411343175 0.01514777318054791 0.09505758266301842 0.9645054749653441 0.14674180424733158 0.9678355787406907
0 0.603953927892054 0.11854613018842837 0.5463614218129894 0.11350744304194907 0.4690107644874745 0.9976302458145078 0.5266032705665391 1.002668932960987
0 0.15652584642937875 0.036080292008726034 0.1074087639654366 0.03283419108848541 0.04613175916447694 0.9600227696028641 0.0952488416284191 0.9632688705231047
0 0.8615460595726164 0.06423760955390197 0.8075657331711892 0.05922520465827739 0.7202453865475679 0.9996082962842978 0.7742257129489951 1.0046207011799224
0 0.6647753031250002 0.03289614218750011 0.6134090133873429 0.028402174178516027 0.5284052186978713 0.9999999999954394 0.5797715084355286 1.0044939680044236
0 0.8021912870313948 0.06060391217375113 0.7506086811831278 0.05593394597184548 0.6651493512712116 0.9998840176242997 0.7167319571194783 1.0045539838262052
0 0.951265702944957 0.040709310129209794 0.8982428793123441 0.0354555850731027 0.8027348402772245 0.9993632610884658 0.8557576639098375 1.004616986144573
0 1.0280179749657659 0.18365586451914123 0.9875475647833267 0.1801151624781687 0.9158169372847951 0.9999999999811722 0.9562873474672342 1.003540702022145
0 0.8831614125152228 0.19002767951350408 0.8520303279586707 0.18730406248544818 0.7809286453410915 0.9999999998658005 0.8120597298976435 1.0027236168938563
0 0.027388050000000146 0.1763274828125 0.01531280694402383 0.17572941503114287 -0.010266199274847811 0.6921804375595715 0.0018090437811285054 0.6927785053409286
0 0.40448354032555295 0.11153174676883233 0.342977506152628 0.10687621209457457 0.2766591462788549 0.9830332153369419 0.33816518045177985 0.9876887500111996
0 0.4718180242312058 0.037063234174568124 0.4125733904436088 0.032294318925070495 0.3356521859159632 0.9878928888978276 0.39489681970356016 0.9926618041473253
0 0.5227970816227169 0.05923321279963635 0.47028385765289515 0.05475469515528718 0.3903164667042332 0.9924188609910447 0.44282969067405487 0.9968973786353938
0 0.5379790521525794 0.19990956247667208 0.5069797039991119 0.19742259282305002 0.4428245089596266 0.9970983041797 0.47382385711309405 0.9995852738333222
0 0.714658788478005 0.041297501803210464 0.6699386486976731 0.03720125249527925 0.5817812652425612 0.9996452383014152 0.6265014050228933 1.0037414876093464
0 0.7486678698071729 0.058231059090179824 0.7154552392476934 0.05510965110980408 0.6266880342174224 0.9996168750943749 0.6599006647769018 1.0027382830747507
0 1.0112808248622767 0.042983067296901004 0.95209083744223 0.03695612655377356 0.8540529892053037 0.9997761128709042 0.9132429766253504 1.0058030536140317
0 1.028212544929036 0.18815480754848427 0.9884940003095208 0.18467988514777725 0.9171627328125002 1 0.9568812774320155 1.0034749224007071