0 0.02908994843750007 0.1128766078125 3.907507646917444e-17 0.1128766078125 9.289116771490942e-17 0.991760075 0.029089948437500124 0.991760075
0 0.05792081077084221 0.9922083754870019 0.048523179324995606 0.2379054258622066 0.01872251027252375 0.2382767033505607 0.028120141718370358 0.992579652975356
0 0.1132195954095681 0.9930968892192267 0.10276030583819977 0.15162495275423413 0.045922994169808495 0.15233142658352808 0.056382283741176806 0.9938033630485206
0 0.1615321619253312 0.9940461429001264 0.15582043572523935 0.06663987594414317 0.10179011184818995 0.06697263886313976 0.10750183804828181 0.994378905819123
0 0.20014013023966165 0.9912433091528579 0.19861863933376034 0.07384897895432879 0.15204614038037503 0.07392621905849135 0.15356763128627635 0.9913205492570205
0 0.23742968769544923 0.9952320320418538 0.23129674524192745 0.09169845409257266 0.19268425332434952 0.09196054528286915 0.19881719577787133 0.9954941232321503
0 0.2868172610372175 0.9960808544897404 0.28391655897066237 0.0856302661824004 0.23316429491361004 0.08579196325758856 0.23606499698016514 0.9962425515649287
0 0.33522550462904965 0.9969349768680169 0.332359790493615 0.08321547856720893 0.2836852133114397 0.08336813747853418 0.28655092744687427 0.9970876357793422
0 0.36861350973551116 0.9976831701621929 0.367396103168952 0.1984757212216161 0.3358167181338093 0.1985238250659442 0.3370341247003684 0.9977312740065211
0 0.4215066671875 4.840864522142446e-17 0.36497628437500007 4.494715760312932e-17 0.36497628437500007 0.9985092484375 0.42150666718750013 0.9985092484375
0 0.4851605407957468 0.00007063576231918154 0.42668728804083306 -0.0005599308097036938 0.4159088856123082 0.9989352493351253 0.474382138367222 0.9995658159071482
0 0.5421659608594992 0.09057996993330773 0.4835663970143752 0.09007764555573322 0.4757685680279655 0.9997475679052672 0.5343681318730895 1.0002498922828416
0 0.5912198560709159 0.0810882443970419 0.5443984069549707 0.08060725122409226 0.5349541251739776 0.9999445385575221 0.5817755742899229 1.0004255317304716
0 0.6700054830169141 0.04453376125342569 0.5916623445078458 0.043672902732206476 0.581155077336346 0.9998954028043094 0.6594982158454143 1.0007562613255288
0 0.7207747847326795 0.15994704754589234 0.6692578454386775 0.15917011944095744 0.6565802052292314 0.9998054586863605 0.7080971445232335 1.0005823867912953
0 0.7711359137511261 0.07404220773455912 0.7246733745237406 0.07333022456448046 0.7104756076327527 0.99984693006599 0.7569381468601383 1.0005589132360686
0 0.8246935256429022 0.14103597048027117 0.7739143424626476 0.14003299163688415 0.7569308779451838 0.9998781034792816 0.8077100611254385 1.0008810823226688
0 0.8896114448507003 0.006745461821212201 0.822021314155695 0.005096095822912011 0.7977514685163578 0.9996613047583349 0.8653415992113631 1.001310670756635
0 0.9574688667749346 0.060817753398256236 0.8895287566156636 0.0587356805734008 0.8606945887785512 0.999623297864286 0.9286346989378222 1.0017053706891414
0 0.9965655383540433 0.033182946556274136 0.9488042399917251 0.031751941579967816 0.9203119653560027 0.9827116184711064 0.9680732637183208 0.9841426234474128
0 1.0071555300126414 0.038467662746048785 0.9866508419436768 0.03810975206990874 0.9701407447435356 0.9839725486988602 0.9906454328125001 0.9843304593750002