0 0.986148591249599 0.463254660898191 0.017361767970904794 0.38559193382722523 0.011188539530657788 0.46259853140054724 0.9799753628093519 0.540261258471513
0 0.9305375216550699 0.11278602031260394 0.03698484624724179 0.06666699247904 0.03361876659468044 0.13188453110618986 0.9271714420025086 0.17800355893975384
0 1.0045407237675614 0.22221629159640935 0.02875714488853117 0.16335799110580068 0.024202407572275327 0.23886879998515584 0.9999859864513054 0.2977271004757645
0 0.9123506870693069 0.5376444789291386 0.017332012446630296 0.45934049105713903 0.012020959298755667 0.5200461061661893 0.9070396339214323 0.598350094038189
0 0.9813487037858545 0.39397854324029047 0.02253421831048776 0.32541342101213233 0.017699993193695453 0.3930152120890216 0.9765144786690623 0.4615803343171797
0 1.002145786271645 0.18541679623640034 0.032642739468937546 0.1282287763589188 0.03031671053361166 0.167661723059661 0.9998197573363189 0.22484974293714255
0 0.9881605643215948 0.2978202362837557 0.02565277545531035 0.23342024894835775 0.022555296285549187 0.27971447896457197 0.9850630851518337 0.3441144662999699
0 0.9889922829345815 0.6117938953231807 0.013032790033595216 0.5264085032242904 0.008675002794902043 0.5762182390479509 0.9846344956958883 0.6616036311468412
0 0.9152909238208666 0.7370972151394504 0.004706706525499193 0.6574314194973783 -0.0006043465262809744 0.7181370340863251 0.9099798707690864 0.7978028297283972
0 0.9689927500573023 0.8045342555950302 0.000816028041600625 0.719829767779921 -0.003950301711454695 0.7743091659250554 0.9642264203042471 0.8590136537401646
0 1.0034926846910737 0.3448639058429717 0.023520653444560644 0.2783312197626017 0.019926270112409248 0.33127354544643245 0.9998983013589224 0.3978062315268024
0 0.9702526564866941 0.8673882242430848 0.003410834890396286 0.7727477229184853 -0.001158652098936863 0.8194293345191532 0.965683169497361 0.9140698358437526
0 0.9599913139600231 0.9517688217181345 0.0004621800090116035 0.8530397252854807 -0.005024731348109157 0.906365963373311 0.9545044026029024 1.005095059805965
0 0.9734662546875 0.663763471875 0.014628857812500073 0.5798760703124999 0.010134889777989842 0.6312423605013653 0.9689722866529898 0.7151297620638652
0 0.8244851062500003 0.6993518343750003 0.007294143551854282 0.6278568890451647 0.0045705265781208594 0.6589879734388668 0.8217614892762668 0.7304829187687023
0 0.9596706027423769 0.9166563747649666 0.0004990812894420937 0.816909628380885 -0.0029737072390991328 0.8503041999068468 0.9561978142138358 0.9500509462909286
0 0.8380848785024545 0.9844344620242584 0.0002723616878677726 0.9111353605847574 -0.003676883150050081 0.9562754331394515 0.8341356336645367 1.0295745345789524
0 0.9136071062499997 0.03525630625000006 0.06087165714039307 -0.04031321290462243 0.057253792293409045 0.0005112046597980834 0.9099892414030158 0.07608072381442058
0 0.9537966948347391 0.04401484016415348 0.0414437584194338 0.000045533496697947386 0.0380118533777084 0.071256768779473 0.9503647897930136 0.11522607544692853