0 0.9882868441377237 0.6969684198094498 0.00002788182489935065 0.6683039264748609 -0.002417351377233473 0.7526076536939528 0.985841610935591 0.7812721470285415
0 0.9744141489921121 0.7814954311118716 0.0002705775722329218 0.7407718190680203 -0.0027363711230848687 0.8127005993043864 0.9714072002967944 0.8534242113482378
0 0.9929348272823344 0.9567083801866196 0.00015448823680437872 0.9116604770590593 -0.003209109458035886 0.9857885369254751 0.989571229587494 1.0308364400530354
0 0.9951504845109153 0.8510960154840559 0.000029780100318699267 0.810922653806989 -0.0022353789959217883 0.8670321408240957 0.9928853254146747 0.9072055025011625
0 0.9383353006608972 0.41272110083665325 0.001732657910944034 0.39637262248515415 0.0006381726365118509 0.45907557125164267 0.9372408153864651 0.4754240496031418
0 0.9766847515518113 0.9047631759079218 0.0000898354196056883 0.8669740268175214 -0.0019747013857771166 0.9203283943234271 0.9746202147464287 0.9581175434138274
0 1.0007016396813717 0.1406797498274692 0.0061177573695679385 0.128613037639901 0.0054043558106271865 0.18741428201445404 0.999988238122431 0.19948099420202223
0 1.000976134876632 0.356179146309484 0.002738380179587022 0.33875484216881585 0.0017622452960585732 0.39467757437943146 0.9999999999931036 0.4121018785200996
0 1.0007861155262687 0.20510836913696825 0.005157082156243107 0.19072830352158993 0.004349099768965581 0.24667037949966059 0.999978133138991 0.26105044511503894
0 1.000442456218139 0.048462691320508886 0.007465248752067925 0.040491740268909435 0.007010797726234756 0.09710474763035462 0.999988005192306 0.10507569868195407
0 0.892743857102402 0.10340485938987883 0.007116261811852436 0.08794617063234546 0.0065246796875000155 0.12183788437500002 0.8921522749780495 0.1372965731325334
0 0.9232539638322809 0.6287051140282722 0.000002582962757191609 0.6017944477529725 -0.001946842628009393 0.6686753584731064 0.9213045382415144 0.6955860247484063
0 0.9993955775956405 0.5642191096760576 0.000024366615029663974 0.5398506707750956 -0.0015472396079235756 0.6043036306302897 0.9978239713726872 0.6286720695312515
0 0.9932634820381058 0.5069967397859743 0.00014020781250006082 0.48760404375000005 -0.0009759701959341435 0.5447648612195506 0.9921473040296714 0.5641575572555249
0 0.8428298644291665 0.4746652179749809 0.0007411932718598982 0.4539068478595878 -0.00008729776150591395 0.48751559987020066 0.8420013733958008 0.5082739699855938
0 1.0006510144101095 0.3016034645381229 0.003438655451548154 0.2882522957651286 0.0027876410414384967 0.33687722341450577 1 0.3502283921875001
0 1.0003985973981118 0.26322955908450824 0.004043875371144747 0.25224545341772286 0.003645277973033168 0.28840173339571484 1.0000000000000002 0.29938583906250016
0 1 6.17620835097642e-17 0.007981492187500003 1.018468995388621e-18 0.007981492187500005 0.045952029687500055 1 0.04595202968750012