0 0.9692618359655187 0.73877589879716 0.00029066269168946944 0.6256096818475101 -0.009492819705307132 0.7093794911815048 0.9594783535685222 0.8225457081311548
0 0.9480749172540891 0.8217721740230935 0.0007718220890941985 0.6988427290895027 -0.008492690414312332 0.7702357250833671 0.9388104047506826 0.8931651700169579
0 0.9161610282854429 0.993251343896729 0.0003235644387668879 0.8710843854376625 -0.009487919617995933 0.9446372084632808 0.9063495442286801 1.0668041669223471
0 0.9626662533243255 0.8929151970348681 0.000019955717131392438 0.7693959377880673 -0.0071268476942001665 0.8250944894600647 0.955519449912994 0.9486137487068655
0 0.9442741597053642 0.4512566876699916 0.01266043940980574 0.353340083391923 0.006105194388132629 0.41570903753525706 0.9377189146836911 0.5136256418133256
0 0.9395933866525802 0.9447687404660046 0.00021067167133965726 0.8258315325287262 -0.006496148404877622 0.8788029361908176 0.9328865665763629 0.9977401441280961
0 1.0057263998656683 0.1832540814452616 0.040365635918117725 0.08698160404432688 0.034530083119010194 0.14549691247190488 0.9998908470665606 0.24176938987283955
0 1.0058464076453724 0.39978416657239274 0.018684052733323332 0.29602922339633314 0.012837645087951105 0.3516540771364405 1.0000000000000002 0.4554090203125001
0 1.0055209865497234 0.24793152592124762 0.033994911928465786 0.14877677437556444 0.028314330985455504 0.20443555440476396 0.9998404056067132 0.30359030595044717
0 1.0052126757450313 0.09065416159905866 0.04937862137233662 -0.0006292118575239383 0.0439971511244407 0.05572050803948399 0.9998312054971356 0.14700388149606658
0 0.9258148921874998 0.13914390625000003 0.04490469159342174 0.04655651201034246 0.04136150307609389 0.08026769843235977 0.922271703670172 0.17285509267201735
0 0.910425965489396 0.6651043654558799 7.747885886422168e-7 0.5586441866699803 -0.007770288044096329 0.6251006912717951 0.902654902656711 0.7315608700576949
0 0.991898161875484 0.6074999293757688 0.00011367816136046427 0.49630938147927955 -0.007069393305989058 0.5603801047691668 0.9847150904081345 0.671570652665656
0 0.9907766608159682 0.549960860926092 0.003122704687500061 0.44408556250000003 -0.002971119501643227 0.5009315847339785 0.9846828366268248 0.6068068831600705
0 0.8437333651463053 0.5046412163120564 0.006658307459031088 0.4105689741769253 0.0029037733955657786 0.4439776263620142 0.8399788310828399 0.5380498684971452
0 1.0048818984173715 0.3448663901720091 0.0237832498323068 0.24577988674648732 0.018901351414935236 0.29411769032447843 1 0.3932041937500002
0 1.0035415953477564 0.30620597803824323 0.027524369188387486 0.20996280957843724 0.023982773840631275 0.24587868935269422 1.0000000000000002 0.34212185781250015
0 1.0035876128980976 0.050175051437940696 0.061578184850210146 -0.048834129860219753 0.0564455109375 6.245004513516506e-18 0.9984549389853873 0.09900918129816046