0 0.8942217833251999 0.01674185728229325 0.8883153441837631 -0.03444407083804418 -0.0057654160490676525 0.06872556565715712 0.00014102309236909417 0.11991149377749455
0 0.8726639676463899 0.08182285364896949 0.8653786517501176 0.015668614761573874 -0.006642406408759851 0.11170099278806081 0.0006429094875122637 0.17785523167545642
0 0.9581208577882061 0.4642571508191068 0.953328647543418 0.41085510691929183 0.0007866645447294929 0.49633463384677984 0.005578874789517652 0.5497366777465948
0 0.8696727393867496 0.4156493369991757 0.8640096735685352 0.3582222988965212 -0.005355246973311573 0.44395318329760086 0.0003078188449026853 0.5013802214002554
0 0.9492394692040891 0.5971533983977725 0.9451540436917331 0.5504567712090049 0.012778067141101907 0.6320290994696675 0.016863492653458052 0.678725726658435
0 0.9605043769942867 0.6542011812122237 0.956282770769765 0.6059480008421582 0.016124023404195515 0.6882012324318281 0.020345629628717325 0.7364544128018935
0 0.9901324671606082 0.9218165577169666 0.9862519524156855 0.8670247416740935 0.03930725385338534 0.9340901016271574 0.043187768598308 0.9888819176700305
0 1.0040286177629465 0.7363746169817154 0.9999027315933791 0.6856240858542073 0.024439990227390067 0.7649266693763082 0.02856587639695742 0.8156772005038162
0 0.7743554007324157 0.3700762403916874 0.7711742916350326 0.33697676314032937 -0.0029236367488707006 0.4113734052246502 0.0002574723485123442 0.4444728824760083
0 0.8450660546874997 0.6972385640625 0.8426147994335855 0.6692205874128538 0.020754172338543892 0.741124072997972 0.023205427592458187 0.7691420496476182
0 0.6176664573542563 0.001119461494468299 0.6141042309213429 -0.029520855389532495 -0.0035622264329133353 0.04228870811599925 4.163336342344337e-18 0.07292902500000005
0 0.8889851474217932 0.15513490794328794 0.8810534899108508 0.08031716222790548 -0.007931657510942446 0.17456119022211755 0 0.2493789359375
0 0.8388588697235584 0.2228999841814833 0.8321649178549471 0.1595724639681959 -0.006567954066977122 0.24822961423016596 0.00012599780163403685 0.31155713444345334
0 0.9235840210990075 0.2766078754092541 0.9177691597108486 0.21604798896320698 -0.005814861388158898 0.30472901824145293 0 0.3652889046875
0 0.9071351609140519 0.3330210519222387 0.902368831215553 0.27854165453624463 -0.004766329698499006 0.3579056979265061 1.1102230246251566e-17 0.4123850953125001
0 0.9575559312552475 0.5109442685891773 0.9536407318786406 0.4661933349022614 0.005871992588290742 0.5491123551666834 0.009787191964897746 0.5938632888535993
0 0.9466135650706299 0.5452315575725164 0.9438899480989307 0.5141004731685811 0.006498754459422168 0.5961115759940062 0.009222371431121573 0.6272426603979415
0 1.0043128822995757 0.8011465954518284 0.9995867875204404 0.7397391360336243 0.029189032042549422 0.8144237396518129 0.033915126821684606 0.8758311990700169
0 0.9778701019334124 0.8643297554132852 0.9734895684307121 0.8053083999529876 0.03512890804079934 0.8749530273661783 0.03950944154349954 0.9339743828264758
0 1.003536018544047 0.9578369824435622 0.9994114673499304 0.910144381420103 0.04468675123687851 0.992710877761111 0.048811302430995 1.0404034787845702