0 0.7890116338291941 0.9824951029864734 0.7391349366897296 -0.00406502941396295 0.654044504449069 0.00023681654448587386 0.7039212015885334 0.9867969489449221
0 0.8548628916671206 0.978039492982574 0.8111531000646804 -0.0002898868671343813 0.7392062727369935 0.0029245528642299623 0.7829160643394335 0.9812539327139383
0 1.019663143893423 0.96675244431381 0.9803059878402902 -0.0024333690489723946 0.9141123794584253 0.0002546523179167648 0.9534695355115581 0.9694404656806993
0 0.9055517392908946 0.9742872376535742 0.8644894907123009 -0.0023646921799878318 0.8082460734374999 -5.551115123125783e-18 0.8493083220160937 0.976651929833562
0 0.5026568439316507 0.9996453318529686 0.43740950781250004 0.066564953125 0.3748497713537337 0.07093955604807856 0.4400971074728844 1.004019934776047
0 0.9544076036728179 0.9707597195370508 0.9164795119823228 -0.0018355328268387316 0.8650496023067674 0.0001700685012238079 0.9029776939972625 0.9727653208651132
0 0.2257351421875001 1 0.15739819297804059 0.02273610268203035 0.09822082240488408 0.026874187572207543 0.16655777161434357 1.0041380848901773
0 0.4381165553175794 0.9999999999559407 0.368746165625 0.007957212499999994 0.31295116091154207 0.011858779316283893 0.38232155060412143 1.0039015667722244
0 0.2902507080040624 0.9998769300805332 0.21703475488539828 0.0183114167705078 0.1612339054886175 0.022473657923051164 0.23444985860728157 1.0040391712330767
0 0.1416751290744603 0.999360445211354 0.06093762602735464 0.02876517170766718 0.002628374829677596 0.033615538770812595 0.08336587787678329 1.0042108122744993
0 0.16456895625 1.0000000000000002 0.10449844531250008 0.14095167031249997 0.07068414062220998 0.1433161968351008 0.13075465155970992 1.002364526522601
0 0.7068922450725335 0.9878609515282891 0.6588476991673918 0.06351863971848828 0.5913803016274715 0.06702539304654986 0.6394248475326132 0.9913677048563507
0 0.6433339979416948 0.9919052343529225 0.5856395852717174 -0.0037661689296334343 0.5206442671875 0 0.5783386798574773 0.9956714032825559
0 0.5818251066038204 0.9959437745825502 0.5211856322204881 0.0041593924334034525 0.46422320734859673 0.007642177165651942 0.5248626817319291 0.9994265593147986
0 0.5311365242052772 0.9990774745426376 0.47445639976688936 0.15881325841172372 0.4420809289036569 0.1609971497188284 0.49876105334204474 1.0012613658497422
0 0.3761014250000001 1 0.3070327999990445 0.0122726327988358 0.25851066093749997 0.015665631249999996 0.3275792859384556 1.003392998451164
0 0.3271751796875001 1.0000000000000002 0.25630937427996414 0.01574853310290123 0.22033163721934418 0.018338919197604345 0.2911974426268801 1.0025903860947032
0 0.082713828125 0.9999999999999998 0.00482899899559152 0.03335337481997656 -0.0438265057776082 0.03727365507209044 0.03405832335180027 1.0039202802521137