0 0.9299670583712765 0.6780837042420059 0.00007613168888093158 0.5701099562694285 -0.008770758737929606 0.6463010980211609 0.9211201679444659 0.7542748459937383
0 0.9156866778545313 0.7534913414003697 0.0002839855728276275 0.641176009800115 -0.008059029211898227 0.7091740122711045 0.9073436630698053 0.8214893438713592
0 0.919457503928332 0.41286478675198934 0.016380343755326553 0.3179475533697132 0.010463705995464085 0.37424060190842784 0.9135408661684694 0.46915783529070404
0 0.937928217180932 0.822981226998387 0.000282213975347001 0.7044958615962654 -0.006104733395594708 0.7550396199306654 0.9315412698099903 0.8735249853327869
0 1.0050949458167033 0.16732593630252887 0.04393365420426003 0.06630381731892743 0.038016853358712945 0.12259841893823005 0.9991781449711562 0.2236205379218315
0 1.0050949460713798 0.2258229535616157 0.039132994603944246 0.12429625641548711 0.0335449676252499 0.177462779083147 0.9995069190926855 0.27898947622927556
0 0.6522597790760025 0.9884100185711675 1.844778632076327e-7 0.9059330598279202 -0.005509448595390554 0.9495053628020429 0.6467501460027488 1.0319823215452903
0 0.8909967167288869 0.9902838420424377 0.00020683619563897083 0.8648500681486981 -0.004758215130045063 0.9001102484012217 0.8860316654032028 1.0255440222949612
0 0.9206238494718528 0.9187945971352791 0.00047868578141778694 0.7950045549865672 -0.009544345637000174 0.8695068632909393 0.9106008180534347 0.9932969054396514
0 0.9016217982986243 0.869159756322029 0.0005218163907342643 0.7483548833651296 -0.0060035663207918645 0.7970286007357535 0.8950964155870981 0.917833473692653
0 0.9354703885575846 0.8131403588341589 0.00008354472679952262 0.7040380401038328 -0.006621140093850841 0.76152053952504 0.9287657037369342 0.870622858255366
0 0.8770463994972401 0.6092521981533598 6.661338147750939e-17 0.5111244187499999 -0.006839612946324647 0.5722555066539764 0.8702067865509153 0.6703832860573364
0 0.9670384973198601 0.557413167621889 0.00208863323281957 0.45398057834261046 -0.00422859509439093 0.5129156650326407 0.9607212689926496 0.6163482543119192
0 0.9553233009843212 0.5047750909149696 0.007217606533996062 0.40512516759657313 0.001876202040240782 0.45594523697797157 0.9499818964905657 0.555595160296368
0 0.8196827012428043 0.4608879141911431 0.0105137376793285 0.37383785915646667 0.007359402558330541 0.4031588065076549 0.8165283661218063 0.49020886154233134
0 1.0056329805434978 0.3657975516779094 0.022214828375928187 0.2624361383035275 0.016462496333969522 0.3171659215241522 0.9998806485015391 0.420527334898534
0 1.0044962150112087 0.3142483294632065 0.026609717398587966 0.2181290538708874 0.02182534033971114 0.26680376241953463 0.9997118379523318 0.3629230380118537
0 1.000874795124861 0.28026626082607475 0.030218186845754925 0.18451729031040598 0.02692529558860072 0.2178990242537299 0.997581903867707 0.3136479947693987
0 0.9063346971171671 0.12250403107321269 0.045366606459106965 0.039740452650607536 0.04216291537832809 0.07306762198579764 0.9031310060363882 0.15583120040840276
0 1.0045373050245028 0.07973169346351403 0.04986582278180156 -0.0067394246993218564 0.04519771556746275 0.044798116716397135 0.9998691978101638 0.13126923487923303
0 1.0025527475472322 0.050066282704926204 0.16169258103926215 -0.0383116824393917 0.15766586093749996 1.9428902930940238e-17 0.9985260274454699 0.08837796514431792