0 1.0038836105150033 0.48836646597679734 0.015911579054880675 0.35097965843785095 0.004088623377320422 0.43600055489700296 0.992060654837443 0.5733873624359493
0 0.9686948521415577 0.0965519907984684 0.06380004732830764 -0.0031599555292667115 0.05585251973973436 0.0689645660638853 0.9607473245529844 0.16867651239162043
0 1.0097910455941594 0.21868197253701932 0.049027439940496735 0.10437156641580472 0.03909670048652073 0.1878380973149402 0.9998603061401834 0.30214850343615474
0 0.9210729258702253 0.566648407835498 0.004615764313188475 0.4324112348142064 -0.005197187573314066 0.49940571801129713 0.9112599739837227 0.6336428910325888
0 1.0061304379782128 0.4112413296361643 0.0245366073102318 0.28485345240825183 0.014884772628182236 0.35981460838559715 0.9964786032961632 0.48620248561350954
0 1.0046635490943578 0.17672401216345351 0.05511526082129017 0.06609136353925034 0.05015387865494553 0.10867438041633551 0.9997021669280131 0.21930702904053864
0 1.0062213576537944 0.3032646666209513 0.038879874668777854 0.18301876303166265 0.03254041188470656 0.23401780040276288 0.9998818948697231 0.3542637039920516
0 0.9803009578125002 0.650777959375 5.551115123125783e-17 0.5071846859375 -0.008051995210824347 0.5621550785506921 0.9722489626016758 0.7057483519881922
0 0.9114487778158076 0.7880839150618829 7.771561172376095e-17 0.6545759421875 -0.009813365603948432 0.7215710428800578 0.901635412211859 0.8550790157544407
0 0.9491008191576839 0.8637856732965314 8.881784197001253e-17 0.7247626921874999 -0.00880690540746556 0.7848868606508022 0.9402939137502182 0.9239098417598337
0 1.0073488163492081 0.35524373287757127 0.032054150012418486 0.231734769986821 0.024705333663210427 0.2897650636717498 1.0000000000000002 0.4132740265625001
0 0.9394163953190005 0.933888187589325 0.0002565123409096426 0.7845637790281189 -0.00767722926941321 0.8344621976063188 0.9314826537086776 0.983786606167525
0 0.7430313880414469 0.9862532908764928 1.1102230246251565e-16 0.8774193859375001 -0.007422940524786603 0.9280973231536013 0.7356084475166601 1.036931228092594
0 0.9717459578075408 0.70918386398273 6.661338147750939e-17 0.5668432796875 -0.00830356300944155 0.6235309336674023 0.9634423947980991 0.7658715179626323
0 0.813160468635615 0.7403491399831077 7.771561172376095e-17 0.6212385625000001 -0.005032395198114714 0.6555944100168924 0.8081280734375001 0.7747049875000002
0 0.9311922706385823 0.987503250265827 0.0005881553541554841 0.835222263733278 -0.005439803590356185 0.8720597148705485 0.9251643116940708 1.0243407014030974
0 0.9936580203125003 0.06446532343750014 0.11257478551622084 -0.0593628488696674 0.10419112859904926 0.00028997018091452 0.9852743633953287 0.12411814248808206