0 0.0464703453125 1 0.02055717148427493 0.2579442007941506 -0.00870528314173128 0.25896606879137635 0.017207890686493792 1.0010218679972258
0 0.09216132031250006 0.9999999999999998 0.04290643134221821 0.11974825935169191 -0.006590789347418957 0.12251789898638328 0.0426640996228629 1.0027696396346912
0 0.12443020107211225 0.9998807531950943 0.07659878443536597 0.2534558304926035 0.04541015038138827 0.25545441937193203 0.09324156701813455 1.0018793420744228
0 0.1819577085463911 0.9996233757688315 0.12624469051714018 0.161756612871192 0.0669869633835376 0.16569688949554376 0.12269998141278853 1.0035636523931832
0 0.22853761940407796 0.9999828041557063 0.1780995913402355 0.07330645305967992 0.12282082855351908 0.07631521850996167 0.17325885661736154 1.0029915696059881
0 0.2680984467899771 0.9997579675125208 0.2212961499664233 0.07834330723193365 0.1732786979024739 0.08078230363722569 0.22008099472602766 1.0021969639178128
0 0.30391407103367407 0.9999225983455278 0.2546714420866648 0.09118463309481147 0.21817327227812133 0.09316239335338192 0.2674159012251306 1.001900358604098
0 0.35466389207862564 0.9995660366570721 0.3075012246659588 0.08618374488227307 0.2542080371003836 0.08893554870324731 0.3013707045130504 1.0023178404780464
0 0.40411794647948557 0.9998688176770523 0.3639873264689072 0.0806010428986357 0.3088396696443853 0.08300851297560227 0.34897028965496374 1.0022762877540188
0 0.4343863843750001 1 0.4014001326901176 0.1941737336028129 0.36819067215991425 0.1955331527096958 0.4011769238447968 1.0013594191068829
0 0.48959443635538913 0.9995133420436249 0.4394177331832685 0.001738732970171558 0.38556812344127317 0.004446755262368135 0.43574482661339387 1.0022213643358213
0 0.5428351083336337 0.9987989946763929 0.5059118788433061 -0.0003663257650876772 0.44531482733009903 0.0018729821789377737 0.48223805682042664 1.0010383026204184
0 0.6049157811108816 0.9963401758993097 0.5673550134328754 0.08045980790799216 0.5080415214775489 0.08289228748651113 0.545602289155555 0.9987726554778286
0 0.652143519213498 0.9949688775621082 0.6176865280370036 0.06506123221932143 0.5682488006951434 0.06689310804412603 0.6027057918716379 0.9968007533869129
0 0.7321828932209794 0.9921685948954246 0.6943992213048398 0.024155851132050144 0.6143399689751973 0.027280740286003347 0.6521236408913369 0.9952934840493779
0 0.7808398342785797 0.9870236382400011 0.7511509959057812 0.1368465454778387 0.7004006807809106 0.13861878553927773 0.7300895191537091 0.9887958783014401
0 0.8297393428831892 0.9888516852964523 0.8008607396320082 0.04826554946871181 0.7491643256953674 0.04985277276567362 0.7780429289465485 0.9904389085934142
0 0.8824444153951214 0.9871569068664228 0.8558523640327385 0.11235813324792687 0.8031585598244565 0.11395991458352472 0.8297506111868393 0.9887586882020205
0 0.941454472642004 0.9818114244260036 0.9143005287508095 -0.0017232333837154611 0.851883821875 0 0.8790377657661945 0.983534657809719
0 1.0005810127571757 0.9766593981409744 0.9831705797244694 0.02507420126035455 0.9174683982742995 0.026276304271194484 0.9348788313070058 0.9778615011518141