0 0.10221187031250004 1 2.2204460492503132e-17 0.38768477812499996 -0.03578651278264634 0.3936585090936271 0.06642535752985365 1.0059737309686272
0 0.13088189336152392 0.9999248995192334 0.013132461070151275 0.31205950290318135 -0.01617077502774611 0.31707565785413816 0.10157865726362654 1.0049410544701902
0 0.18694628417282183 0.9997812408010681 0.053153120774784554 0.2180560057093127 -0.0027512010257875474 0.22762409399092293 0.13104196237224974 1.0093493290826783
0 0.236246796875 1 0.0922653980662348 0.12581680305467383 0.038952332760062616 0.1345976738657217 0.18293373156882783 1.008780870811048
0 0.27540165090067437 0.9991359979417629 0.13566443633920766 0.1262420375400119 0.0896774062604542 0.13360387045520558 0.2294146208219209 1.0064978308569565
0 0.3131054570434326 0.9998001098831842 0.17073249392976933 0.13875977398956174 0.13271438853740233 0.14504606522475835 0.27508735165106557 1.0060864011183808
0 0.36321048724593463 0.9995952031781398 0.22175519671532423 0.12453474239365012 0.17165378881642254 0.13263373615229646 0.31310907934703297 1.0076941969367863
0 0.4123104171875 1.0000000000000002 0.2692242560265512 0.11457149310330836 0.22118193854515805 0.12233518122509834 0.36426809970610685 1.00776368812179
0 0.4471130596877229 0.9990073903813423 0.3202068931303021 0.22309820040021583 0.2880076030469354 0.2283646523550507 0.4149137696043562 1.0042738423361772
0 0.5010926813620922 0.9984907944538308 0.3410815229578069 0.016325283992142357 0.2838529398491726 0.02564877558241816 0.44386409825345796 1.0078142860441068
0 0.5528468489337645 0.9974228481572729 0.4070713826649596 0.008101295882307558 0.34921939035000926 0.016625724704158674 0.4949948566188141 1.005947276979124
0 0.6122013269780242 0.988714625477007 0.4775994252616302 0.0890244011828851 0.4196427374479722 0.09769525275629448 0.5542446391643661 0.9973854770504165
0 0.6592044347110326 0.9824988662049516 0.5245645513890456 0.07197581274268394 0.4782443088980652 0.0788252297022186 0.6128841922200523 0.9893482831644864
0 0.7361714653591839 0.9716884876274319 0.5966618154855137 0.023546589900372193 0.5191485431882448 0.03495189695902874 0.658658193061915 0.9830937946860884
0 0.7842835131240667 0.9649439312079844 0.6648606794485831 0.12959687846721532 0.6138564605602017 0.13688854045257862 0.7332792942356854 0.9722355931933476
0 0.8326398198423037 0.9581285483891003 0.7011633010705709 0.03687145311024429 0.6551614137507908 0.043436578125540345 0.7866379325225237 0.9646936734043964
0 0.8848476844635208 0.95082697066112 0.7645210020152371 0.09465822102801072 0.7142339418106985 0.1017256071327736 0.8345606242589823 0.9578943567658829
0 0.9394868265625 0.9396419453125 0.8129243278343455 -0.0086323303089054 0.7459083275261464 0.000312035969737301 0.8724708262543007 0.9485863115911428
0 1.0022273497901175 0.9315105381028352 0.8831334252250453 -0.0053390814199946405 0.8157040628202482 0.0032326543552709808 0.9347979873853204 0.9400822738781007
0 1.0368179010037482 0.8953423412131336 0.9216083690154578 -0.006025797204360139 0.874464165625 0 0.9896736976132903 0.9013681384174937
0 1.0172669626983954 0.5949143100985352 0.9334776478646086 -0.0012776465403677717 0.9162106851662128 0.0011490667985970093 0.9999999999999998 0.5973410234375