0 0.11341303519223915 0.999997652689214 0.07680642699127274 0.09205614770262607 0.0011928584859420676 0.09510475409604395 0.03779946668690849 1.003046259082632
0 0.17225603554552213 0.9996839268441333 0.13569344713399664 0.1516667499050796 0.07327197506968619 0.15435807580412203 0.10983456348121168 1.0023752527431757
0 0.9336341988863065 0.9909443125856756 0.9164272231039124 0.005156975934751107 0.8430009078080436 0.006438636575045831 0.8602078835904378 0.9922259732259702
0 0.4102491568843353 0.9985172953533438 0.39358756236799397 0.043975197756896664 0.33265934306163886 0.045038703795280306 0.3493209375779802 0.9995808013917274
0 0.5383546434640664 0.9962812046652173 0.5222384369499253 0.07298434899894715 0.47224605102252026 0.07385696933854453 0.4883622575366613 0.9971538250048146
0 0.36110590444634366 0.9999279613867488 0.3350611617575402 0.13179354333163273 0.2768483980367235 0.1335399738621828 0.302893140725527 1.0016743919172988
0 0.5930338140626704 0.9953267765722631 0.5766994526402798 0.059531824071436604 0.5267070673458728 0.06040444439021901 0.5430414287682634 0.9961993968910454
0 0.2776075484087684 0.9998392053916012 0.24725655625166146 0.0837188629654024 0.19469719684058562 0.08546015025200868 0.22504818899769252 1.0015804926782077
0 0.8491077774786083 0.9911460638164711 0.8380493931454028 0.04248098598935737 0.7845711354896543 0.04310437051193513 0.7956295198228596 0.9917694483390488
0 0.6742714394719885 0.9939087687428524 0.6569281105984985 0.000310121851997143 0.6069357245905116 0.001182742194647647 0.6242790534640016 0.9947813890855028
0 0.30367931651210595 0.9999181893914777 0.28092237616823296 0.22218239463767078 0.2491304909909123 0.2231126411806225 0.2718874313347853 1.0008484359344294
0 0.4852650041139766 0.9987706259250414 0.46903971756161456 0.06922472154310913 0.43623221501512416 0.0697973787162243 0.4524575015674862 0.9993432830981567
0 0.9882861011153763 0.9884276225656246 0.973069789624841 0.11668541278522926 0.9199528818068305 0.11761257153205248 0.9351691932973658 0.9893547813124478
0 1 0.03649917968750012 0.9763110875000001 0.03649917968750012 0.9763110875000001 0.9898377500000001 1 0.9898377500000001
0 0.7928058366505475 0.9919843936140806 0.7855412775472945 0.057517828426942454 0.7246928689427323 0.05799086499894459 0.7319574280459854 0.9924574301860826
0 0.7322680638502241 0.9929009502892228 0.7218030386299505 -0.0005744291850316551 0.661381100085834 0.0000620406498389639 0.6718461253061075 0.9935374201240933
0 0.6291388973142685 0.9977952068542872 0.6094611031611035 0.17147089752306052 0.5769630235433412 0.17224479526982905 0.5966408176965062 0.9985691046010559
0 0.45467239123133074 0.9998456003209395 0.4334745244964169 0.049528434282905216 0.3863592411351188 0.05057939235623389 0.40755710787003274 1.0008965583942682
0 0.2278581586995514 0.9999268611372445 0.20128008339525377 0.06703462667745419 0.13926858675606502 0.06880133259109378 0.16584666206036264 1.001693567050884
0 0.0438129734375 1 0.028187674792587176 0.1048269231055859 -0.006959488477190032 0.10544041890521054 0.008665810167722793 1.0006134957996247