0 0.5363579682813739 0.004175215293514878 0.5314751918259043 -0.022880113966011095 -0.004882776455469593 0.07391841449047402 0 0.10097374374999998
0 0.8146732548526634 0.0012392896778227413 0.8060940912901658 -0.046433103380057725 -0.008579163562497497 0.10017617412961954 5.551115123125783e-18 0.1478485671875
0 0.6931068392853301 0.049708576655421235 0.6873387815039609 0.019083972723732544 -0.00553935358204149 0.149585615374793 0.00022870419932785602 0.18021021930648168
0 0.79017285802942 0.08780910648287923 0.7790744262747725 0.02965235631371894 -0.010132557791851043 0.18026186986936846 0.0009658739627965484 0.23841862003852876
0 0.8842832463922068 0.12849812553953116 0.8745601213190408 0.07399807915936725 -0.009723125073165983 0.2317593504948361 0 0.286259396875
0 0.8845482715509261 0.1719865419014825 0.8762755996045849 0.12462424266306422 -0.007718957139223631 0.27902968935558814 0.0005537148071177112 0.3263919885940064
0 0.8758700898410575 0.20667802355480233 0.8694688668465457 0.17074795976129284 -0.0062197839826226954 0.32675876898043166 0.00018143901188912847 0.36268883277394115
0 0.8872720319012991 0.2585045666078294 0.8780459336743579 0.20594397784944646 -0.008738764475328264 0.3616036255921201 0.00048733375161296165 0.4141642143505031
0 0.8996970466206273 0.31388926861227395 0.890586712748315 0.259446070882126 -0.009110333872312193 0.40999822101985206 0 0.46444141875
0 0.7915303820482182 0.3648642348863852 0.7861338806307939 0.33206798414248456 -0.005396501417424338 0.46231137269359934 1.1102230246251566e-17 0.4951076234375
0 0.987164180381216 0.3791465301405882 0.9779137265387519 0.32602833163267536 -0.007290515000360587 0.49760015857254986 0.0019599388421036256 0.5507183570804627
0 0.9975097799115826 0.44486400368502066 0.9879022405214185 0.384991536303618 0.0005317243384349912 0.5434316598162358 0.010139263728599034 0.6033041271976385
0 0.9246215144248027 0.5157238715219642 0.9149786699258868 0.4571489383074955 0.010502640506704186 0.6060474726472933 0.020145485005619967 0.6646224058617621
0 0.9460391798003153 0.5638036080304556 0.9381960152525595 0.5149576322481723 0.019419011870481718 0.6624850202225409 0.027262176418237426 0.7113309960048242
0 0.9959885842968766 0.6349593852845492 0.9831302189576169 0.5558777097948998 0.02693756615579811 0.7113508252583043 0.039795931495057876 0.7904325007479537
0 0.891054169646108 0.7050216816356517 0.8831102320446039 0.6548656335454408 0.04288839144207405 0.7879436994481246 0.05083232904357796 0.8380997475383355
0 0.9850329899238689 0.7435655894775497 0.9771573892646623 0.692447944877595 0.04710165761757622 0.8357399058155821 0.05497725827678276 0.8868575504155368
0 0.9281199363128408 0.8059582344711312 0.920108335079345 0.7538524095586446 0.05507093558551597 0.8868573990861017 0.06308253681901184 0.9389632239985884
0 1.0092855434024401 0.8559814356155846 1 0.7944489109374999 0.06629414754991615 0.935349455217062 0.07557969095235638 0.9968819798951467
0 1.0091953344888949 0.9246700534156913 0.9999999999999998 0.8596386875 0.0845276354181281 0.9890850629395611 0.09372296990702321 1.0541164288552525