0 0.9055188859375003 0.00700219375000012 0.8332950419329557 0.005592294886431322 0.8141116149861005 0.9882874874871268 0.8863354589906451 0.9896973863506956
0 0.831300503125 0.005706707812500093 0.7861776890625001 0.004919085937500093 0.7691414085427726 0.9809266634419369 0.8142642226052728 0.981714285316937
0 0.7828098343074327 0.023962343501929044 0.7099564653896805 0.022849352957203424 0.6950385621848459 0.9993351917736218 0.7678919311025981 1.0004481823183475
0 0.7089786087845931 0.0029204669955305287 0.6416847855986231 0.002425983100874958 0.6343621611999557 0.9989546807330555 0.7016559843859256 0.999449164627711
0 0.6424074875188897 0.11128002673193922 0.5870214724279514 0.11109773392044346 0.5841005922532257 0.9985485999682405 0.639486607344164 0.9987308927797361
0 0.5878140892972337 0.042637882973840274 0.539997423843022 0.04260686197154809 0.5393775626578734 0.9980787271011013 0.5871942281120852 0.9981097481033936
0 0.5399280025515741 0.1349913736195218 0.4873786355181209 0.1349536238556594 0.48675900423521473 0.9975082037879822 0.539308371268668 0.9975459535518446
0 0.4934152312783719 0.013338636279022691 0.40706548664089504 0.012753907093207947 0.4004047475500232 0.9963769817516853 0.4867544921875001 0.9969617109375001
0 0.40832000961343623 0.9960245909766924 0.4047512060321818 0.05455408176793436 0.3520586694426216 0.05475382176132433 0.3556274730238761 0.9962243309700825
0 0.36074854808871015 0.9954076176122287 0.35233537207508314 0.06521221800239486 0.29198703132916354 0.06575804010927555 0.3004002073427906 0.9959534397191094
0 0.2986616136849842 0.9946795689000467 0.29262880063379393 -0.00036923368804480625 0.23172760312500001 -1.7347234759768072e-19 0.2377604161761903 0.9950488025880915
0 0.24339669525322155 0.9939849468485098 0.22756066895402807 -0.0009412105171237431 0.1653333420656021 0.00004924850120466978 0.18116936836479564 0.9949754058668383
0 0.18673035210527364 0.9933297630800343 0.17253820687144644 0.18026155304516095 0.13719017418437868 0.18087855467852135 0.1513823194182059 0.9939467647133947
0 0.1485075890625001 0.9930266390625 0.14562224691264464 0.06576796199441078 0.0846999150981555 0.06595753344431905 0.08758525724801096 0.9932162105124084
0 0.09713837278204288 0.9923843423387684 0.08327227966476189 0.0681725881134249 0.029853925755339017 0.06897403200990594 0.04372001887262 0.9931857862352494
0 0.04625396530418284 0.9918147914189145 0.03033804308745568 0.075223556174819 -0.00600611527872181 0.07585464534013756 0.009909806938005354 0.9924458805842331
0 0.009638346875000078 0.410011175 5.5454930335571926e-17 0.410011175 9.105375166821308e-17 0.9913840468749999 0.009638346875000115 0.9913840468749999