0 0.9700632999786402 0.6442686969602639 0.9599332904669842 0.5673397764710754 0.021924470826607013 0.6908568907702362 0.032054480338262914 0.7677858112594247
0 0.9730890043450946 0.7140999634210241 0.9651180717103497 0.6457408661917421 0.031067179823723035 0.7546547787274756 0.039038112458467965 0.8230138759567576
0 0.8937955412581985 0.37002938806148916 0.8859179085372133 0.3139771191621322 -0.007877632567829362 0.43959189156540235 1.531556881317897e-10 0.49564416046475934
0 1.0053062572723952 0.758703413856031 0.9993503180615599 0.7079032262240867 0.04021589189435863 0.8203545104331054 0.046171831105193926 0.8711546980650496
0 0.9378067685373062 0.10464151753212556 0.9294809234023788 0.04895034608397637 -0.007619360596076569 0.1890470910003883 0.0007064845388507213 0.24473826244853752
0 0.9343153710493144 0.16427523169511601 0.9268752640625 0.11133612031250002 -0.007440106986814571 0.24264558392988408 5.551115123125783e-18 0.2955846953125001
0 0.9315094295261137 0.9466112013317659 0.9262639581953005 0.9076503918600863 0.24120377176367241 0.999883166705812 0.24644924309448563 1.0388439761774915
0 1.0017055166835385 0.9165444592314469 0.9979928459460389 0.8811296586138259 0.06252170549176841 0.9791987220666843 0.06623437622926784 1.0146135226843052
0 1.0079624599565973 0.8804384894278531 0.999767080209284 0.8056908093146744 0.05279344250356107 0.9095175576490997 0.06098882225087443 0.9842652377622784
0 0.9843107583613714 0.8083948042133222 0.9788141601826068 0.7600196198007186 0.0466169962073882 0.8659399030197458 0.05211359438615273 0.9143150874323493
0 1.0050513418739775 0.7571975430760521 0.9982981186683022 0.6987023109158013 0.03891777009642246 0.8094619300125373 0.04567099330209782 0.8679571621727883
0 0.9004247890537009 0.5756762380354316 0.8921255157172435 0.5140226882806098 0.013675840624999991 0.6322720671875001 0.021975113961457394 0.6939256169423218
0 0.9750178144565759 0.5023429271595223 0.96710042211439 0.4427814376924514 0.005077741380630618 0.5706612317271798 0.012995133722816599 0.6302227211942508
0 0.9500651978283479 0.44508327193849706 0.9429534522094716 0.3944805728092728 -0.00109694961109843 0.5271582051229309 0.006014796007777901 0.5777609042521552
0 0.8047565318464326 0.4139159949855654 0.8007234861587614 0.3847029828704433 -0.003996916884309698 0.49579985088542833 0.00003612880336147928 0.5250128630005504
0 0.9729412852441991 0.3009531210618183 0.9652824153707662 0.24645743091963795 -0.007320155496479697 0.38314780972580986 0.0003387143769530643 0.4376434998679902
0 0.9585560614389836 0.24515516683342664 0.9515321765244169 0.19708537436729118 -0.006328061849628553 0.3370464545678875 0.000695823064938228 0.3851162470340229
0 0.9380785925590625 0.19853625365859834 0.9331385779222472 0.165115912321932 -0.004538462378117647 0.30371827598502305 0.0004015522586974407 0.33713861732168937
0 0.8079388582289999 0.06908868899580858 0.8029873966224124 0.03567091098043327 -0.004951461606587682 0.15538198917212465 0 0.18879976718749997
0 0.9365746281161866 0.015508472996811217 0.9291732622775039 -0.034086917909967276 -0.0074013658386827275 0.10568275284322151 -2.7755575615628915e-18 0.15527814375
0 0.65603249375 2.2204460492503132e-17 0.6497951469566614 -0.038881938624716936 -0.006237346793338429 0.0663572113752831 1.1102230246251566e-17 0.10523915000000006