0 0.9221966730143268 0.11733154574074614 0.9193013398110095 0.062027083625901036 0.021227652817477828 0.10904358944740952 0.024122986020795184 0.16434805156225463
0 0.9112398082059456 0.18009464088068533 0.9077405983457604 0.11193649756349558 0.021254906896737064 0.15744829294788015 0.024754116756922247 0.2256064362650699
0 0.9551456372024688 0.24552096276149515 0.952404384262322 0.17939495929032773 0.0148084803481572 0.2182629899190806 0.017549733288304056 0.28438899339024803
0 0.9386180685451567 0.3117270319744764 0.9360546307049662 0.24695665502052008 0.03398739640339081 0.2826580572903964 0.036550834243581395 0.3474284342443527
0 0.9982006262518517 0.3499877376983402 0.9967989142010811 0.31242939785958995 0.04521303960355337 0.34794346460197373 0.04661475165432404 0.38550180444072396
0 0.9988230627782343 0.42274529119597937 0.9960738003689661 0.34989542531693296 0.035267786168236205 0.3861550371304479 0.038017048577504375 0.4590049030094943
0 0.9998504539310931 0.46781660983756224 0.99871431831947 0.42387295132267494 0.04744711007705993 0.4484673658065626 0.048583245688683094 0.4924110243214499
0 1.0001927781816167 0.5205527251492298 0.9992384302395496 0.4717486142572314 0.05522544154753976 0.4902084701295467 0.0561797894896068 0.5390125810215451
0 1.0009182884465937 0.5850303768957635 0.9999596636592685 0.5225378684832643 0.05615744832264793 0.5370156390342902 0.05711607310997323 0.5995081474467894
0 1.0010955828792527 0.6612162963984424 0.9999639856614149 0.5870063549202695 0.057286411204122034 0.6013808618842408 0.05841800842195978 0.6755908033624136
0 0.9655275034106701 0.726327879672333 0.9650013828747624 0.6658464019959155 0.0552446349540753 0.6737602580416039 0.055770755489983004 0.7342417357180214
0 1.000138588905247 0.7863449306758962 1 0.7305280718749999 0.06329446979158351 0.7328538386193018 0.06343305869683065 0.788670697420198
0 1.0000836074811463 0.8379105998666555 0.9999984321415715 0.7873182486738549 0.06758299608573924 0.7888880274945347 0.06766817142531405 0.8394803786873354
0 0.8918623760737058 0.869058983772125 0.8917742504872329 0.8369955691811152 0.06869066619878905 0.8392577962242065 0.06877879178526194 0.8713212108152163
0 0.9831792900393225 0.8668130442253759 0.07244814475503938 0.8648700193261638 0.07231870418784801 0.9255411697845288 0.9830498494721311 0.9274841946837409
0 1.0000152401977147 0.9269677342959856 0.07348804162864003 0.926708860707607 0.07347278143324161 0.9813261979983186 0.9999999800023163 0.981585071586697
0 1 0.9785669046875001 0.07103718593750011 0.9785669046875001 0.07103718593750012 1 1 1