0 0.9548297140625003 0.052091154687500155 0.8831488938256438 0.04313953182766016 0.7636800687278484 0.9997954935262735 0.8353608889647051 1.0087471163861135
0 0.8811533234375 0.043044831250000117 0.8363600249999997 0.037544904687500116 0.7182002732808528 0.9998786671315653 0.762993571718353 1.0053785936940653
0 0.8310200569620149 0.0561318052759288 0.7586821262311493 0.04740966117081152 0.6439324245580759 0.9990972131047735 0.7162703552889415 1.007819357209891
0 0.7597927623376617 0.027487734289401333 0.6929192684781371 0.01996183926911258 0.5826956698580462 0.9993851670758478 0.6495691637175707 1.0069110620961366
0 0.682259666330585 0.12829511095651475 0.6271961154181892 0.12232440161800617 0.5320610608925129 0.9996864739336342 0.5871246118049087 1.0056571832721428
0 0.6351403947826096 0.05432243197846687 0.5875889161228727 0.04929337823328035 0.4871411833860681 0.9990621541635081 0.534692662045805 1.0040912079086948
0 0.5778630640400799 0.1411645412150932 0.5256055144003965 0.1356340936491601 0.4348277714906154 0.9933987410364136 0.4870853211302989 0.9989291886023466
0 0.5443212673373969 0.015316321461480608 0.4585056760301442 0.005708789450586294 0.3490648180677475 0.9832472383016058 0.4348804093750001 0.9928547703125
0 0.45183476562508973 0.04703807050996453 0.3994100075689823 0.04172884664116474 0.30454879571751287 0.9784149241387132 0.3569735537736202 0.9837241480075131
0 0.39859199269851453 0.05215887419621627 0.3385171925584072 0.04639358701896925 0.24965238634361397 0.972372694167676 0.30972718648372133 0.9781379813449231
0 0.3441117101155635 0.00045673713740346786 0.2835588569979638 -0.005536683321766389 0.18750361814061098 0.964930649869617 0.24805647125821068 0.9709240703287868
0 0.27904066250000015 5.2735593669694933e-17 0.217050691945797 -0.005519493612596035 0.13117693799063318 0.9589370041558078 0.19316690854483634 0.9644564977684039
0 0.21106337631110694 0.1484083351818028 0.1741839853917032 0.1448052340546614 0.09514031845559641 0.9538533816853588 0.13201970937500013 0.9574564828125002
0 0.19295317234722723 0.03110416808577064 0.13234476479581364 0.02492458346874436 0.03828937682358652 0.9474052419454736 0.09889778437500009 0.9535848265624999
0 0.13069341265196546 0.0269782754795787 0.07748391676535402 0.022191590667984273 -0.005332382757304244 0.9427898172571808 0.04787711312930719 0.9475765020687753
0 0.07731213038428819 0.02845748365170588 0.04155287647214115 0.025325683024499196 -0.035759253912146925 0.9080843353102933 1.1102230246251565e-16 0.9112161359375002