0 1.0169519610161513 0.9767131005765144 0.985197125914224 0.06737363237342542 0.942680853960573 0.06885833335941115 0.9744356890625001 0.9781978015625
0 0.9734538782575098 0.9790622325750089 0.9630154360007344 0.20806363779900616 0.9310056026266293 0.20849701446089447 0.9414440448834048 0.9794956092368972
0 0.9432470345937818 0.9809828338924037 0.9316253695955297 0.11725644338808214 0.8720303537845491 0.11805830994783417 0.8836520187828011 0.9817847004521557
0 0.8847270582666427 0.9832373969051554 0.8720202665327502 0.030196578325989328 0.8137832868433881 0.03097304577386515 0.8264900785772806 0.9840138643530313
0 0.8341683426566563 0.984857543629271 0.8201391291373493 0.038470676579054355 0.7697324279313158 0.03921790416498601 0.7837616414506228 0.9856047712152026
0 0.7940157373478844 0.986166292524327 0.771894980115133 0.05461412488432693 0.7343429490371765 0.055505840229884716 0.7564637062699278 0.9870580078698848
0 0.7553937672158788 0.9881295385049039 0.7368061959160419 0.053244001603613964 0.6815719692080219 0.05434217895966722 0.7001595405078589 0.9892277158609571
0 0.7030066373198615 0.9901011910425442 0.6805801982241022 0.05139565470608463 0.6231264054859611 0.05276827256523877 0.6455528445817202 0.9914738089016983
0 0.6510009542193111 0.9917330867509477 0.6275905139977503 0.17174209666356016 0.5953294970763515 0.17266313679358 0.6187399372979124 0.9926541268809675
0 0.6206059969466271 0.9933732261430412 0.5944974794092032 -0.0014377608988644292 0.5390411256942128 0.00001767455811089169 0.5651496432316367 0.9948286616000166
0 0.5663033513508424 0.9953132163505799 0.5342677668505142 -0.001381947215590748 0.4714019219408764 0.0006386746961092648 0.5034375064412046 0.99733383826228
0 0.5088735236043876 0.9973028762236019 0.47299198255865954 0.0666397462707996 0.4109764202241843 0.06903074455338036 0.44685796126991245 0.9996938745061827
0 0.4494306501891841 0.9995893616177881 0.41093446785752674 0.05479828267516677 0.3585812206349276 0.056931452849668295 0.397077402966585 1.0017225317922898
0 0.39489696763229226 0.9999547474820991 0.3611480480021354 0.017892193338133106 0.2784677370625389 0.02073353084471292 0.31221665669269577 1.002796084988679
0 0.31626489094206234 0.9998455172145496 0.28118702660876926 0.13894873648204184 0.22880980802221962 0.14108288427868124 0.2638876723555127 1.0019796650111892
0 0.25971816258105834 0.9999490409174039 0.22421873899290903 0.05171360068776708 0.17079836335586157 0.05371351807381029 0.20629778694401088 1.001948958303447
0 0.21132714375 1 0.17351749985383047 0.12170905141262453 0.11913990886238932 0.12404995832351184 0.15694955275855882 1.0023409069108873
0 0.15682917343750005 1 0.11464368308562886 0.012649717594131877 0.05026999531250002 0.015400145312499999 0.09245548566437119 1.002750427718368
0 0.1013149765755319 0.9997255534525568 0.049026994066158056 0.0404126166877308 -0.017788634653266428 0.04405444647230145 0.03449934785610741 1.0033673832371275