0 0.9444032187499998 0.029854751562500094 0.03609621227280547 -0.03366026247865097 0.033477401562499995 0.003790475000000004 0.9417844080396943 0.06730548904115106
0 0.8767603746063791 0.038176478012641575 0.03168700932525743 0.0037782866786595704 0.02890286408928986 0.07217743479509495 0.8739762293704116 0.10657562612907696
0 0.9597859610977185 0.889676968403103 1.0253637938717474e-10 0.8225621954086628 -0.00559479614215117 0.9025715085702306 0.9541911648530311 0.9696862815646707
0 0.9695935312499999 0.3309798390625001 0.01526452971069453 0.26424665699284794 0.010622018613399207 0.330637661328483 0.9649510201527047 0.39737084339813517
0 0.9240063734374999 0.4800410703125001 0.0046700485006412554 0.41575481159703875 0.0008609089482099041 0.47022804471523305 0.9201972338850686 0.5345143034306945
0 0.878801152164366 0.26164002315521695 0.01788075731780061 0.21412118974114974 0.01437132336897474 0.27770320646668434 0.8752917182155404 0.3252220398807516
0 0.9331279235889461 0.5405513197614324 0.0005037343750000534 0.4753358843749999 -0.003305514052903369 0.5298106755887225 0.9293186751610426 0.595026110975155
0 0.9392031621458493 0.17604262390937248 0.023511768110718513 0.1313573138783111 0.02066506344318734 0.18969198725544525 0.936356457478318 0.23437729728650664
0 0.9254799657159491 0.8226266590569518 0.00025214287063132226 0.7525204602317996 -0.00416185838790174 0.8107743214153821 0.9210659644574161 0.8808805202405342
0 0.9884018812500001 0.6333706390625 0.00023804386510595243 0.5642714937438916 -0.003571204526564964 0.6187462848706075 0.9845926328583292 0.6878454301892158
0 0.7839808799031641 0.2229416618422763 0.02078358003141214 0.17941039150975918 0.018793777595221228 0.2142959309157794 0.7819910774669732 0.2578272012482965
0 0.932089075 0.4412604234375001 0.0074079901329894395 0.3766004234030953 0.004908201522170958 0.412349066201733 0.9295892863891817 0.4770090662361378
0 0.8307559724747675 0.9627668337950098 1.1102230246251565e-16 0.9046747187499999 -0.00392827033781854 0.960851603377282 0.8268277021369489 1.018943718422292
0 0.5387651636023559 0.9928124031218172 1.1102230246251565e-16 0.9551382687499999 -0.0007737519656420222 0.9662034361734266 0.5379914116367137 1.0038775705452438
0 0.9151552475073652 0.7552342233521246 0.00030914676193892764 0.6859081052428488 -0.004766889718587986 0.7528928479069599 0.9100792110268383 0.8222189660162357
0 0.9839109185241345 0.6926412143334473 0.0004237462327698449 0.6181081844643829 -0.0045650093954806405 0.683936410885608 0.9789221628958839 0.7584694407546724
0 0.8061006407100934 0.5846401913058497 6.106226635438361e-17 0.533323025 -0.0022540038546420395 0.5687293827977202 0.8038466368554513 0.6200465491035698
0 0.9579621649675663 0.3882449826655522 0.0097660473814385 0.3346657321727829 0.006835292932743123 0.3865315191013675 0.9550314105188707 0.4401107695941368
0 0.9632934946595105 0.1161579804437726 0.027113961117299357 0.07433246909836316 0.023997532461984772 0.1440874256069872 0.960177066004196 0.18591293695239663