0 0.5551048700961891 0.9970033635722644 0.45223405287478824 0.0048686395492792914 0.3671521738590891 0.013690468090454872 0.47002299108048995 1.00582519211344
0 0.18344309581582438 0.9992296569681347 0.0670685857497379 0.13316113428991833 -0.004758654401484014 0.14281263375343511 0.11161585566460246 1.0088811564316515
0 0.30595978323579764 0.9992206412778655 0.18255865530359053 0.029705103142103884 0.09911591349187895 0.040325797759459533 0.22251704142408607 1.0098413358952212
0 0.6217519011134252 0.9901973885631807 0.5284432793733439 0.068668076408912 0.4615700264360383 0.07543926749372824 0.5548786481761196 0.996968579647997
0 0.47397038497971933 0.9998474771227801 0.368215967914651 0.021234566913136004 0.2936344702444512 0.02929426317062974 0.3993888873095195 1.0079071733802738
0 0.22508513341831016 0.9997398199965556 0.10136311496672583 0.04195996855250493 0.058853497571562795 0.04745118415889356 0.1825755160231471 1.0052310356029444
0 0.35275523040802953 0.9995068158566663 0.23591513253097637 0.03572919108418064 0.184896091931288 0.04191430012182627 0.30173618980834116 1.005691924894312
0 0.6838000080010008 0.9837607601843346 0.5856371074655443 -0.005485840388742358 0.5303485275895434 4.431769231372229e-7 0.6285114281249999 0.98924704375
0 0.8409285589608192 0.9673172606829408 0.7473672542266435 0.024393525237752033 0.6799881297447538 0.031079197218843547 0.7735494344789295 0.9740029326640322
0 0.9030848128191995 0.9607437241806112 0.8071596293376004 -0.0059999216443390345 0.7466908288678671 9.791102266731855e-8 0.8426160123494663 0.9667437437359728
0 0.40638536730317193 0.9997843304335408 0.29331328591135514 0.020090990574032064 0.23548597682090877 0.026765175172533427 0.3485580582127255 1.0064585150320422
0 0.9491452938282455 0.9565135209590544 0.8691179285268245 -0.003949957780818159 0.8177166051335114 0.00033288334248002813 0.8977439704349324 0.9607963620823525
0 1.0438019160669227 0.9458978790869754 0.9495961759145354 -0.0035142613915873032 0.8986300915345407 0.001542865536730953 0.992835831686928 0.9509550060152936
0 0.7442360425770664 0.9774187343922819 0.6466836342513849 -0.005657367545144598 0.5896653369868184 6.605625736733068e-7 0.6872177453125001 0.9830767625000002
0 0.7752938078532485 0.9740228519592901 0.692002146875 0.1345674953125 0.6574493544803949 0.13799586043900214 0.7407410154586435 0.9774512170857921
0 0.9878973345222091 0.9521731556953753 0.9077128058539621 -0.002972251719228791 0.8705987086547159 0.00014347952730933144 0.9507832373229629 0.9552888869419135
0 0.11163227377815003 0.9997955196609812 0.001417432759805584 0.17589808331464113 -0.05935665898563743 0.18402798706754292 0.05085818203270701 1.007925423413883