0 0.9409302704020364 0.9181897254298782 0.8291012888834173 -0.00842207044878982 0.7592883380721294 0.000003368576225637465 0.8711173195907485 0.9266151644548936
0 0.8702738316808347 0.9198104248775818 0.7566788872364485 -0.00534610355013263 0.7131383703124999 0 0.8267333147568863 0.9251565284277143
0 0.8283765968342836 0.9459073306568875 0.7103642288487502 0.0017952201499118249 0.6399863871217393 0.01059232767928745 0.7579987551072727 0.9547044381862632
0 0.7657563035677898 0.9640366986112475 0.6363739717934026 -0.0082746172994288 0.5714427025349191 0.00036557734220687976 0.7008250343093063 0.9726768932528833
0 0.7066045408659691 0.9777261637899073 0.586729645510938 0.10402870381400142 0.5333193334952023 0.11135681893058016 0.6531942288502335 0.9850542789064862
0 0.6562064769608964 0.9844873906974559 0.5247716030034355 0.04499935492512529 0.478677589789781 0.05144793179491989 0.6101124637472419 0.9909359675672504
0 0.6094540800120865 0.9867269438803076 0.4910811002828904 0.14016289585416017 0.44042582554392495 0.14724589899353657 0.558798805273121 0.9938099470196841
0 0.5590333191650415 0.9963691668401777 0.4297653711143762 0.02918535252484623 0.34645236094675047 0.04032046635831857 0.47572030899741574 1.00750428067365
0 0.48259463339383757 0.999728199076861 0.3497875527622486 0.08022035117866433 0.2990275992442794 0.08755175270517201 0.43183467987586843 1.0070596006033685
0 0.4358008080217031 0.9993584063329356 0.3006980934035375 0.09750501737159321 0.24260739981423535 0.1062073302907757 0.377710114432401 1.0080607192521183
0 0.3746930533804433 0.999254544227553 0.2322803998235047 0.028845959457738067 0.17360481552001555 0.0374569154929692 0.31601746907695416 1.007865500262784
0 0.3202595975418726 0.999224388707036 0.16901996493848861 0.034956455368824677 0.10918044566043099 0.04434192448781308 0.26042007826381497 1.0086098578260245
0 0.25988585156250005 1.0000000000000002 0.14607923772003625 0.23130583007653013 0.11040385868018265 0.23658763686644807 0.22421047252264642 1.005281806789918
0 0.2271562703125 1 0.10133018205391797 0.12463007226736758 0.04263723093246653 0.13306662487672344 0.16846331919104854 1.0084365526093557
0 0.17633012214435814 0.9998097806232934 0.04151962505721489 0.13512280581505248 -0.00980018766143991 0.14312390871654496 0.12501030942570335 1.0078108835247859
0 0.12618157343750006 1 5.551115123125783e-18 0.20303747812500003 -0.03491989472267463 0.20856627921593768 0.0912616787148254 1.0055288010909378
0 0.08912205 1 0.017509835475722924 0.41676530944043255 -0.013451483935627406 0.420566881403707 0.058160730588649664 1.0038015719632745