0 0.9795209754259456 0.4563808362487409 0.972472986785708 0.379721592119571 0.004661621352242945 0.4687013829713364 0.01170960999248059 0.5453606271005063
0 0.8647061151462093 0.10873090933829566 0.8567726805378534 0.043990677411829916 -0.0073257204155527415 0.14987951894293952 0.0006077141928032381 0.21461975086940527
0 0.9722820603866522 0.21216797905727494 0.9636397838316851 0.13700026906717394 -0.007953545016105356 0.24870752006590008 0.0006887315388617088 0.3238752300560011
0 0.9179135462597895 0.5246073391039101 0.9125203379534372 0.46435639085810526 0.017559383850354555 0.5444665134712504 0.02295259215670683 0.6047174617170553
0 0.9622781690678941 0.38091241235097734 0.9558060342460528 0.31371044865945774 -0.0009139702498242641 0.40585092366512165 0.005558164572017105 0.47305288735664125
0 0.946420550738455 0.14054818733989066 0.9418556277342983 0.10165215481624017 -0.004428150651478846 0.21271007790356533 0.00013677235267798294 0.2516061104272158
0 0.9506228238617374 0.26221454412766604 0.945630759173467 0.21607531108809006 -0.004642805806251954 0.3188907849357617 0.0003492588820185161 0.36503001797533763
0 1.0043577871195 0.575078017282241 0.9999999998696731 0.5252682813228537 0.025016704700561526 0.610568267171934 0.02937449195038842 0.6603780031313213
0 0.9554642734375 0.722086278125 0.9501532204117575 0.6613806638323333 0.039569004266764865 0.7410464593720112 0.044880057292507276 0.8017520736646778
0 1.00476632966453 0.7742377723433035 0.9999999997327367 0.7197583735076669 0.046572792293253465 0.8031724480703284 0.05133912222504659 0.857651846905965
0 0.9846433715189585 0.3115203099567853 0.9792405325531514 0.2593056782915028 -0.003679608226747322 0.3610120212745422 0.0017232307390598334 0.41322665293982475
0 1.0031964041609722 0.830265992408922 0.9998803885583925 0.7839638964389536 0.05142055871297555 0.8518897112061186 0.05473657431555534 0.8981918071760869
0 1.0036218071109797 0.9208418923224283 0.9997898914626895 0.867401130401448 0.06144489938306698 0.9346842066412921 0.06527681503135721 0.9881249685622725
0 0.999204435581334 0.6304252750962711 0.9947104675816272 0.5790589843405184 0.03587307004004958 0.6629463843858774 0.040367038039756456 0.7143126751416302
0 0.8568961484375001 0.67110806875 0.8541725312259164 0.6399769824686551 0.036981568750000006 0.7114719296875001 0.03970518596158371 0.7426030159688449
0 1.002330259335697 0.8649446773427764 0.9999151028610498 0.831512920817852 0.05041887750288869 0.9001058454707147 0.05283403397753604 0.9335376019956391
0 1.0025874360226887 0.9563707458649162 0.9986381913736693 0.9112306735684866 0.07112956333769731 0.9923771649195876 0.07507880798671662 1.0375172372160173
0 0.645039185245315 0.007624717357207722 0.6404112830137673 -0.03231893724195547 -0.004627902231547758 0.04241579383833681 0 0.08235944843750001
0 0.8762865996100688 0.04300098598317115 0.867988425311611 -0.024852215605125193 -0.007646417352872213 0.08223441223478742 0.0006517569455854772 0.15008761382308375