0 0.09873653192471202 0.0704669801442653 0.023067035675296083 0.06955409998299535 0.012042033289119727 0.9834269302896524 0.08771152953853567 0.9843398104509224
0 0.15442307083065232 0.13307779646913093 0.0919462909296987 0.13249854668893224 0.0840361896799834 0.9856670271382919 0.146512969580937 0.9862462769184906
0 0.9417546076101676 0.02762925866961886 0.8683618430852749 0.025066325725311655 0.8343240109456012 0.9997818775752908 0.9077167754704941 1.002344810519598
0 0.4175998912319511 0.03903096707161012 0.3566995117879356 0.03690427966263422 0.3233814094970687 0.9910102114062302 0.3842817889410842 0.9931368988152061
0 0.5445562322317032 0.07473342954007096 0.4945866900942658 0.07298845466896642 0.4623591859375001 0.9958634218750001 0.5123287280749376 0.9976083967461046
0 0.3545576417569863 0.12366592553332537 0.29633325513799036 0.1223633419010591 0.27688575023668355 0.991650362020058 0.3351101368556795 0.9929529456523241
0 0.5996466622271321 0.06414960942003503 0.5496771200357159 0.0624046345321817 0.5170133718710839 0.9977719876121469 0.5669829140625001 0.9995169625000002
0 0.26938940256708455 0.07106179193633182 0.21681094299852854 0.07004994868571632 0.19912660404093244 0.9889821057298107 0.25170506360948847 0.9899939489804263
0 0.8615308044656919 0.06080013732293092 0.8080932111795504 0.058623831726919026 0.7697605564749989 0.9998541513261756 0.8231981497611404 1.0020304569221876
0 0.682864793755131 0.009207912353076933 0.6328952515624999 0.007462937500000081 0.5982389023093532 0.9998909390807235 0.6482084445019842 1.0016359139338005
0 0.2957624657326585 0.21109749814611956 0.26396546412208816 0.2103626110544285 0.24597782218118347 0.9886496244365578 0.27777482379175383 0.9893845115282488
0 0.4916271881139521 0.0681947493220353 0.45883467343750006 0.06704960937500005 0.42638904474364514 0.9961707686573839 0.45918155942009725 0.9973159086044191
0 0.9924825992266143 0.1419692922340353 0.9393899609414114 0.1401152562738601 0.909362121155764 0.9999999998657563 0.9624547594409669 1.0018540358259316
0 1.0124930763229916 0.12299049127230215 0.9861419510943545 0.12207028971018268 0.9554839703125001 1.0000000000000004 0.9818350955411372 1.00092020156212
0 0.808307680784831 0.0730683117298874 0.7475179054770307 0.07035614034201144 0.7060583443933066 0.9996179907936595 0.7668481197011068 1.0023301621815355
0 0.7478372753893107 0.008370597788152481 0.6874648332721899 0.005843955593424479 0.6458747373487754 0.9996117569944257 0.7062471794658962 1.0021383991891537
0 0.626504976092664 0.1776498862882799 0.594010931883434 0.176721905319787 0.5705011454635065 0.9999371060790736 0.6029951896727364 1.0008650870475664
0 0.45714155489145086 0.04666411546199469 0.4100358400143123 0.045247809834283184 0.3814392855157217 0.9963568899102917 0.42854500039286025 0.9977731955380034
0 0.2243491248796893 0.05199419885791305 0.16233015122883138 0.050513052597526996 0.13993243889121493 0.9883563760138625 0.20195141254207286 0.9898375222742484
0 0.02605467968909462 0.07666335466537842 0.003304726694034546 0.07648827768475094 -0.0036728538824674015 0.9831730375300127 0.01907709911259267 0.9833481145106402