0 0.8872383335584244 0.0819908509033573 0.8795339165827937 0.027149183686527835 -0.007259968722447363 0.1517301858799608 0.00044444825318350477 0.20657185309679024
0 0.8817933274568551 0.14547006699405166 0.8723670595593678 0.0778762611826456 -0.005485947221652837 0.20029691078507236 0.003940320675834441 0.26789071659647845
0 0.9312343613291002 0.2068207761080457 0.9227402786404293 0.14118531715830943 -0.005976180721696339 0.261373315023803 0.002517901966974595 0.3270087739735393
0 0.9205399229677935 0.27421538450951155 0.9123411294432309 0.20991489625289708 0.016818116581551933 0.32410078314142965 0.02501691010611461 0.3884012713980441
0 0.9832303938870511 0.30713753469659266 0.978560590596226 0.2698442817166482 0.03369104126126541 0.38815938105265135 0.0383608445520905 0.4254526340325958
0 0.9901916989890506 0.3795639740349889 0.9811036147073077 0.3072309404690542 0.027113989181833435 0.4270923328822572 0.03620207346357636 0.4994253664481919
0 0.9951434058015447 0.4243742392063356 0.9901816513405756 0.3806968203023239 0.04467784518219568 0.4881060456134554 0.04963959964316486 0.5317834645174672
0 1.0003232106739697 0.4768538361880544 0.9951189358140397 0.4283186178076339 0.05606455474144144 0.5290103890739739 0.06126882960137133 0.5775456074543943
0 1.0061480471040785 0.541077218453014 0.9997464891142634 0.47890606267284885 0.06107252914253166 0.5755582112919921 0.06747408713234676 0.6377293670721572
0 1.0075495019012792 0.6175148378350626 0.9999543881101485 0.5436859118243971 0.06780699568437924 0.6395801080173226 0.07540210947551022 0.7134090340279882
0 0.9834818057106448 0.6848932391191115 0.9776863792557104 0.624687766600359 0.07208126861653504 0.7118620316023866 0.07787669507146937 0.7720675041211391
0 1.0049937428960165 0.7433030355461842 0.9999999999999998 0.6878115359375 0.08525989340685673 0.770130034107735 0.09025363630287342 0.8256215337164191
0 1.0044190692479584 0.7951097977740423 0.9999248040926256 0.7447173894373361 0.09440672411827686 0.8254763467620327 0.09890098927360985 0.875868755098739
0 0.9225368314171772 0.8335015478721228 0.9196545303970083 0.801567823831251 0.09990019306646793 0.8755579027757403 0.10278249408663676 0.907491626816612
0 1.0051177573689754 0.8848976965142255 1.0000000000000002 0.8244569781249999 0.10583277066325496 0.9001696938072467 0.11095052803223007 0.9606104121964723
0 1.0046395520094988 0.939200149512405 1 0.884861690625 0.11217898494022778 0.9606660446467256 0.11681853694972662 1.0150045035341306
0 1.0007960348058917 0.9491877277364015 0.998134148998252 0.9241133218987567 0.28329756249999993 1 0.28595944830763964 1.0250744058376449