0 0.0353119084583181 0.05665684176984932 0.018236480363414367 0.05593917697083091 -0.014791466725559716 0.8417744811566145 0.002283961369344023 0.842492145955633
0 0.08515753934582952 0.07405200545477161 0.03523346754580413 0.07161281320710838 -0.008330007737525263 0.9632465374398368 0.04159406406250014 0.9656857296875
0 0.10468910418305447 0.21054894574737956 0.07344458062679322 0.20927575936240045 0.0424461711478984 0.969989623881036 0.07369069470415963 0.9712628102660151
0 0.16364822218213063 0.12454147715424305 0.10426819134962739 0.12226470547872452 0.07170716940202912 0.9714822655776609 0.13108720023453233 0.9737590372531795
0 0.22446461603063836 0.04199617072802484 0.16917417550604882 0.039210249761199197 0.12198408112063855 0.975762699753796 0.17727452164522806 0.9785486207206218
0 0.26689804397591843 0.051520701542863964 0.21888869264530234 0.04892714646472342 0.16884833316870418 0.9752252687103985 0.21685768449932025 0.977818823788539
0 0.29874822008062607 0.06778034951484714 0.2622432589462233 0.06593217775773728 0.21587181884148401 0.9818576658827978 0.25237677997588676 0.9837058376399075
0 0.3518113303708944 0.068329072941999 0.29852244636048947 0.06549514708525662 0.2496597118753756 0.9843055613427405 0.30294859588578055 0.9871394871994829
0 0.40857154637431164 0.06868135819674578 0.3534743451163985 0.06531114009203771 0.29707030912767457 0.9874189758691839 0.3521675103855876 0.9907891939738919
0 0.43390782095599745 0.18554258903590276 0.4007381891706725 0.18342322743346168 0.34914652133967516 0.990872330585059 0.3823161531250001 0.9929916921874999
0 0.4917188665450266 0.00021218478314979916 0.43788118444813795 -0.0027234446826350732 0.38354612949390304 0.9937488449702337 0.4373838115907917 0.9966844744360186
0 0.5581924851211739 0.0028384625506876816 0.4976933201791147 -0.0012686131765204888 0.4299630154587105 0.9964307595694206 0.4904621804007697 1.000537835296629
0 0.6108399260043819 0.0897986083764093 0.5515970962509458 0.08601781450431192 0.4933040146806592 0.9994363250341871 0.5525468444340953 1.0032171189062846
0 0.6625053099379166 0.07974546448598915 0.6131469247811386 0.07639965539443852 0.5505666274864316 0.9996030817041817 0.5999250126432095 1.0029488907957325
0 0.7430735394713361 0.04708282685430161 0.6631262208402782 0.04182212703167118 0.600094644617043 0.9997185434854684 0.680041963248101 1.0049792433080988
0 0.7877350374541126 0.16508836562241416 0.7370774872158503 0.1615460446989098 0.6784654160624828 0.9997377283826635 0.729122966300745 1.0032800493061678
0 0.8464317007836095 0.08218870935066443 0.79485257457307 0.07836349098334022 0.7265482294474886 0.999377169066525 0.7781273556580282 1.0032023874338492
0 0.8944225754041218 0.1516783758776774 0.8418500024416984 0.1477633801292302 0.7783956900110981 0.9998604664060899 0.8309682629735216 1.0037754621545372
0 0.9653463140625002 0.03305941093750011 0.9030337353593627 0.028244425524034677 0.8279756473119729 0.9996000200145755 0.8902882260151104 1.0044150054280407
0 1.0301669847463377 0.07818097258948693 0.9646990721359261 0.07250874219376739 0.8843963324836258 0.9993492220693329 0.9498642450940376 1.0050214524650523