0 0.21456958851426103 0.9997662121521179 0.07529627500171435 0.12011590917731771 0.020597421109750682 0.12877627182496257 0.15987073462229737 1.0084265747997627
0 0.27628580138097236 0.9981423228295798 0.13886085157616646 0.12445222203780726 0.07144185168395463 0.13505672890778447 0.20886680148876055 1.008746829699557
0 0.33533466979742316 0.9978255161102352 0.19933935132036343 0.0739480007233431 0.13386213133476774 0.08358628635821386 0.26985744981182747 1.0074638017451059
0 0.39670786640529765 0.976858412765395 0.2669103391387572 0.08346461118370962 0.20276273133990141 0.09278435445662514 0.33256025860644184 0.9861781560383104
0 0.4335207022906345 0.962869876754571 0.2987333746076766 0.020209119944989355 0.26152730043932176 0.02552906911493184 0.39631462812227963 0.9681898259245136
0 0.5075198446621721 0.9637373162008341 0.37102729203229323 0.011984858401736997 0.29886388427662575 0.022333944080821233 0.43535643690650466 0.9740864018799182
0 0.5396384968072226 0.9497371100448888 0.41574431479445517 0.0062518595016196835 0.3721601420571588 0.011975134377280133 0.4960543240699263 0.9554603849205492
0 0.5851907111394189 0.9373109918780695 0.46812498688694976 0.00015268951154513434 0.41968798667442647 0.00620322814112062 0.5367537109268956 0.943361530507645
0 0.6472099639211532 0.9297063324048578 0.5321615477870478 -0.007287474681121587 0.4701327618357123 0.00032870540934912815 0.5851811779698177 0.9373225124953285
0 0.7228009474347273 0.9204249275685734 0.6086799685570853 -0.009015663918132976 0.5350328580901023 0.000027066101392048127 0.6491538369677443 0.9294676575880985
0 0.7793931346660186 0.9173107810672729 0.6764271568411682 0.013364999635657893 0.6163319981253741 0.020210273884199124 0.7192979759502245 0.9241560553158141
0 0.8327230012194354 0.9040010775881289 0.7347973713928464 -0.005959531535457097 0.6794192343749998 1.1102230246251566e-17 0.777344864201589 0.9099606091235861
0 0.8828116514585865 0.89447810727783 0.7867110645684643 -0.00528372305633702 0.736404765678483 0.00008932643810709573 0.8325053525686054 0.899851156772274
0 0.9143619642544785 0.8900452973842959 0.8260764684280714 0.07170711899368153 0.7941979117400543 0.07514630129966507 0.8824834075664614 0.8934844796902797
0 0.9673301084589948 0.8809514592767211 0.8765952226102858 -0.0061689970930876355 0.8162805656250003 0 0.9070154514737091 0.8871204563698087
0 1.021613504274993 0.8741350331834304 0.9310101717011647 -0.005585560781660859 0.8767767046875001 1.1102230246251566e-17 0.9673800372613283 0.8797205939650914
0 1.0249926385869923 0.6746665077695011 0.9413214250005023 -0.0009511459586670102 0.91632878641351 0.002144043146831942 1 0.6777616968750001