0 0.9323005802991853 0.1103035480725996 0.9322560880262918 0.054163799590437635 0.028171277988406344 0.054880311316525564 0.028215770261299865 0.11102005979868752
0 0.9180398385496241 0.17213272939150082 0.9178568589188227 0.10290581528299869 0.028937589497689552 0.10525539451566493 0.029120569128490932 0.17448230862416705
0 0.9621146014339056 0.1718186225996867 0.01702562752324899 0.16995801996500076 0.016893726120936415 0.23695704417632477 0.9619827000315931 0.23881764681101067
0 0.9383583903122099 0.23901555808957192 0.03535287562026467 0.23454900528553863 0.03502558967592782 0.3007165903525878 0.9380311043678731 0.3051831431566211
0 1.000413215079078 0.3076655713437239 0.04084000613827278 0.296570707577961 0.04038757045448566 0.3357009907519325 0.9999607793952909 0.34679585451769535
0 1.0008254669206254 0.34664061442164246 0.29891386093750005 0.33858699218750005 0.29807564424719823 0.4116415763418623 0.9999872502303235 0.4196951985760048
0 1.000744458864196 0.42006116965071455 0.04426397013035118 0.4025612033597151 0.04344955623069262 0.44707391794578316 0.9999300449645376 0.4645738842367826
0 1.0009255068257195 0.46862176689686896 0.043114777519534984 0.44508660261856203 0.04191628897988291 0.4938614982876497 0.9997270182860675 0.5173966625659566
0 0.9992059727394322 0.5174983164795753 0.04482973123943841 0.49199606275647884 0.043060262358501245 0.5582152713949132 0.9974365038584949 0.5837175251180098
0 0.9973097061405166 0.585767480661247 0.043030443142066735 0.5524433141035985 0.04050840915948176 0.6246649171853973 0.9947876721579318 0.6579890837430458
0 0.9460700207605827 0.6601964567180352 0.036902322980359004 0.6284476212282869 0.034721104464177074 0.6909095473469025 0.9438888022444007 0.7226583828366506
0 0.9927376179025476 0.726375360920611 0.04187997117759307 0.6871748456650062 0.03954780642881373 0.7437444256906709 0.9904054531537684 0.7829449409462756
0 0.9908412927181187 0.7818472134872956 0.04339571797014997 0.7419626849442609 0.04117333775203131 0.7947546917694653 0.9886189125000001 0.8346392203125002
0 0.8673859292152161 0.8303390474000635 0.041754436249049495 0.7902296615759294 0.040206070882705086 0.8221019823009913 0.8658375638488716 0.8622113681251253
0 0.9568547576065732 0.8560900418044781 0.04411736322278095 0.8201842379351799 0.04142970409470341 0.8885054207301127 0.9541670984784958 0.9244112245994109
0 0.9861903867409307 0.9235941393835271 0.03872965242468199 0.8785118456869239 0.03603782599479522 0.935083941664919 0.983498560311044 0.9801662353615223
0 0.9839100686426482 0.976927778405613 0.03680518392595518 0.9331820206933165 0.03450915670163176 0.9828914945559211 0.9816140414183249 1.0266372522682174