0 0.35609880095297347 0.0428874453513808 0.27863556964485225 0.03568652304411318 0.19180755333507343 0.9697305835725064 0.2692707846431947 0.9769315058797741
0 0.2772107164538392 0.046068911346706244 0.2110572996913309 0.04074305809514102 0.13694172156540402 0.9613464800759732 0.20309513832791234 0.9666723333275385
0 0.11492903494837156 0.00789127849298812 0.04149052683512688 0.0028144407418380277 -0.023785299768830453 0.9470556311496894 0.049653208344414244 0.9521324689008395
0 0.21635876951258556 0.013453551570095687 0.16474053776252345 0.009221940920350193 0.0870125190178842 0.9573675093873544 0.13863075076794634 0.9615991200370999
0 0.6105953446504687 0.12041846625464392 0.5530995464340271 0.11437542249971928 0.46033065865991335 0.9970136208211319 0.517826456876355 1.0030566645760566
0 0.1646746761294076 0.030156498850034026 0.11562172643031629 0.026053680746640096 0.03817237734149417 0.9520316133141729 0.08722532704058546 0.9561344314175668
0 0.8690977924461268 0.07061406896751928 0.8152158989106288 0.06465906999637129 0.7118939655586333 0.999534363800298 0.7657758590941313 1.005489362771446
0 0.6729022938590472 0.03584300989998619 0.621622257430135 0.03045326089731189 0.5197187890625001 1 0.5709988254914125 1.0053897490026744
0 0.8098137813171409 0.06594480040016211 0.7583205326767646 0.060375304679805175 0.6567058431039376 0.9998626009107984 0.708199091744314 1.0054320966311552
0 0.959213631659827 0.04865505428995124 0.9063204491037004 0.04247621572475783 0.7945523710955195 0.9992530098841407 0.8474455536516461 1.005431848449334
0 1.0295248694501937 0.2303454482283644 0.9891224163287149 0.2260989792511976 0.9077821406250001 1.0000000000000002 0.948184593746479 1.004246468977167
0 0.88851281875 0.19676197812500013 0.8574340085102463 0.19349546348395036 0.7726669644904289 0.9999999997165266 0.8037457747301826 1.0032665143575765
0 0.033108895312500095 0.1681285640625 0.02092089581133252 0.16731146287762594 -0.011230116124826883 0.6468806088951279 0.0009578833763406958 0.647697710080002
0 0.4112777923338224 0.10992392008113858 0.34986237713740265 0.10419566632958362 0.2682630706918527 0.9790618127067358 0.3296784858882725 0.9847900664582907
0 0.47990167743845796 0.03664189767184822 0.4207492950730517 0.030839747125291937 0.3271623094583768 0.9849503157989574 0.3863146918237831 0.9907524663455136
0 0.5304860501562667 0.05969820753512524 0.4780589864804652 0.05430389007770971 0.3817392801515605 0.9904296217952837 0.4341663438273621 0.9958239392526991
0 0.543210568178216 0.20061809414328935 0.512259345426177 0.19759049007726492 0.4341576558687771 0.9960247430659412 0.46510887862081607 0.9990523471319657
0 0.7226315576714881 0.045113678003667244 0.6779897185124676 0.040237578490528 0.5732036913928079 0.9995783294706142 0.6178455305518284 1.0044544289837534
0 0.7563399671325218 0.0626382081241232 0.7231868472738345 0.05893759608968437 0.6181943289620033 0.9995467470798733 0.6513474488206906 1.003247359114312
0 1.0182361751075235 0.05192390753938882 0.959380405056588 0.04506264348483605 0.848057803830954 0.999985434258409 0.9069135738818896 1.0068466983129618
0 1.0281651713415225 0.24888763351156334 0.9885599348849565 0.24472495538037992 0.909177328125 1.0000000000000002 0.9487825645815662 1.0041626781311837