0 1.0072344140310592 0.9413366421840127 0.9990666971061172 0.8675828261790517 0.06699661943306202 0.9708030385153197 0.07516433635800392 1.0445568545202808
0 1.0031632354427225 0.487544187826577 0.9946473661769202 0.4269506219006519 0.007240240565265588 0.5657216261374676 0.015756109831067712 0.6263151920633926
0 0.9267607598323085 0.567094524867972 0.9185224130138054 0.5032624243116111 0.015218472024811724 0.6198453204332462 0.023456818843314832 0.6836774209896072
0 0.9657623703124998 0.3374432906250001 0.9584629585446081 0.2855052774561756 -0.00729941170273718 0.42123432791977367 6.515447070754022e-11 0.4731723410885982
0 0.9635311960930528 0.2742008388291023 0.9559886664002951 0.22053295134288997 -0.00754252969275761 0.3559484297012877 0 0.4096163171875
0 0.8054215021056421 0.008655561972815607 0.7976356367674736 -0.04674374789465493 -0.007785865338168564 0.06645086357002952 8.326672684688674e-18 0.12185017343750007
0 0.960340758514806 0.18284643327449152 0.9523115578124998 0.12571570156250003 -0.00802920052217832 0.2606827930071856 1.8012796809685483e-10 0.31781352471917707
0 0.8308997373437872 0.6140657859569472 0.8260560314841774 0.5771416435918562 0.024359802346987803 0.6823080868447189 0.029203508206597707 0.7192322292098099
0 0.8230841781250001 0.23391459843750004 0.8187045744866218 0.2027520993334079 -0.004379603638378288 0.31842903683340806 1.6653345369377347e-17 0.3495915359375002
0 1.0095797318453168 0.8676629803403386 1 0.7830054718749999 0.05500209472269748 0.889940186716616 0.06458182656801437 0.9745976951819548
0 0.9430357892327386 0.792219054234345 0.9347008069632924 0.7211059837252072 0.045420696507796544 0.8253362454780773 0.053755678777242764 0.896449315987215
0 1.0083328618340421 0.7107552898998348 1 0.6428819156250001 0.036082578381898475 0.761222734533539 0.04441544021594054 0.8290961088083737
0 0.9892448730889173 0.6444498663364515 0.9810836374682204 0.5839414816696629 0.02878253278785986 0.7123857252227762 0.036943768408556864 0.7728941098895649
0 0.9947082523571378 0.42738384744153823 0.9877130641687982 0.37761049764099 0.000018145312500006395 0.5164219671875001 0.00701333350083958 0.5661953169880484
0 0.9735452131265872 0.3774160620273578 0.9687509418244122 0.34277289489289303 -0.004794271302174924 0.4775019125530352 -1.1102230246251566e-17 0.5121450796874999
0 0.9520888546856519 0.12175749909331054 0.9420951656250001 0.05302228906250004 -0.00999368906065191 0.19145032278168952 0 0.26018553281250006
0 0.9304710096482557 0.05210982237880768 0.9202077965987355 -0.013945405437034352 -0.009222380328121147 0.13046314837262757 0.0010408327213989655 0.1965183761884696