0 0.7344912674649571 0.9854854211135502 0.6767072232138169 0.041145427061129225 0.5992590664445706 0.04588446993351545 0.6570431106957109 0.9902244639859366
0 0.7900719547886532 0.9823713167223957 0.7465794469173681 0.04299827433973458 0.677830844972131 0.046181300652326 0.7213233528434161 0.9855543430349872
0 0.4608829497892025 0.9999999999054795 0.39781577830239734 0.09809743370628143 0.341350534632177 0.10204586820359221 0.40441770611898226 1.0039484344027905
0 0.8385931283240187 0.9786131086961886 0.7931424339089939 0.010153053197052698 0.7420505273414804 0.012550841953847874 0.7875012217565052 0.9810108974529838
0 0.21205417757310424 0.9996115150813727 0.1361444458022979 0.03568089250342939 0.08000815346712277 0.040101636895151574 0.15591788523792913 1.004032259473095
0 0.26228667968749997 0.9999999999999998 0.19538935050865144 0.043323623452907786 0.1420602 0.04705276093749999 0.20895752917884858 1.003729137484592
0 1.0034207374243038 0.9669768076783036 0.997303552065493 0.10067467466107409 0.9617496935717943 0.10092572973105227 0.9678668789306052 0.9672278627482818
0 0.9836046189296018 0.9685698024625122 0.9504876258384115 0.028555722298859665 0.9145832273208979 0.029820645604519976 0.9477002204120882 0.9698347257681725
0 0.952461722007158 0.9717224031629292 0.9145602158931805 0.010038843815362663 0.8394229378876308 0.013000125594627982 0.8773244440016083 0.9746836849421946
0 0.8820628591139531 0.975696536733299 0.841427382064262 0.038381532776940036 0.7927866146099392 0.04049025906556939 0.8334220916596301 0.9778052630219284
0 0.8353684475698373 0.9788896769882245 0.7917685590525112 0.013387908331286575 0.7329447361226032 0.01604425988357276 0.7765446246399292 0.9815460285405108
0 0.6529382377801891 0.9913502884263018 0.6043026379834578 0.10584924252757608 0.542166814454105 0.10926201438167002 0.5908024142508362 0.9947630602803956
0 0.5959337621084613 0.9949024251756372 0.5354727878933312 0.026302739905558824 0.47550409806311944 0.030046046314468694 0.5359650722782494 0.9986457315845471
0 0.5431128165571449 0.9982062066443914 0.4766120077748569 0.04720034213987536 0.4256364849655835 0.05076489796591417 0.4921372937478715 1.0017707624704302
0 0.4900430984375001 0.9999999999999998 0.4353844327490683 0.18998092283674733 0.40596125029245994 0.19196634754923386 0.46061991598089164 1.0019854247124864
0 0.4033366763375567 0.9997558632316343 0.3344287068863933 0.01432596719656005 0.27953150974165464 0.018164753089929684 0.3484394791928181 1.0035946491250038
0 0.35128642859093506 0.9996208271616596 0.2777632111324374 0.024783881440718202 0.2293205522633564 0.028437477211716845 0.3028437697218541 1.0032744229326582
0 0.3036691019950307 0.9997847843858523 0.2298294224728518 0.04195949683265161 0.1961458917661389 0.04455619285318867 0.26998557128831785 1.0023814804063893
0 0.1566949578125 1 0.09140438607615829 0.16275426041109706 0.057838944106957293 0.16537177972845804 0.12312951584329901 1.002617519317361
0 0.12330578437500003 1 0.04709828928966042 0.030238598816136726 -0.004627489165264072 0.03430340486283734 0.07158000592007555 1.0040648060467006
0 0.07392559062500001 1 0 0.15480889843750004 -0.03987805437679133 0.15829687733047487 0.034047536248208686 1.003487978892975