0 1.0054883933133394 0.12032798589572358 0.07168774923985255 0.03128432832930027 0.06619935592651337 0.08884109712107684 1 0.17788475468750015
0 0.9962841004517957 0.17114533799414638 0.06407844410028844 0.08079108869748894 0.05708681990969032 0.15292529011352263 0.9892924762611977 0.24327953941018005
0 1.007613280462706 0.24603989360424333 0.047224860438921316 0.1413703588250972 0.039611579976215436 0.21122551209585388 1 0.31589504687500003
0 1.0034635191362633 0.316607472832936 0.056892062495420226 0.21080749264087079 0.04928868791579003 0.27883337826165355 0.9958601445566332 0.3846333584537188
0 1.004723577098361 0.3891801323433277 0.05855464969339051 0.27511812876302744 0.05381233855295613 0.31445662277787745 0.9999812659579265 0.42851862635817783
0 1.0091253586453255 0.4301024613567126 0.041921240548724245 0.3132242053882621 0.03275647549580889 0.38906550218995567 0.9999605935924102 0.5059437581584061
0 1.0036548401339394 0.5064812019324078 0.0438012459752074 0.3833126580946268 0.03786104552839633 0.4296046947724686 0.9977146396871281 0.5527732386102494
0 0.9969378484375001 0.5567517484375001 0.04477031904024773 0.4290344324612342 0.037947588511143715 0.47989975500565263 0.990115117908396 0.6076170709819186
0 0.9895073093750002 0.6096227796875001 0.03844302674020136 0.47595940108961343 0.02929043767770133 0.5410834510896134 0.9803547203125001 0.6747468296875001
0 0.9800587609375002 0.6768526968750003 0.02899447740554122 0.5431893189468234 0.01811222740554117 0.6206205455093234 0.9691765109375001 0.7542839234375002
0 0.9650214970252279 0.7579494178522557 0.0142293579745708 0.6221875456899396 0.00520772797068172 0.6853694593782383 0.9559998670213389 0.8211313315405542
0 0.9595879951236175 0.8264791356391855 0.012986445441709793 0.6843422305044988 0.0042736987555924925 0.7423672698653134 0.9508752484375002 0.8845041750000002
0 0.9514949524699853 0.8865110922059831 0.009192597677206616 0.7376800869964327 0.000821176842908522 0.7906825481033353 0.9431235316356872 0.9395135533128857
0 0.8603748653389733 0.926325463012709 0.0031089809681137614 0.7896471769675475 -0.0022486237795986685 0.823250845151092 0.8550172605912609 0.9599291311962534
0 0.9395607643674815 0.9685139133094841 0.001006180800140566 0.8219334810898291 -0.00871318732989328 0.8841666002701013 0.9298413962374477 1.0307470324897563
0 0.7323660562499998 1.0000000000000002 0.0004242135126353297 0.8842967743865963 -0.007350745769765887 0.933481384359211 0.7245910969675987 1.049184609972615