0 0.9614977593547053 0.11177168950058977 0.9594657763436368 0.05341567418939734 0.010632776140771617 0.08645447107214937 0.012664759151839988 0.1448104863833418
0 0.9487776835886482 0.17773421157155894 0.9463460525730228 0.10581773795109244 0.009767109660334453 0.13748523068977944 0.012198740675959805 0.20940170431024593
0 0.993916380808086 0.24751563554541683 0.9922454085444681 0.1777539842314202 0.0018445436316400158 0.2014766505382081 0.0035155158952578356 0.27123830185220477
0 0.9752516845867891 0.3170069925563081 0.9737431455866364 0.24867784509327606 0.020900560601149303 0.2697142585979897 0.02240909960130198 0.33804340606102173
0 1.0007822982047052 0.35916417693561226 0.9999967602685574 0.31954441186364474 0.031547181657897674 0.3387457847608121 0.03233271959404547 0.3783655498327796
0 1.0014835404327642 0.43586371443890426 0.9999276301875998 0.3590129524007384 0.020346522484877134 0.37884542043387703 0.021902432730041645 0.4556961824720429
0 1.000382295399289 0.48299054451612766 0.9999936863545333 0.4366438911414461 0.032051916990614056 0.4447599232383236 0.03244052603536988 0.49110657661300516
0 1.0001075737191767 0.5383607120180607 0.9999999999999998 0.48703906250000006 0.03949230437102076 0.4890523529161718 0.03959987809019765 0.5403740024342325
0 1 0.5404296875000002 0.03958906250000006 0.5404296875000001 0.03958906250000007 0.6061937500000001 1 0.6061937500000002
0 1 0.6083203125000001 0.03958906250000008 0.6083203125 0.039589062500000084 0.6865125000000001 1 0.6865125000000002
0 0.9963955593195728 0.6907205877083747 0.03596206460809743 0.6886046321887267 0.035821455408473105 0.7524272332452197 0.9962549501199485 0.7545431887648676
0 1.000552430190638 0.7593395763620017 0.04338150815828273 0.7503274105767378 0.042829077967644444 0.8090003342147363 0.9999999999999998 0.8180125
0 1.0008929814820053 0.8199136407319345 0.047047776260169524 0.8036741887647209 0.046134342343585544 0.8573259107181267 0.9999795475654214 0.8735653626853404
0 0.9162007593097188 0.8720220059443017 0.04738623475642266 0.8559661455165758 0.04675749657179428 0.8899884185305529 0.9155720211250904 0.9060442789582789
0 1.0009296949488495 0.9027860994439548 0.05066683552098452 0.8882469639966795 0.04968860175954466 0.9521833111547172 0.9999514611874097 0.9667224466019926
0 1 0.9501640625000001 0.05058593750000011 0.9501640625000001 0.05058593750000012 1 1 1