0 0.06966590312500001 1.0000000000000002 0.02038483733491685 0.2952481840399723 -0.015363805599711667 0.29774797358924465 0.03391726019037149 1.0024997895492727
0 0.13642424174530535 0.9996685785248115 0.05845217124860329 0.18481894284558525 -0.00902829462407188 0.191276074826492 0.06894377587263018 1.0061257105057182
0 0.9706734398921698 0.9683082561005737 0.9025715094139107 -0.005594795734413016 0.8225621959405629 6.534219831877408e-11 0.890664126418822 0.9739030519003288
0 0.3998217068698815 0.9999999999566537 0.3336609487277989 0.053857068417032396 0.26726994353685596 0.05849957970240449 0.33343070167893857 1.0046425112420256
0 0.5399845171875 0.9984249593750001 0.4756982612839703 0.07908863560649115 0.421225028125 0.08289777499999998 0.48551128402852967 1.002234098768509
0 0.3447278385363257 0.9998879692259062 0.27483134527682507 0.1528084149298896 0.21144651210459947 0.1580385937744953 0.28134300536410006 1.0051181480705118
0 0.5995671484386416 0.9942585359538247 0.5343517124826153 0.06163434700660547 0.4798769208848249 0.06544359549572507 0.5450923568408512 0.9980677844429444
0 0.2529175133367381 0.9995423231824722 0.1762927735306758 0.10497219827777797 0.11907292618296968 0.10987338577856524 0.19569766598903202 1.0044435106832594
0 0.8791408491468131 0.9750278365641918 0.818554080508694 0.030023740071217452 0.7602623490047393 0.03376098064324466 0.8208491176428584 0.9787650771362191
0 0.6880884886916225 0.9880685205553359 0.6187296376437056 -0.003809248494813333 0.5642548466877279 1.309534702897963e-11 0.6336136977356448 0.9918777690632445
0 0.28190373747389974 0.9998506160249064 0.22095450986949486 0.2544901828042164 0.18633561180399363 0.2573210214207642 0.2472848394083985 1.0026814546414542
0 0.4819326640625 1 0.41744553611037094 0.07779116614951725 0.381696891516102 0.08029095506223068 0.44618401946823105 1.0024997889127136
0 1.0302560754950858 0.9641418328055439 0.9701098627140462 0.10401093476621068 0.9122308841177282 0.10805822730056654 0.972377096898768 0.9681891253398996
0 1.0080448931054928 0.5975869478239669 0.9803264234375002 0.201194371875 0.9722815303320074 0.20175692561353306 1 0.5981495015625
0 0.8181586562933578 0.9795496749084928 0.7621221424294042 0.049090113874147315 0.6957809175756378 0.05308548468009309 0.7518174314395913 0.9835450457144385
0 0.7519333888064147 0.9840144959179374 0.6897073565374209 -0.003866220180403107 0.6238414623412856 0.0002826342216367128 0.6860674946102794 0.9881633503199773
0 0.6382598208991915 0.9915476751949667 0.5765194860496622 0.18240533236516798 0.5411308300676871 0.18510560814428578 0.6028711649172165 0.9942479509740846
0 0.4479534586905983 0.9999248861374447 0.3775099705418904 0.058056965345357994 0.3261842629831954 0.061895679662217186 0.39662775113190335 1.0037636004543038
0 0.19895502656249997 1 0.12515511879337962 0.08885496417986181 0.057626968142656686 0.09432453389041488 0.13142687591177704 1.005469569710553