0 0.07996262441681753 0.8836278716541193 0.058103858801894115 0.14867562995438344 0.00016216144335490026 0.15039891741448014 0.022020927058278315 0.885351159114216
0 0.1177134501547076 0.8676546690224283 0.11262795396104126 0.1531207876174132 0.05799011937980494 0.15350965721061807 0.06307561557347129 0.8680435386156331
0 0.15437450043398485 0.9243636621640923 0.1380807427305098 0.21674670318204528 0.09998952506043864 0.21762380069005202 0.11628328276391371 0.9252407596720988
0 0.5463350187506059 0.1380436023531869 0.5431094005497102 -0.0025853695766302628 0.0104721921890121 0.009631773521165997 0.013697810389907814 0.15026074545098317
0 0.22636065561928684 0.9381730171976118 0.2166868904209364 0.15690879332899343 0.13705686806298675 0.1578947877153942 0.14673063326133723 0.9391590115840124
0 0.2967309344535174 0.8904466254458502 0.2874591529162548 0.11706546807756495 0.21515623068778594 0.11793228115287861 0.22442801222504852 0.8913134385211638
0 0.5088571223087455 0.04327699547225037 0.2846089567635371 0.041372113553555974 0.27715225490031353 0.9191964539680695 0.5014004204455219 0.9211013358867639
0 0.599113833689525 0.180143495126666 0.5054209431368617 0.1768716664927135 0.4789133515938217 0.9359495862480982 0.572606242146485 0.9392214148820506
0 0.6847262875690909 0.07902306703578896 0.5734659799179094 0.07513777236638 0.5445981370409674 0.9018048215874218 0.6558584446921489 0.9056901162568309
0 0.7399703616042148 0.008075176802059856 0.6365177957318008 0.004462534056461786 0.6055620239855338 0.8909199673618249 0.7090145898579479 0.8945326101074229
0 0.7569021668241261 0.10501360936053264 0.7348598440217555 0.10367194379577169 0.6920007586122444 0.8078070281445662 0.714043081414615 0.8091486937093271
0 0.8017891201045604 0.4059109552023628 0.7700907221783996 0.40437828342408516 0.7506106214443065 0.8072616622808855 0.7823090193704674 0.8087943340591632
0 0.8636240167055265 0.2726684579070877 0.7933543486850245 0.27021458687486466 0.7742906732682133 0.8161267905721943 0.8445603412887153 0.8185806616044173
0 0.8890620502488591 0.2946247635067857 0.8637725751211743 0.29320188263328334 0.8351207990683903 0.8024422493741461 0.8604102741960752 0.8038651302476485
0 0.9147966579402027 0.17598331749662727 0.8810220915693889 0.1738625592265882 0.8423763598081289 0.7893230059729726 0.8761509261789426 0.7914437642430115
0 1.013997730782326 0.10788497718440437 0.8949296842768485 0.1037270291289204 0.8688461470282431 0.8506617634501211 0.9879141935337208 0.854819711505605