0 0.8360015625000001 8.073736204944018e-17 0.1024882953125 3.582262830977573e-17 0.1024882953125 0.07288247656250005 0.8360015625000001 0.0728824765625001
0 0.7500191372294002 0.0772328326571968 0.7466130593583226 0.028523649869616963 0.1316383109366118 0.07152687353291425 0.13504438880768946 0.12023605632049408
0 0.7676317641672201 0.10536964935583333 0.7655881172138579 0.0761441388234155 0.1324495568482368 0.12041750364666078 0.13449320380159902 0.1496430141790786
0 0.9011955841010695 0.17278976682059993 0.8937410858848137 0.08395406257559722 0.1104744587183402 0.1496805598740469 0.11792895693459585 0.2385162641190496
0 0.7620764528213436 0.23089994318890397 0.7563878760998111 0.17481881072594452 0.134565721131892 0.2378931974284606 0.1402542978534246 0.29397432989142
0 0.8572662696856025 0.3049301995428563 0.8485914415932914 0.22130001697668522 0.12855814258717121 0.29598794540103757 0.13723297067948229 0.3796181279672086
0 0.7554678248349682 0.35689120647670497 0.7507959883262089 0.3145977662130522 0.15772600786106633 0.3801097219611259 0.16239784436982566 0.4224031622247787
0 0.8134494852053757 0.3969061659004491 0.8073314482351567 0.3450558166126486 0.14906800364088652 0.42272704053859805 0.1551860406111055 0.4745773898263986
0 0.6745305831091903 0.4392347488489248 0.6714210863079341 0.4127123975778445 0.1694145437655819 0.4715679538703679 0.17252404056683815 0.4980903051414482
0 0.7807376405226463 0.4831585261799279 0.7739361739923265 0.42466231578509434 0.14674223278917878 0.49758735777190416 0.15354369931949846 0.5560835681667377
0 0.7842519866898412 0.5390386325375504 0.7780238560345963 0.48356059936807955 0.14824025302002328 0.5542619984628128 0.1544683836752681 0.6097400316322836
0 0.7077555111163376 0.6495789045631606 0.7025556132106134 0.5963990158070472 0.15825119865023135 0.6496207778594091 0.16345109655595547 0.7028006666155224
0 0.7865341004195612 0.587340603391163 0.7811538318417455 0.5392888274757552 0.1545872129492572 0.6094443342663908 0.15996748152707294 0.6574961101817987
0 0.9343346907322327 0.7543578211209339 0.9176560843431091 0.5682191131794246 0.13451325127770988 0.6383911435089002 0.15119185766683357 0.8245298514504096
0 0.9381386815141871 0.8581805363377842 0.9301455353072271 0.7591500484675626 0.5362813488618716 0.7909404000617992 0.5442744950688317 0.8899708879320208
0 0.8044812635022371 0.8914943233759031 0.8026514520722559 0.8675546866699626 0.16971253811444822 0.9159329838624375 0.1715423495444294 0.939872620568378
0 0.7910301310284669 0.9209483580040899 0.7884094011471577 0.8880794010127815 0.18920352924235292 0.9358556883459039 0.19182425912366202 0.9687246453372124
0 0.93765154671183 0.9706173717219754 0.9335642532598566 0.9121663526032474 0.14733071249710675 0.9671451579574203 0.15141800594908028 1.0255961770761481