0 0.11534138196469848 0.2666887477869652 0.015747177727160274 0.2649503237552423 0.0042031332156018345 0.926307913060952 0.10379733745314002 0.9280463370926748
0 0.14472513887427454 0.9421118940130041 0.12832308224241154 0.28020964141589444 0.06729923145047016 0.281721823392397 0.08370128808233317 0.9436240759895066
0 0.17883174064953705 0.21049658010469044 0.1261053968774109 0.20957623866396227 0.11378872878043289 0.9151979215196796 0.16651507255255904 0.9161182629604078
0 0.19435271741314847 0.9390229628067273 0.18077976618208058 0.2614532731315794 0.14594796106167524 0.2621510174365468 0.15952091229274312 0.9397207071116946
0 0.2514938955035844 0.17428466459885927 0.17728480046737377 0.17418201509217904 0.176203628123866 0.9558011751319455 0.2504127231600767 0.9559038246386257
0 0.2932068678560523 0.9540469856334836 0.28796266840649437 0.19320809726288518 0.2417873157039264 0.1935263680070956 0.24703151515348432 0.954365256377694
0 0.39215186191799667 0.15925063026604283 0.2873464611859483 0.15900926953019778 0.2854391525998998 0.9872145697031789 0.3902445533319482 0.9874559304390239
0 0.4414321888807997 0.1549244319707505 0.39260822132967355 0.15435179019292808 0.3827732665251008 0.9928891321089075 0.431597234076227 0.99346177388673
0 0.4975989621974488 0.18421964568114588 0.4356738408076965 0.18400528061088456 0.4328612326524036 0.9965028634772797 0.4947863540421559 0.996717228547541
0 0.5328807412116464 0.9533124055297746 0.5307888418961083 0.2631961689171926 0.4952134001614651 0.2633040061745508 0.4973052994770032 0.9534202427871328
0 0.5756127328588165 0.9876162940441506 0.5717895080453251 0.1568395237321243 0.5289465236810009 0.15703668663647968 0.5327697484944923 0.9878134569485061
0 0.6168295261968683 0.9861165038549998 0.616509145136942 0.18905474574568265 0.5708040096979047 0.18907311704450241 0.571124390757831 0.9861348751538195
0 0.6453027853351175 0.9919116678008116 0.6452921291793614 0.18450435472656604 0.6171763762853852 0.18450472579806515 0.6171870324411414 0.9919120388723106
0 0.707420079709798 0.9897312089700625 0.7065589910188828 0.17975769151409543 0.6455644693152347 0.1798225352302354 0.64642555800615 0.9897960526862025
0 0.7730670867357907 0.18630415188872113 0.7056022601175309 0.186046585402283 0.7025484930994877 0.9859249595414011 0.7700133197177476 0.9861825260278392
0 0.8159989038793981 0.19036361447368408 0.7749895253439416 0.189647793105656 0.7610821388887022 0.9864014261425049 0.8020915174241587 0.9871172475105331
0 0.855372118768216 0.2848151582431985 0.814362740662753 0.2840993368114018 0.8024096589710515 0.9688908572191266 0.8434190370765144 0.9696066786509233
0 0.8985729788215296 0.2911854627906882 0.8573186746581788 0.2899494178486345 0.8365778793448252 0.982195346241209 0.877832183508176 0.9834313911832627
0 0.9300148059158081 0.20499530918169948 0.8250894002270183 0.2042419656737426 0.8197328004085502 0.9503072109820762 0.9246582060973401 0.9510605544900331
0 1.0061023258755615 0.15476138835428915 0.92017791525205 0.1532615724003013 0.9054108033388013 0.9992689670966959 0.9913352139623128 1.0007687830506837