0 0.06684860845134097 0.24409125212169402 0.027832967879456938 0.2408795251979449 -0.014059826315223439 0.7497877355334583 0.024955814256660602 0.7529994624572074
0 0.10430260789337212 0.24502554930069453 0.06662264783774921 0.2414507714180894 0.017728335135803595 0.7568214629850438 0.05540829519142652 0.760396240867649
0 0.14773370321832846 0.2543395916405926 0.10264769126292528 0.24990280480371418 0.05220104338988666 0.7625346378701082 0.09728705534528984 0.7669714247069866
0 0.17516465993367833 0.25967090265518045 0.14581248881665787 0.25682252540947376 0.09638588855413457 0.7661574566672259 0.12573805967115503 0.7690058339129326
0 0.20001436828082722 0.26376851747862656 0.17292566173062146 0.26109828586211287 0.12275110486047583 0.7701042608256436 0.14983981141068156 0.7727744924421572
0 0.2258123915804871 0.2651797629686921 0.1993057074501917 0.26233096529928107 0.14409868789807795 0.7760055743302068 0.17060537202837334 0.7788543719996179
0 0.2620089869580132 0.27311156113638957 0.22165843585150385 0.2687091377003886 0.1654174099387639 0.7841880377573013 0.20576796104527323 0.7885904611933021
0 0.2979428541765869 0.28163815229474876 0.26080868889377584 0.27747653728161337 0.20300075966530012 0.7932977249339458 0.2401349249481112 0.7974593399470812
0 0.3651288531488247 0.2841121527086636 0.2992839217114983 0.27589144123492126 0.23438707109270956 0.795691788582145 0.300232002530036 0.8039125000558872
0 0.40137504268544283 0.2930270023321465 0.362541981652271 0.2882277738939556 0.3059248273441102 0.7463467063617915 0.34475788837728205 0.7511459347999825
0 0.4315214806707509 0.30087313862836085 0.40088414840570274 0.29683049889240276 0.34123639436216724 0.7488737624167442 0.37187372662721535 0.7529164021527022
0 0.4591445573481234 0.46646317783479807 0.43276032197746106 0.46276648316876506 0.3905341184552126 0.7641454698558255 0.4169183538258749 0.7678421645218585
0 0.5101033634789055 0.2927080120124198 0.4850123906496161 0.2890351911060411 0.4133993928509426 0.7782612731264966 0.43849036568023203 0.7819340940328754
0 0.5456932710950642 0.2719192627919633 0.5123756535450998 0.26703012633406625 0.4367970911178548 0.7820694711369198 0.4701147086678191 0.786958607594817
0 0.5509073638833946 0.38088537027491143 0.5301441579374327 0.37782151608023407 0.4705042004235448 0.7819911148230546 0.4912674063695066 0.785054969017732
0 0.5927740872219648 0.31368725221206445 0.5603454772450058 0.3088443057122746 0.48807753794978287 0.7927540117858478 0.5205061479267418 0.7975969582856377
0 0.6298053611528808 0.31718947637428674 0.5931528642304827 0.31138429122719585 0.5133980963314414 0.8149360834436866 0.5500505932538394 0.8207412685907775
0 0.6782432947562588 0.29852538691312647 0.6338744820705516 0.2914980573097795 0.5439469104907945 0.8592783954914955 0.5883157231765016 0.8663057250948425
0 0.7192087621141713 0.3050665164554352 0.6783893431767538 0.29819268880226923 0.5824769182393268 0.8677573698459137 0.6232963371767444 0.8746311974990796
0 0.769593422580021 0.4207457917799182 0.6965482464820361 0.40951099608926994 0.62138497161885 0.8981994244024548 0.6944301477168348 0.9094342200931032
0 0.8142885827527845 0.3385079762667432 0.7390545077675853 0.326592070252027 0.654416799657129 0.8609735659346404 0.7296508746423281 0.8728894719493565
0 0.8516609185339394 0.42090990124896066 0.8008229482177927 0.4119007907512235 0.7163517797550221 0.8885674667742535 0.767189750071169 0.8975765772719907
0 0.912882563517712 0.3277878239283028 0.8183577022100718 0.3128165581943934 0.7263955796871799 0.8934426075566659 0.8209204409948203 0.9084138732905753
0 0.9603492472459042 0.3328027965208376 0.9158936621769295 0.32417373773670655 0.7992669143832707 0.9250168235890806 0.8437224994522454 0.9336458823732116
0 1.0058904531649524 0.3374917753666188 0.9611629440888144 0.32858428438782405 0.8404547200157267 0.9347008890126756 0.8851822290918647 0.9436083799914702