0 0.18168179523962658 0.0035378940239871397 0.07508215457727513 -0.00673549943941619 0.010489451280220408 0.6634966867806671 0.11708909194257186 0.6737700802440704
0 0.08441541126805145 0.0007736360995259109 0.05879501720751514 -0.0010606198723362263 0.011833371422361683 0.6548870173189404 0.03745376548289799 0.6567212732908025
0 0.7916757671015838 0.11391527355483078 0.2595427335523239 0.10401886396125841 0.2579784636507519 0.18813014494077215 0.7901114972000118 0.19802655453434453
0 0.17465164188278504 0.08498934065301397 0.15229804057647828 0.08368897488202268 0.11850161942325779 0.6646576076254094 0.14085522072956452 0.6659579733964006
0 0.20159256192950722 0.07257312883328951 0.173026861603492 0.07066500156631943 0.13265677213593002 0.6750271412552385 0.16122247246194527 0.6769352685222086
0 0.26555223487463603 0.08591900635349384 0.19991539646740658 0.08096355069171265 0.15532807137225574 0.6715391207350752 0.22096490977948519 0.6764945763968563
0 0.26496782705863675 0.20782844122628905 0.24251012037828548 0.20605002463671088 0.20438606194217962 0.6874776759755407 0.22684376862253086 0.6892560925651189
0 0.28013897032364266 0.20509602342753858 0.2618697486499263 0.20369606884260275 0.2242033629804709 0.6952374065742937 0.24247258465418722 0.6966373611592295
0 0.36166739538996345 0.16202626520558147 0.28335259488646164 0.15390664523314204 0.22544648067547635 0.7124187181822733 0.30376128117897816 0.7205383381547127
0 0.40119500235586925 0.1771570366479478 0.3593810473202536 0.17238682769971442 0.2961582766232508 0.726575149393787 0.33797223165886636 0.7313453583420204
0 0.4311425664565318 0.21323079148981766 0.3963514929041445 0.209122311850296 0.3346549336853465 0.7315758026896344 0.36944600723773385 0.7356842823291561
0 0.4599631401490707 0.21227554199337537 0.43036821199590447 0.20862427102521766 0.36661600738737876 0.7253599314156194 0.396210935540545 0.7290112023837771
0 0.5013330887607947 0.18177137121225234 0.4607166243273609 0.17606309969293737 0.385418048029904 0.7118403372902299 0.42603451246333784 0.7175486088095449
0 0.5099550372951409 0.2746957356899916 0.4822852582278473 0.2710619383714874 0.4175670750031393 0.763862629908517 0.4452368540704329 0.7674964272270214
0 0.5487341935076133 0.2514746724999613 0.5158541978073907 0.24685369052175837 0.4412796433861443 0.777479224289837 0.474159639086367 0.7821002062680399
0 0.6009452077027696 0.21678477750887676 0.5467899230076411 0.2091737486302368 0.4707673183365236 0.7501026906795616 0.5249226030316521 0.7577137195582015
0 0.7793497623566538 0.16830947393662882 0.6130156743035888 0.1449327360249596 0.5250466361112119 0.7708647972014729 0.6913807241642769 0.7942415351131421
0 0.838275332807435 0.26900403687042884 0.7640368904201591 0.25404511266515184 0.6546971163304771 0.7966786876471803 0.7289355587177532 0.8116376118524572
0 0.9011237548721491 0.20939953048306706 0.860108764158969 0.20137499776220658 0.7452571179165407 0.7884047187303727 0.7862721086297209 0.7964292514512331
0 0.952750064811025 0.13310310091368457 0.7946458368058448 0.10087349031334988 0.6601805945004029 0.760500551647147 0.8182848225055832 0.7927301622474817
0 0.9930848040160521 0.3517591691112755 0.9411362715425634 0.3415695133014555 0.8619216379270679 0.7454186759772229 0.9138701704005566 0.755608331787043
0 1 0.27467650156250006 0.9422751937499999 0.27467650156250006 0.9422751937499999 0.36480380937500007 1 0.36480380937500007
0 1.0095588412231389 0.39664081290904263 1 0.39462558125000013 0.9631541095902467 0.5693965633212879 0.9727129508133856 0.5714117949803302
0 1.006212948739242 0.3659653959703698 0.986225217145145 0.36222844560010425 0.9153311142702142 0.7414179342118391 0.9353188458643112 0.7451548845821045