0 0.05512204911527431 0.27465124733323665 0.011188684945486693 0.2745769578130404 0.0100869831174295 0.9261017959155678 0.05402034728721712 0.9261760854357641
0 0.25886842120796716 0.2560287880225868 0.17938385397334738 0.2543378114586711 0.16448157243316736 0.9548214398579095 0.2439661396677871 0.9565124164218253
0 0.17881434755975056 0.2899405065022948 0.05442110868625751 0.28892950538214246 0.04914792182481346 0.9377406489161275 0.17354116069830652 0.9387516500362798
0 0.3140745127928577 0.20375469792740025 0.25972035080457917 0.20242724341108845 0.24134350285918432 0.9548885577415938 0.29569766484746285 0.9562160122579055
0 0.4397275841948936 0.2112622993021597 0.3148037308781607 0.20689986183183998 0.2891744107555071 0.9408274996245141 0.41409826407224 0.9451899370948338
0 0.420567615928724 0.3122176121475713 0.3444421442472505 0.3095592664778682 0.32172124050565093 0.9602043402435321 0.3978467121871244 0.9628626859132352
0 0.43472033791572046 0.35683412763405503 0.3814959523094713 0.3554295258483902 0.36535630266330293 0.9670070883180445 0.41858068826955214 0.9684116901037095
0 0.5747012091757263 0.2051691512511773 0.5117959844593009 0.2035483224478511 0.49220795335961887 0.963770188908501 0.5551131780760443 0.9653910177118272
0 0.510964668031328 0.28131532977049734 0.4377274430766452 0.27924439727853023 0.41785609072943275 0.9819822738880142 0.4910933156841156 0.9840532063799813
0 0.6585260965180186 0.2136914017717128 0.5784967519195838 0.2108967154158971 0.5525947811150125 0.9526320958402346 0.6326241257134473 0.9554267821960505
0 0.725891618300336 0.18738056396077524 0.6595258190688661 0.18506301930037355 0.6325332409335389 0.9580293624639123 0.6988990401650088 0.9603469071243141
0 0.772851293212244 0.21779355418432425 0.7231967233312242 0.21514957410889884 0.6843957668436382 0.9438406952223145 0.734050336724658 0.9464846752977399
0 0.7993617372821803 0.2631245926505045 0.7703214428802816 0.26138295501443887 0.7294475074856679 0.9429203153951082 0.7584878018875665 0.9446619530311737
0 0.8744100177258378 0.21734223455112303 0.7956417134164127 0.21302105356179685 0.7555867071489125 0.9431605525986997 0.8343550114583376 0.9474817335880259
0 0.9450749672381583 0.2217198675440159 0.8638045927651706 0.21784702585018395 0.82859752580248 0.9566563401349439 0.9098679002754677 0.9605291818287759