0 0.062448354363289195 0.2516897626943873 0.0233826038951208 0.24915944210611882 -0.009622132391500537 0.7587212731321076 0.029443618076667854 0.7612515937203761
0 0.09991295897369346 0.2519702559392741 0.06217634716091005 0.24905362791168134 0.0222839345013059 0.7651991482073731 0.060020546314089304 0.7681157762349657
0 0.14349998845624673 0.26052490114354987 0.09834341347882083 0.25687564968746607 0.05685110794351075 0.7703098233637802 0.10200768292093661 0.7739590748198639
0 0.17101981194083432 0.2653766643706741 0.14162240038825308 0.26304098698740963 0.10109244839312533 0.7731609579835266 0.13048985994570655 0.775496635366791
0 0.1959372514132307 0.26903996811366965 0.16880606821166416 0.26684290585630777 0.127522524626502 0.7766470229065892 0.15465370782806848 0.7788440851639511
0 0.2217559702393129 0.2700007588854627 0.1952036066967741 0.2676150011042412 0.14896986124169967 0.7821748725710782 0.17552222478423846 0.7845606303522998
0 0.2580854847324831 0.27729963258342294 0.21766424670833687 0.27360209386602496 0.17042813326295034 0.7899840254270208 0.2108493712870966 0.7936815641444188
0 0.29416269228369557 0.2851977941019506 0.2569615544247165 0.28168489323284934 0.20816474504474866 0.798436404438152 0.24536588290372768 0.8019493053072534
0 0.3613816323652933 0.28649885930358476 0.2954032573467718 0.279428552282603 0.2395880575487383 0.8002823388409436 0.3055664325672598 0.8073526458619252
0 0.39777788371350786 0.2947797672277101 0.35886698166445063 0.2906590008953213 0.310253734189401 0.7496962668331074 0.3491646362384581 0.7538170331654962
0 0.4280566659702649 0.30209858220278807 0.3973534473263006 0.29859125368677525 0.3456040235301675 0.7516066659179871 0.37630724217413175 0.755113994434
0 0.45856547930904334 0.46718131028422205 0.4321207469160976 0.46394564746301753 0.39516076667121736 0.7660156840623695 0.42160549906416306 0.769251346883574
0 0.5064840793559275 0.2925632553770007 0.48133282885847883 0.28932889184757443 0.41826891198733607 0.77973028184153 0.4434201624847848 0.7829646453709562
0 0.5417057545542833 0.2711565440536075 0.5083078834827182 0.2668496246557378 0.4417295068579234 0.7831295531282455 0.4751273779294885 0.7874364725261151
0 0.5488207740798126 0.38001505586178275 0.5280072583247961 0.37731403610331665 0.475430115469328 0.7824629387523978 0.49624363122434445 0.785163958510864
0 0.5895083515712642 0.3120964973912326 0.5570001604843836 0.30782024582460626 0.493188615612927 0.7929175002564657 0.5256968066998076 0.797193751823092
0 0.6265951071330496 0.3149519034379337 0.5898468777511849 0.30978727676209794 0.5188924486358748 0.8146542885421351 0.5556406780177394 0.8198189152179708
0 0.6746999314340477 0.29544529810916514 0.6302152322094594 0.2891933809577945 0.550210485940448 0.8584566946177052 0.5946951851650362 0.8647086117690759
0 0.7157733171957593 0.30127048524563393 0.6748401499611824 0.2951101016236496 0.5888826084123729 0.8662619387810165 0.6298157756469499 0.8724223224030009
0 0.7681691871088951 0.41605280887977275 0.6949390610289534 0.40609453817278907 0.6283160222624503 0.8960203166795303 0.701546148342392 0.905978587386514
0 0.8114222906281991 0.3330474804459866 0.7359917158838857 0.32244640206418335 0.6606931185214413 0.8582236382969846 0.7361236932657549 0.8688247166787878
0 0.8502270481406604 0.41478461836913094 0.7992395902657492 0.40666412408802655 0.723100259584531 0.8847324265023181 0.7740877174594422 0.8928529207834224
0 0.9098141626771408 0.3206082590981447 0.8150424126868229 0.30728895926381733 0.733227615274582 0.8894315359988185 0.8279993652648999 0.902750835833146
0 0.9573611404648588 0.3247940598371063 0.912761728846639 0.3169421724481692 0.8066389033480663 0.9197291639131728 0.8512383149662861 0.9275810513021099
0 1.0029980817370192 0.3285724435411356 0.9581219289883812 0.3204469111896453 0.8479894341040517 0.9286929250168272 0.8928655868526898 0.9368184573683177