0 0.6878644307234525 0.021529304688918432 0.17732286647677217 0.017256939331019506 0.17617408510542595 0.1545346740688046 0.6867156493521063 0.15880703942670354
0 0.61259977179839 0.20800685959931814 0.6107210785552533 0.0890387969811929 0.18406708309871805 0.09577633612221746 0.18594577634185477 0.21474439874034273
0 0.5663125360037551 0.2095104041807788 0.5641326462129146 0.17833652647887038 0.19826159129534995 0.20392072184286297 0.20044148108619045 0.23509459954477138
0 0.5738121162849786 0.27947017837615495 0.5689073643992819 0.20932895563860193 0.20563114112976325 0.23473170271897179 0.21053589301545994 0.30487292545652483
0 0.5231352787547751 0.2911113178665527 0.5189827114674829 0.24302054513890675 0.20235086289185406 0.2703612382060855 0.20650343017914627 0.31845201093373143
0 0.5758495524514055 0.3458961138910811 0.5716260174523524 0.2854967279972191 0.21353945296603444 0.3105365709594688 0.21776298796508747 0.37093595685333075
0 0.5109497485314662 0.3815369706451411 0.5069558225660465 0.3323491068050769 0.21110870451228997 0.35637111943875166 0.21510263047770967 0.4055589832788158
0 0.9101490716545999 0.465445899270986 0.9018382415099895 0.34659549478058643 0.18307028450017357 0.3968566481162469 0.19138111464478402 0.5157070526066465
0 0.924152716137246 0.5979473106491155 0.9160276490474628 0.46912248444469773 0.18378409893914266 0.5153055700034586 0.19190916602892588 0.6441303962078764
0 0.76357512691288 0.6812742605800894 0.7582616464549361 0.6052879356339519 0.2133473116040745 0.6433920507038142 0.21866079206201844 0.7193783756499517
0 0.8002321387477295 0.7431981293253396 0.7926464901696139 0.6553489323049027 0.22479741542756976 0.7043818622860298 0.2323830640056855 0.7922310593064668
0 0.8309436340424361 0.8174029026010338 0.8240332910702174 0.7392706574374278 0.21207573715935926 0.7933947463217172 0.21898608013157808 0.8715269914853232
0 0.8687794676759489 0.8890295341557243 0.8591902672989585 0.7933020020902359 0.21544399231548522 0.8577872331367724 0.22503319269247565 0.9535147652022606
0 0.849076998841892 0.958076562552221 0.8433089401131244 0.8904890113504468 0.23338014991075884 0.9425415716178028 0.23914820863952638 1.010129122819577