0 0.13611326868389065 0.00022450803424430287 0.09466409643051346 -0.0022906872492434497 0.06667841040220923 0.45889955449119063 0.10812758265558642 0.46141474977467845
0 0.16924620949153452 0.0003051868819750059 0.14547131371196392 -0.0018413386028250183 0.10401894841686525 0.4572846637141124 0.12779384419643583 0.45943118919891246
0 0.23572541551184112 0.00008953546656000899 0.16784420382754983 -0.006070096929150487 0.12480984623536466 0.4681829347041858 0.19269105791965596 0.47434256709989625
0 0.25152863414055515 0.0005207584493686912 0.23449709472016717 -0.0011347401912930517 0.18996356323715283 0.45702002862136376 0.2069951026575408 0.45867552726202554
0 0.2672044644745707 0.045951013199621596 0.24507719529201816 0.04377592466149538 0.20453151046974677 0.45624891899129044 0.22665877965229933 0.4584240075294167
0 0.31940967779353796 0.04697483207394686 0.2666263935371072 0.041092802037388326 0.21984536882908423 0.4608893875059331 0.272628653085515 0.46677141754249163
0 0.3478641272472133 0.05627685696104949 0.3187856248590849 0.052706463610071606 0.2676893326371677 0.46885211181787634 0.2967678350252961 0.4724225051688542
0 0.33986120786927143 0.08940262796063955 0.32629124027312295 0.08773644475530155 0.2793207450676315 0.47028027059122907 0.29289071266378003 0.4719464537965671
0 0.34345533027542136 0.10820999272581874 0.3337624961062282 0.10701986240164327 0.29377411973339984 0.4326990699671153 0.303466953902593 0.43388920029129074
0 0.36369002794684785 0.055596308448904286 0.34818149328333564 0.053692099799530865 0.2967678632758881 0.4724225070003697 0.3122763979394003 0.47432671564974305
0 0.385331627282167 0.055629838268942536 0.36400735095230524 0.05301154860685751 0.3122763972619292 0.47432671754137823 0.33360067359179096 0.4769450072034632
0 0.4019354906126516 0.08419688551444342 0.38036022843511463 0.08097957909794914 0.3215773564902802 0.47517761608204595 0.3431526186678171 0.47839492249854026
0 0.4209522803184715 0.1047260039240773 0.39759072075110513 0.10131710774762306 0.3396416234495491 0.4984489705002025 0.3630031830169155 0.5018578666766567
0 0.4811024940392589 0.1319291799700415 0.413052519898822 0.12184147890110934 0.35668975685182264 0.5020554187891881 0.42473973099225953 0.5121431198581202
0 0.5100330517433023 0.10034615941857025 0.48589996321428586 0.09659809654328946 0.42191092777834865 0.508611744245542 0.446044016307365 0.5123598071208229
0 0.5335710743352373 0.10583001487554625 0.5102552095288309 0.10207555464190757 0.4443582264492096 0.5113075222276806 0.467674091255616 0.5150619824613193
0 0.5575374459166845 0.11100988128784497 0.5328608707027356 0.1068688746690281 0.46457541691134996 0.5137871174085692 0.48925199212529885 0.5179281240273861
0 0.5790814847131591 0.11376645853651446 0.5573254633735332 0.11005397495076641 0.487928368179427 0.5167371693888665 0.5096843895190529 0.5204496529746145
0 0.597350155610941 0.1317394869007941 0.5763947883405208 0.12793054610118038 0.5049570328152547 0.5209543505557587 0.5259124000856749 0.5247632913553724
0 0.6212292515477055 0.1322209871337911 0.5968769503745537 0.1276291507455897 0.5222785260211122 0.5232537208120238 0.546630827194264 0.5278455572002252
0 0.6409269210281007 0.12426121147153661 0.6217177771745004 0.12049753503158382 0.5427965067629921 0.5232978449494505 0.5620056506165925 0.5270615213894034
0 0.6616640031739637 0.12964428170556458 0.6404024699751745 0.12525649657598126 0.5578920098073112 0.5250707163468089 0.5791535430061006 0.5294585014763923
0 0.6819406326898696 0.12945039707320788 0.6621371077522833 0.12521744958169495 0.5756746925104463 0.5297253249661062 0.5954782174480326 0.5339582724576191
0 0.6973940857935449 0.1810663578074174 0.6708002948915132 0.17524082493264764 0.5926670715316813 0.5319221190220297 0.6192608624337129 0.5377476518967994
0 0.7139365499152927 0.17029892744246494 0.6970779856068706 0.1666059556507006 0.6164047613758629 0.5348824590616417 0.633263325684285 0.538575430853406
0 0.735605583175644 0.17574351958662332 0.7127508486910159 0.1705065085102951 0.6284050429379275 0.5385983393815804 0.6512597774225556 0.5438353504579088
0 0.7579675559751008 0.17881516532046068 0.7332503939320312 0.17313289857915407 0.6521239448768787 0.5260229825131477 0.6768411069199484 0.5317052492544544
0 0.8034011423103709 0.19729715595832514 0.7547663782385345 0.18596561659920494 0.6722454917101292 0.5401437842880974 0.7208802557819655 0.5514753236472175
0 0.8410658710800017 0.20428388544389967 0.8017501739880531 0.1947855303427731 0.7170185404670837 0.5455076503466184 0.7563342375590323 0.555006005447745
0 0.8613485203854658 0.2181270387751204 0.8384700556301713 0.21215564083446226 0.7507236726582437 0.5483419995695118 0.7736021374135382 0.55431339751017
0 0.8942777212021807 0.3178223308133217 0.877888729467925 0.3141026804998872 0.8220097046430096 0.5603088554906318 0.8383986963772655 0.5640285058040663
0 0.9156198393296295 0.18391885211938516 0.8802245384845151 0.17567201102339683 0.7920378979282334 0.5541675630388182 0.8274331987733479 0.5624144041348066
0 0.9203252477980699 0.2766097136379342 0.8937762723884217 0.270195695899504 0.823362274764795 0.5616541183176219 0.8499112501744431 0.568068136056052
0 0.9310700525433081 0.30794911666748687 0.910351929244668 0.3030460547708712 0.8481634201629106 0.5658265837712866 0.8688815434615507 0.5707296456679023
0 0.9967598957704056 0.25280660940723565 0.974110842509558 0.24746207447769958 0.8975306099016835 0.5719935425907509 0.920179663162531 0.577338077520287
0 0.9495980461847475 0.3565436352222232 0.924903810279676 0.35113421182899496 0.8764877413768783 0.5721555185691123 0.9011819772819498 0.5775649419623406
0 0.9262020223087593 0.37176810056214793 0.9147409882433927 0.36899920727729146 0.8666183282473685 0.5681890599693107 0.8780793623127352 0.5709579532541671
0 0.8094964060331493 0.996063782539049 0.7490452635028259 0.642382029368297 0.6981504988677097 0.6510809420021058 0.7586016413980332 1.0047626951728579
0 0.7423580941797947 0.9993874617609775 0.7030906314789294 0.7092756942397074 0.6781923346515074 0.7126457503747594 0.7174597973523728 1.0027575178960295
0 0.6974602691763367 0.9998379408601087 0.6541806578075798 0.6734551376169685 0.634358967894075 0.6760835697145059 0.6776385792628319 1.002466372957646
0 0.7666151357577917 0.9962092524919894 0.7188980130023268 0.643670578566792 0.6780872695430248 0.6491944299891255 0.7258043922984898 1.001733103914323
0 0.7158255631589883 0.9988849218403615 0.6792720008187099 0.701180230698919 0.65784971397945 0.7038105584053714 0.6944032763197284 1.001515249546814
0 0.6796946895957032 0.9945333334248057 0.6291897665784407 0.6240407852623848 0.6168995829707294 0.6257161624867154 0.667404505987992 0.996208710649136
0 0.6634949289105823 0.9490508972266258 0.618198657965193 0.6159401062727479 0.599942414190269 0.61842258293496 0.6452386851356582 0.951533373888838
0 0.6483977263691247 0.9592770137494243 0.5992838097022678 0.594177457892464 0.5852170919927853 0.5960697406692483 0.6343310086596422 0.9611692965262086
0 0.659413858369646 0.9966697772614921 0.5933775838245324 0.5655555811958748 0.5517936211501036 0.5719252391679458 0.6178298956952173 1.003039435233563
0 0.5998376907482619 0.9079904406974879 0.5485625095340152 0.5583815856021289 0.5250633397576403 0.561828077792206 0.576338520971887 0.9114369328875652
0 0.6243802619581587 0.9914754189326673 0.5602833783509895 0.57302226125109 0.5463446174868719 0.5751573416449995 0.610441501094041 0.9936104993265771
0 0.6299870996198694 0.9795647835429667 0.5736224383597985 0.5910688996428801 0.5615861291151585 0.5928151793887166 0.6179507903752295 0.9813110632888031
0 0.595549910443468 0.9700788891304276 0.5435304524478741 0.6115325080787593 0.5175930548489107 0.6152956177800949 0.5696125128445045 0.973841998831763
0 0.5736333268302887 0.982269393055385 0.5173415105096998 0.5872157754257279 0.46783535775112284 0.5942699856226772 0.5241271740717117 0.9893236032523344
0 0.5271416543378061 0.9713395533869497 0.4709979336417088 0.6048082727462731 0.44660510638878137 0.6085446634790987 0.5027488270848787 0.975075944119775
0 0.499571431898426 0.9465754918189931 0.4496666943201527 0.5749014014365041 0.4126638683002836 0.5798697766070082 0.4625686058785569 0.9515438669894973
0 0.4721377819383079 0.9687696827552796 0.41848719517455696 0.6206870861972733 0.3892227085303411 0.6251976733260973 0.44287329529409203 0.9732802698841037
0 0.40783487787486716 0.974611509279843 0.4027994908439852 0.6484558953118694 0.35232367080756 0.6492351714570579 0.3573590578384419 0.9753907854250314
0 0.4436431460944298 0.9760627806388493 0.40444626184185184 0.6969885438462505 0.3817600112320999 0.7001749015319163 0.42095689548467785 0.9792491383245151
0 0.3855583422585235 0.6297465913139401 0.34714548879621326 0.6260899539433624 0.316752003088989 0.9453725062889923 0.35516485655129915 0.9490291436595699
0 0.36610271761914787 0.5962943597169942 0.3375015151477484 0.5932918096384514 0.30025462880425147 0.9480921326547428 0.32885583127565093 0.9510946827332856
0 0.35131198171698275 0.6049339134037026 0.32072160339881906 0.6017400702658181 0.28366506406934633 0.9566646887620618 0.31425544238751 0.9598585318999462
0 0.32291980256289776 0.5963360864514989 0.2865931019182741 0.5914714510074943 0.23852541962032192 0.9504172190137312 0.2748521202649456 0.955281854457736
0 0.31489478727463915 0.5825679425178171 0.2719343601933731 0.576121136828181 0.21626469292817144 0.9470944213231322 0.2592251200094375 0.9535412270127683
0 0.3047270831555168 0.5738568777849873 0.24833360290369005 0.5646958056278258 0.18773422222558994 0.9377318344808326 0.24412770247741672 0.9468929066379943
0 0.23858089333227533 0.6343404215794639 0.1875404722179977 0.6310414540583594 0.16735243570011046 0.9433833849053871 0.2183928568143881 0.9466823524264916
0 0.2610246351872018 0.5231319851583196 0.16021916649812837 0.5107546273579159 0.10658394945354117 0.9475783242735407 0.20738941814261463 0.9599556820739444
0 0.21324517392700798 0.5151744507472421 0.13772590494686815 0.5002765046593629 0.05225008094321382 0.9335625231584352 0.12776934992335365 0.9484604692463146