0 0.8314523890819278 0.14654998712930117 0.0871613126623518 0.10754334449686061 0.08282724123931642 0.19024235335868805 0.8271183176588923 0.22924899599112863
0 0.8621129584409977 0.648935245324421 0.09579189758480625 0.600416845011457 0.09191913898394326 0.6615849062070004 0.8582401998401347 0.7101033065199645
0 0.8329377806879542 0.7855656457017716 0.10133156152616281 0.7244389876210382 0.09531274137747037 0.7964763996284778 0.8269189605392617 0.8576030577092114
0 0.7990671921874999 0.0181165625000001 0.10626795125472299 -0.01819150629371832 0.09972595683769853 0.10663718652524937 0.7925251977704755 0.1429452553189678
0 0.8354351445674462 0.6975135047303406 0.09894586232360637 0.6589157361132567 0.09600196474266312 0.7150886469853279 0.8324912469865028 0.7536864156024118
0 0.8647084145378964 0.4972085381411609 0.08921016563065905 0.45656639622223744 0.08585739330734163 0.5205411018591638 0.8613556422145789 0.5611832437780873
0 0.8769680187256979 0.233426151449094 0.08586618373770159 0.1919662610767238 0.08292228615090029 0.24813917330630603 0.8740241211388966 0.2895990636786762
0 0.7906156785333001 0.4182225763343091 0.08221285162703333 0.3810967565811313 0.07886007929074965 0.44507146250781215 0.7872629061970163 0.4821972822609899
0 0.8461408733402855 0.5885827862110721 0.09102529014994884 0.5426252251870929 0.08878380251527558 0.579454469488963 0.8438993857056122 0.6254120305129421
0 0.7629181919289362 0.31976306729261067 0.08104146250388392 0.28402742193472424 0.07883353934857076 0.3261571051932505 0.760710268773623 0.3618927505511369
0 0.7092184343122214 0.35919417660877195 0.0788335403367725 0.32615710418317045 0.07613496751213171 0.3776489410514988 0.7065198614875807 0.41068601347710026
0 0.8080161578125 0.7430158656249999 0.10273404843750007 0.7060535953125 0.10077145004451478 0.7435022023043855 0.8060535594195148 0.7804644726168855
0 0.8333642315524132 0.6176081137952167 0.10935781773199423 0.5796645452591485 0.10788586897358396 0.6077510005668776 0.831892282794003 0.6456945691029459
0 0.8489226939734422 0.562112614386612 0.11250441622345561 0.5198253947434593 0.11093193608855365 0.5472096286210366 0.8473502138385403 0.5894968482641892
0 0.8530432946600734 0.4809507527364277 0.11967472895818913 0.44251653433677846 0.11877520468750007 0.45968047968750014 0.8521437703893844 0.4981146980871493
0 0.8710038623265687 0.2906142612001569 0.0995161654010422 0.25018230440401695 0.09266751491957684 0.3808623408324806 0.8641552118451032 0.4212942976286206
0 0.8251333148608081 0.8567589958385383 0.08811300843070999 0.7931488614283098 0.08123309377527384 0.8728631530985869 0.818253400205372 0.9364732875088153