0 0.04881386343281844 0.7934395523000564 0.046192961976158645 0.2828166930448358 0.007045866594525968 0.28301762545013265 0.009666768051185761 0.7936404847053533
0 0.08334483641635945 0.28040911917951883 0.045678384541879925 0.280215788250907 0.04302100454859033 0.7979502053364845 0.08068745642306986 0.7981435362650964
0 0.12766346596564365 0.28597643466732503 0.08236232988573088 0.28548603606126627 0.07678645538289874 0.8005638655995257 0.12208759146281152 0.8010542642055845
0 0.15545469389695832 0.28889669187020933 0.12596596497250095 0.2886173639268494 0.12111891354139961 0.8003219360342884 0.15060764246585698 0.8006012639776484
0 0.18056697495506382 0.29081292083971166 0.1533486229948457 0.2905137863472722 0.14772778453941876 0.8019558408682986 0.1749461364996369 0.8022549753607381
0 0.20638981411624985 0.2899703470212836 0.17973571611025374 0.2894426009849887 0.16950849066601734 0.8059741342844179 0.19616258867201344 0.8065018803207128
0 0.24313998475100754 0.2947172232162216 0.20255928317836439 0.2938483343423764 0.19145921470454855 0.8122674092447728 0.2320399162771917 0.8131362981186179
0 0.27968025632591975 0.3000795258012698 0.24232469072591786 0.29917020242227604 0.2296935117973476 0.818066828168015 0.26704907739734945 0.8189761515470086
0 0.346826213768086 0.2966884665284168 0.2805153580157786 0.29423780111283804 0.26116904432038135 0.817716285217295 0.32747990007268873 0.8201669506328738
0 0.38371145189832556 0.3024103268358014 0.3446078838476572 0.3010138858077741 0.3281338772247656 0.7623240493708316 0.36723744527543395 0.7637204903988588
0 0.41442700912575414 0.3075991721844124 0.38355392472332617 0.3062421359115598 0.36353132102207747 0.7617638831126079 0.3944044054245054 0.7631209193854605
0 0.45637709732403453 0.47015158251535993 0.42977107435778733 0.4687684925915345 0.41397246421228207 0.7726808970746128 0.44057848717852927 0.7740639869984383
0 0.49199822861551673 0.2926162542758742 0.4666826269369765 0.2911442320460645 0.43798100305675386 0.7847501457101105 0.4632966047352941 0.7862221679399202
0 0.5256408489255977 0.2688047487340647 0.4920238982392717 0.26683803854383376 0.4616215709790709 0.7865046072799703 0.4952385216653969 0.7884713174702013
0 0.5403321239015961 0.37690176779710466 0.519380895556963 0.37565920499847455 0.49519358529482693 0.783488781824035 0.5161448136394602 0.7847313446226651
0 0.5761828288508343 0.30631043328417684 0.5434555287681662 0.30431225521179484 0.5136381002148072 0.7926791057177602 0.5463654002974753 0.7946772837901422
0 0.6133784257860024 0.30657184305703605 0.5763594463570876 0.30398322387848886 0.5407955995164531 0.812569935093929 0.5778145789453679 0.8151585542724764
0 0.6600053551913474 0.28375713183009066 0.6151929074290293 0.2806235401749603 0.5750928543836382 0.8540810069194654 0.6199053021459563 0.8572145985745957
0 0.7013850347582309 0.28670299434521507 0.6601218515445048 0.2834129701742413 0.6142152322434618 0.859169604321105 0.6554784154571879 0.8624596284920788
0 0.7616600800943454 0.39755076296415126 0.6879136859603963 0.3927250254896574 0.6556284319970589 0.8861047578267603 0.729374826131008 0.8909304953012542
0 0.7990176633082793 0.3117304480509622 0.7230313403831842 0.306416959473241 0.6852900631120269 0.8461416319522833 0.7612763860371221 0.8514551205300046
0 0.843429586953655 0.390561596054322 0.7919998751869777 0.38601758848360807 0.7493943781169705 0.8682325495916559 0.8008240898836478 0.8727765571623698
0 0.8963021410305627 0.2924580576965349 0.800832142889859 0.28578214591326034 0.7598248544940287 0.8722137636457763 0.8552948526347324 0.8788896754290507
0 0.9440252844454301 0.29331695203505 0.8989867925251053 0.2885952885280688 0.8351707668678412 0.8973166749001281 0.880209258788166 0.9020383384071093
0 0.9898166865181837 0.2938838460116478 0.9444830400557374 0.288908509727681 0.8770458634222482 0.9033741356553227 0.9223795098846945 0.9083494719392895