0 0.15880703942670332 0.3132843506478934 0.021529304688918362 0.3121355692765476 0.01725693933102097 0.8226771335232282 0.15453467406880592 0.823825914894574
0 0.23563875538668283 0.8073430807872717 0.20588146093314794 0.3817909125964158 0.08703107936757795 0.3901016816736761 0.1167883738211128 0.8156538498645318
0 0.23509459954477135 0.7995585189138097 0.20951040418077885 0.4336874639962448 0.17833652647887038 0.4358673537870853 0.20392072184286292 0.8017384087046503
0 0.3048729207525261 0.7894641078800493 0.27947017879633645 0.42618788419693765 0.20932895562326012 0.4310926351181304 0.2347316975794497 0.794368858801242
0 0.31845201093373143 0.7934965698208538 0.29111131786655264 0.476864721245225 0.24302054513890664 0.4810172885325173 0.2703612382060855 0.7976491371081461
0 0.37093595685333075 0.7822370120349126 0.3458961138910811 0.42415044754859454 0.28549672799721904 0.42837398254764764 0.31053657095946874 0.7864605470339656
0 0.4055589832788158 0.7848973695222903 0.38153697064514114 0.48905025146853365 0.3323491068050769 0.4930441774339534 0.35637111943875166 0.78889129548771
0 0.5157070526066466 0.8086188853552162 0.4654458992709859 0.08985092834540002 0.3465954947805864 0.09816175849001049 0.396856648116247 0.8169297154998267
0 0.6441303962078764 0.8080908339710741 0.5979473106491153 0.07584728386275426 0.46912248444469773 0.08397235095253748 0.5153055700034588 0.8162159010608573
0 0.7193783756951232 0.7813392076738321 0.6812742585791196 0.2364248729660508 0.605287933760113 0.241738353701827 0.6433920508761166 0.7866526884096083
0 0.7922310593064669 0.7676169359943146 0.7431981293253396 0.19976786125227042 0.6553489323049025 0.20735350983038617 0.7043818622860298 0.7752025845724303
0 0.8715269914853232 0.7810139198684218 0.8174029026010338 0.16905636595756401 0.7392706574374277 0.1759667089297828 0.7933947463217172 0.7879242628406405
0 0.9535147652022606 0.7749668073075243 0.8890295341557243 0.1312205323240509 0.793302002090236 0.14080973270104136 0.8577872331367725 0.7845560076845148
0 1.010129122819577 0.7608517913604737 0.9580765625522207 0.15092300115810806 0.8904890113504464 0.15669105988687557 0.9425415716178026 0.7666198500892413