0 0.7295940790920856 0.12167929265700625 0.7291311778747571 0.048405392618520976 0.03590255130270352 0.05278480158895449 0.03636545252003205 0.12605870162743976
0 0.6933735410400709 0.12642451108430172 0.6918335055131611 0.09418513621748142 0.04422006573571867 0.12512083857155948 0.04576010126262843 0.15736021343837978
0 0.7354944258760774 0.17050815898805438 0.7330986372608638 0.12180308981656869 0.028337671622796212 0.15647008293750525 0.030733460238009824 0.20517515210899093
0 0.6395179403356999 0.2136228345116578 0.6371943562057272 0.17148860927623388 0.0289939479500967 0.20502915282650677 0.031317532080069474 0.24716337806193073
0 0.7491356361512718 0.26438899303116153 0.7467510843423841 0.20502008878902994 0.01840523158331044 0.23427409714345684 0.02078978339219812 0.29364300138558846
0 0.6993113090532863 0.28777030325511643 0.6974533879573691 0.25486669377529936 0.04807132562578531 0.2915344226959255 0.049929246721702535 0.32443803217574263
0 0.7496874209019273 0.3363537657462177 0.7466119262528385 0.28233074007683523 0.02431322869254288 0.32345072089733856 0.02738872334163177 0.37747374656672106
0 0.766211214266044 0.3856210499722738 0.763208287081979 0.3335487229073836 0.025328806300513207 0.3761010434257493 0.028331733484578132 0.4281733704906395
0 0.7541440046920587 0.4420322137158902 0.7509137782432997 0.38482519726338266 0.0286907002868604 0.42560593069414476 0.031920926735619276 0.48281294714665235
0 0.7523612499158101 0.4847023174318331 0.7499343807993478 0.4410077543372033 0.037769896434681746 0.4805625609432985 0.040196765551144056 0.5242571240379283
0 0.7524307612134373 0.5231838696873948 0.7504769132175191 0.48444732276314273 0.03807679997324065 0.5203803535590006 0.04003064796915902 0.5591169004832528
0 0.7622795522208726 0.555977442921195 0.7604448427666493 0.5197224718510383 0.03529305238368731 0.556419311106214 0.037127761837910625 0.5926742821763707
0 0.7606813808017788 0.6084268448889057 0.7578451901322155 0.5547097825866172 0.032668946167067926 0.5929981403033668 0.03550513683663128 0.6467152026056554
0 0.76486674039652 0.6647190382512088 0.7620281240918374 0.6080577510728016 0.031194912320107404 0.6446710222187026 0.03403352862479002 0.7013323093971099
0 0.7711041431254464 0.7162006989865255 0.7682959400570402 0.6618782279434547 0.035015751724541945 0.6997851868011284 0.03782395479294821 0.7541076578441991
0 0.735400766552683 0.7644651209252882 0.7322883896059984 0.7157528309559535 0.12728520544169591 0.7544083317392086 0.13039758238838056 0.8031206217085434
0 0.763721837861143 0.7953690987781383 0.7615505424645165 0.7614362621725012 0.12542674378516044 0.8021405714470042 0.12759803918178694 0.8360734080526413
0 0.7717639928765676 0.8363232831249675 0.7691953373635461 0.7949409783367282 0.12014220863504814 0.8352285820814609 0.12271086414806971 0.8766108868697003
0 0.5435284790216709 0.8904929640727367 0.540531134832614 0.8476288934199943 0.10719449486498416 0.877930706568702 0.11019183905404106 0.9207947772214446
0 0.6703487724885057 0.9530382491736692 0.6691007612500204 0.9288271267565703 0.12320722605598156 0.9569663123425084 0.12445523729446681 0.9811774347596073
0 0.7663927545936428 0.9825929557896995 0.7635316501160607 0.9416772478541654 0.11222927928445695 0.9872207377134183 0.11509038376203906 1.0281364456489523