0 0.26536126468231236 0.13422801409707208 0.06690059601821716 0.11686494347972867 0.002742585432395206 0.8501938552622977 0.2012032540964904 0.8675569258796412
0 0.179690465243373 0.23294456267786687 0.11846032816664645 0.22863894687666236 0.07500382414106076 0.8466336359563433 0.13623396121778733 0.8509392517575478
0 0.24264213195935155 0.24902608243051985 0.17712964306321877 0.2440681812117557 0.1325399251077473 0.8332657617088686 0.19805241400388007 0.8382236629276326
0 0.27802277321661184 0.2527350520675204 0.24138061968826524 0.2498890227571029 0.19585114194054265 0.8360734684305562 0.23249329546888925 0.8389194977409737
0 0.3950051787411198 0.10901493056698701 0.28799207590093195 0.09965250767104077 0.21975346561681253 0.8796242629703868 0.32676656845700036 0.888986685866333
0 0.42647509243629644 0.2423233249578148 0.3817241585921188 0.23840812619052065 0.32731458398570773 0.86031250919178 0.3720655178298854 0.8642277079590741
0 0.5639590782484423 0.14990751309134476 0.47445721017970255 0.1420771168210967 0.40848561181340354 0.8961361822223084 0.4979874798821432 0.9039665784925563
0 0.4711313600173028 0.2697301649459522 0.42443473320647546 0.26564473949633555 0.3734257492954203 0.8486800965403669 0.4201223761062476 0.8527655219899837
0 0.6377434447108812 0.24775139853898653 0.5579700402763669 0.24077213005766418 0.5008399783560631 0.8937717312527955 0.5806133827905774 0.9007509997341178
0 0.6862566233318093 0.29909097496620035 0.6318346150198957 0.2937408798014304 0.574274542755711 0.8792509753644682 0.6286965510676245 0.8846010705292381
0 0.725881774658744 0.2973281875846975 0.6869055997898468 0.2932560312916067 0.6241482705860426 0.8939305784602929 0.6631244454549399 0.8980027347533838
0 0.7595945477623901 0.2819910891404692 0.7196543720867797 0.2777494105089947 0.6547748570111089 0.8886630263219641 0.6947150326867193 0.8929047049534387
0 0.8352005326982276 0.2782416014753622 0.760802633966181 0.2700234571380219 0.6898377807371742 0.9124599668105808 0.7642356794692209 0.9206781111479213
0 0.9655725634948793 0.14207086989693474 0.8682384925749181 0.12960619546055246 0.7643049056130409 0.9412021321169984 0.8616389765330019 0.9536668065533807
0 0.99251837852776 0.2508802750880671 0.9502877489475947 0.2455156820751358 0.8642981388222966 0.9224347632040979 0.9065287684024618 0.9277993562170292