0 0.13067736384989775 0.8825392736266741 0.07104965916915248 0.19681075247686616 -0.0032175074265727134 0.20326867356467543 0.05641019725417255 0.8889971947144835
0 0.2377557197776181 0.8700156696925614 0.20290528725955442 0.2050296438073093 0.07807659466765805 0.21157163680889254 0.11292702718572174 0.8765576626941447
0 0.2572629661159639 0.8630122193412182 0.2122610675234502 0.31023410364837983 0.1635393908947303 0.31420055580822115 0.20854128948724404 0.8669786715010597
0 0.31341479161213537 0.8582363375445974 0.2810147895449063 0.24000714032807666 0.20689775307841854 0.2438914475486722 0.23929775514564772 0.8621206447651929
0 0.34894565062123234 0.8560504189727753 0.3042505177202384 0.276541095645306 0.24533733628858845 0.2810848231880983 0.29003246918958236 0.8605941465155678
0 0.39323729301727134 0.8484426416112081 0.34797616953029575 0.27968427436184384 0.3019848770203564 0.2833442074537914 0.347246000507332 0.8521025747031556
0 0.43099103217201173 0.8414901797966904 0.3893233010289022 0.23895604765058143 0.3447311605417883 0.24203977888136635 0.3863988916848979 0.8445739110274753
0 0.5070805254663837 0.8297759291800306 0.4706726682106927 0.2397707894726666 0.39024462358551437 0.24473381872614092 0.42665248084120544 0.834738958433505
0 0.5646338495373308 0.8242139094856951 0.5287407067653863 0.20070326740589714 0.46993740458839134 0.20408835047915536 0.5058305473603358 0.8275989925589533
0 0.595412997286801 0.827829020734401 0.5642381979295945 0.23297823619608504 0.5330310245917729 0.23461373436234742 0.5642058239489793 0.8294645189006635
0 0.6228554158354924 0.8289955597600581 0.5931780872698711 0.2627183961152565 0.5658718114029275 0.2641494573920186 0.595549139968549 0.8304266210368203
0 0.6638148321050529 0.8268489687770181 0.6319593497248507 0.21901017664874947 0.5890494863362727 0.22125898737753769 0.6209049687164749 0.8290977795058063
0 0.7226005609307096 0.8289776108079284 0.6885669151146738 0.17957719447132134 0.6261525683839367 0.18284819294473795 0.6601862141999725 0.832248609281345
0 0.7659389333389084 0.8218303118249697 0.7417630378556728 0.21852900724126584 0.6908344140755469 0.2205698532932447 0.7150103095587825 0.8238711578769486
0 0.8259743163703087 0.8235600220786283 0.7927574823676224 0.18974521518366022 0.7283926890411553 0.1931184318272038 0.7616095230438417 0.826933238722172
0 0.8290719062630677 0.8261866038833169 0.8123034060266289 0.24611607032053123 0.7957133433825951 0.24659565073924403 0.812481843619034 0.8266661843020298
0 0.9083015451350596 0.8270596428214123 0.8756292543385988 0.2036352425813363 0.793710424070897 0.20792842687630708 0.8263827148673576 0.831352827116383
0 0.9363478207118844 0.8395011334569288 0.9234960155677292 0.2300398256333998 0.8774675755195747 0.23101043448911338 0.8903193806637297 0.8404717423126424
0 1.0183434588689186 0.8369210087661626 0.9844459559594412 0.19011819226339402 0.8771712977151249 0.1957402194827736 0.9110688006246024 0.842543035985542