0 0.9167931132095155 0.14175827889271958 0.9109666515774885 0.030582721784442803 0.06934371103101969 0.07469029272246877 0.07517017266304685 0.18586584983074556
0 0.7679120704824184 0.13391435871256627 0.7642321985157323 0.06369821870968 0.06547735114171185 0.10031840851692361 0.06915722310839796 0.1705345485198099
0 0.7511599213727231 0.16217356775974717 0.7493199843798142 0.12706550556060958 0.08433395767766136 0.16191597333512886 0.08617389467057035 0.19702403553426645
0 0.5258860360677993 0.17873161872091542 0.5239297222703182 0.15323442344339436 0.06439408649843092 0.18849304286838428 0.06635040029591197 0.21399023814590534
0 0.9001010495262898 0.22086528291342528 0.8980566749812583 0.18185631562598215 0.09280015775627701 0.224058046164114 0.09484453230130853 0.26306701345155714
0 0.8173753492673986 0.22687832626156937 0.8159300224879875 0.2066606406283789 0.10211467436964394 0.2576900441371811 0.10356000114905517 0.27790772977037154
0 0.938345473594085 0.2480710980504118 0.9363171199526384 0.21727424549768673 0.09501869681012715 0.2726841519874137 0.09704705045157376 0.30348100454013877
0 0.9359743254273983 0.30895229829226994 0.9327033315799156 0.24653794681676638 0.10147079538079681 0.29010094871388403 0.10474178922827948 0.3525153001893876
0 0.7722232038245358 0.31557832048978934 0.7708943611406658 0.2902224915061282 0.08252991903489224 0.32629814311735844 0.08385876171876219 0.35165397210101956
0 0.7373900618038116 0.3467409270778615 0.7357545623726122 0.3155337482679551 0.08895174568067017 0.34943125772376465 0.09058724511186973 0.3806384365336711
0 0.6885467217846343 0.3590797263158298 0.6878311910724306 0.34542658697373885 0.09557801093282811 0.376465260876651 0.09629354164503179 0.390118400218742
0 0.6475984077518933 0.37296056914380127 0.6468828770440488 0.3593074295459241 0.11177693326252491 0.38735114300691265 0.11249246397036934 0.4010042826047899
0 0.61204973359783 0.39047003800831837 0.611129765611044 0.37291600287561044 0.09940223640232364 0.39973450593032517 0.10032220438910959 0.41728854106303304
0 0.6531603498237105 0.42938743530764 0.6509115392029778 0.38647757144981404 0.0820367738992533 0.4162910338816822 0.08428558451998605 0.4592008977395081
0 0.652300467202467 0.4626811898168378 0.6504605296110095 0.4275731199467242 0.08678096846776297 0.45711433989760064 0.08862090605922053 0.4922224097677142
0 0.7036992700048195 0.49910360150243854 0.7013482410875571 0.45424328863183394 0.10389985821114482 0.4855542255119566 0.10625088712840713 0.5304145383825613
0 0.7694149294351996 0.5602011647170893 0.7634862422925224 0.44707516216018933 0.124476232719743 0.48056428351308655 0.1304049198624202 0.5936902860699865
0 0.8345351303017685 0.612254443161413 0.8320635929571196 0.5441440296024569 0.062284699441715365 0.5720771632164374 0.0647562367863642 0.6401875767753935
0 0.905674703013101 0.6254248919505191 0.9038347673076437 0.5903168221642628 0.14793268140923782 0.6299319660938953 0.1497726171146951 0.6650400358801515
0 0.6334802753547384 0.6616334551785437 0.6328543525768449 0.6319508048817055 0.12060581108667963 0.6427526715228252 0.12123173386457316 0.6724353218196633
0 0.8495641217694179 0.6492786545274879 0.8489366998136351 0.6269905950787621 0.6612617445684376 0.6322737552274637 0.6618891665242204 0.6545618146761896
0 0.6608446989105189 0.6754161902914724 0.6585958885482114 0.6325063278193132 0.12868514740961798 0.660277770026654 0.13093395777192546 0.7031876324988131
0 0.6330610072770811 0.6974136663536108 0.6326842375980231 0.6739316812784082 0.11727914638169142 0.6822013829318512 0.11765591606074959 0.7056833680070538
0 0.8680226078277702 0.7065823375825071 0.866681935690574 0.6481058985641857 0.12494580338175468 0.6651114649501052 0.12628647551895106 0.7235879039684266
0 0.776131728778155 0.740077430482476 0.7755156859632982 0.7088501439434253 0.11947875290352634 0.7217922495082729 0.12009479571838311 0.7530195360473236
0 0.18151501563299247 0.7240064591503133 0.18131057821114022 0.7201055621502306 0.13974895005878754 0.7222837155614255 0.1399533874806398 0.726184612561508
0 0.7643048103920307 0.712665968379163 0.7641336969379592 0.7050911701726148 0.18395538379424464 0.7181973034889553 0.18412649724831615 0.7257721016955034
0 0.917451683053673 0.7584431630955111 0.9169795987897313 0.7306049537131061 0.23243206640206865 0.7422136068962586 0.2329041506660104 0.7700518162786636
0 0.9573174909920859 0.7699543357695424 0.95677210662967 0.729176290563492 0.21492743475059162 0.7390980629618495 0.21547281911300745 0.7798761081679
0 0.7499211077413993 0.8331042060872189 0.7497067297492634 0.770594560282482 0.19324895706815606 0.7725029425566101 0.19346333506029195 0.8350125883613471
0 0.9227205028827941 0.7713145518439709 0.16339136068338314 0.7695347030495354 0.1630665668852592 0.9081000670805693 0.9223957090846702 0.9098799158750047