0 0.9345083222708238 0.009790828483730252 0.92620997924401 -0.030896978034233923 0.4275481016638216 0.07080590714657357 0.4358464446906353 0.11149371366453775
0 0.9260339260267898 0.04616028477671234 0.9219539144649366 0.02263993631387302 0.43877240822340974 0.10645613210934664 0.44285241978526296 0.12997648057218597
0 0.9468373463599059 0.1097456391268918 0.9352181438669828 0.04258319396293227 0.4336265681678416 0.1293592795054546 0.44524577066076476 0.19652172466941412
0 0.9191074504260432 0.13056114639909516 0.9162984529445588 0.11368147039986946 0.46127212954255103 0.1894037648623975 0.46408112702403564 0.2062834408616232
0 0.8783257238455364 0.1576202558158323 0.8746997397157952 0.13568400183762433 0.4657874264978935 0.2032757410496581 0.469413410627635 0.22521199502786607
0 0.8908484944372101 0.20831160283585612 0.8828687799847122 0.155804484059938 0.4652685962669606 0.21926883516249068 0.4732483107194585 0.27177595393840887
0 0.8892279813113483 0.23820403194942977 0.8851506466632945 0.20919226941460667 0.4699601232147817 0.2675434538615444 0.4740374578628355 0.29655521639636745
0 0.8551596379391254 0.23904738393884836 0.853256874793707 0.2255085312395706 0.4715910633405098 0.2791482048537236 0.47349382648592825 0.29268705755300134
0 0.8379233447581275 0.24738674558697787 0.8365642322898796 0.23771615803144358 0.5116325212953795 0.2833823326258672 0.5129916337636271 0.29305292018140144
0 0.893981386688323 0.25331453790939074 0.8918068068226009 0.23784159826462198 0.4740374648033616 0.2965552506492311 0.4762120446690837 0.31202819029399986
0 0.8995502551570466 0.27422739787826655 0.8965602068030132 0.25295210102025373 0.47621204467673295 0.3120281900015133 0.4792020930307664 0.33330348685952604
0 0.8762540041444883 0.2976591930432099 0.8737775946399792 0.2759863888252425 0.4777974034917759 0.32123245385192745 0.480273812996285 0.34290525806989486
0 0.8613463050758565 0.3213413270443606 0.8585926294863044 0.29789350765847517 0.4599943764869924 0.344704269088299 0.46274805207654435 0.36815208847418435
0 0.8506380762478074 0.3864826722554998 0.8427694177526993 0.31814055590678 0.4609231969328381 0.3621049174133495 0.4687918554279463 0.4304470337620693
0 0.888632711356361 0.40625316002325934 0.8860069594142939 0.38197231541427623 0.4714707538860264 0.4268006261362303 0.4740965058280935 0.45108147074521343
0 0.8894278013412709 0.43040846742644867 0.8870197416552633 0.4069153479132702 0.4746766222009521 0.4491807798072136 0.47708468188695957 0.472673899320392
0 0.890627389962485 0.45489885362837335 0.8882405273945378 0.42999134130119776 0.4775141118481354 0.46935085236184965 0.4799009744160824 0.49425836468902523
0 0.8935407461306648 0.4764222575379534 0.8914958594677669 0.45444670459359504 0.48070876735499335 0.49267159240774266 0.48275365401789105 0.5146471453521011
0 0.8809084143591797 0.49872019263541006 0.8791639201120549 0.47749303664660847 0.4810426272357143 0.5102115178904942 0.4827871214828391 0.5314386738792958
0 0.8866236860756164 0.5219102514978013 0.8847562198517588 0.49719927911100337 0.48330473757270226 0.5275379105472264 0.4851722037965599 0.5522488829340244
0 0.8994103704452321 0.538876601014198 0.8980741106806244 0.5193478789443503 0.4885725609270807 0.5473681683684621 0.48990882069168845 0.5668968904383098
0 0.8995778767534972 0.560300324129276 0.8983132621198848 0.5386276169658955 0.4907671022102174 0.5624081642601951 0.4920317168438297 0.5840808714235758
0 0.9050131330985385 0.5798358614037047 0.9039763170691065 0.5596115589607085 0.4908735921760635 0.5807896207592993 0.4919104082054956 0.6010139232022955
0 0.8591555902169465 0.6081219438961832 0.8578996432068233 0.5809265555601224 0.4931496025580578 0.5977715705065589 0.49440554956818084 0.6249669588426199
0 0.8738376351473616 0.6213139214309031 0.8730414544503781 0.6040739886603124 0.49643390058579157 0.6214666124434322 0.49723008128277507 0.638706545214023
0 0.8741869208012508 0.6436537649698071 0.8733302445943505 0.6202223485965741 0.49595053822910196 0.63401973114744 0.4968072144360022 0.657451147520673
0 0.877007643881386 0.6660487739237289 0.8760990200516282 0.6407031481509545 0.5142363026528525 0.6536756859402024 0.5151449264826102 0.6790213117129766
0 0.8709144887147037 0.7147177375159595 0.8692723106265149 0.6648073442222988 0.5058044963517625 0.6767663539790842 0.5074466744399513 0.7266767472727448
0 0.8739141745649992 0.7529073701666891 0.8729132295024973 0.7124729686822566 0.512211516945376 0.7214020633384242 0.5132124620078778 0.7618364648228566
0 0.8657922510952716 0.7760817763863346 0.8656387960513616 0.7524373647654437 0.5181972748046272 0.7546923015663229 0.5183507298485373 0.7783367131872139
0 0.7780166987408158 0.8336919834409837 0.7773678218330156 0.8168987164031634 0.525088362643738 0.8266465704098666 0.5257372395515383 0.8434398374476869
0 0.9128812749976383 0.8196501165989266 0.9116861343688569 0.7833264421791173 0.523263121870648 0.7961065403053436 0.5244582624994295 0.832430214725153
0 0.8246122339428819 0.8472305386791238 0.8233787243618329 0.8202706940124973 0.524095754098094 0.8339639632367865 0.525329263679143 0.8609238079034128
0 0.7970760477586706 0.8666752702636931 0.7964497970993792 0.8453940949827423 0.526527726881829 0.8533372124186632 0.5271539775411204 0.874618387699614
0 0.8673414013519686 0.9158548542891196 0.8666418191095264 0.892594279714811 0.5333480700768043 0.9026183824125056 0.5340476523192464 0.9258789569868142
0 0.7549327456863487 0.8971491264873718 0.7537665097846823 0.8718962681079153 0.5277453182447078 0.882334453922389 0.5289115541463743 0.9075873123018454
0 0.7341717047349328 0.8784906830590522 0.7338799163069216 0.8667035323868149 0.52902223074464 0.8717747411715637 0.5293140191726512 0.8835618918438011
0 0.42720119266366385 0.7760323359601244 0.40526376779425977 0.7304295444283413 0.07805093996597816 0.8878367246836399 0.09998836483538227 0.933439516215423
0 0.3504189254698499 0.7503350206307402 0.3407195476026191 0.7271573475675954 0.06816404838343293 0.8412161993564016 0.07786342625066375 0.8643938724195463
0 0.37236009418682225 0.6938205721844573 0.3646909924243983 0.675354577357496 0.04167599968343905 0.8095057494623527 0.04934510144586306 0.8279717442893139
0 0.41787985284532053 0.7486239256585179 0.40198162433121204 0.7106334525149928 0.07380551554136447 0.8479683772657562 0.08970374405547302 0.8859588504092815
0 0.3515063371577126 0.7233515832029132 0.34313110863945473 0.7032520310374055 0.05142212357738738 0.8248034661443271 0.059797352095645226 0.8449030183098347
0 0.4136225738693005 0.6568918505306539 0.4088233499821743 0.6454540637695281 0.06402666409258999 0.7901285996462895 0.06882588797971616 0.8015663864074153
0 0.4186025213473896 0.6441786445050225 0.4114795690970584 0.627186978504229 0.10144279033317043 0.7571552329931384 0.10856574258350167 0.7741468989939321
0 0.4347281021487047 0.6202757161831199 0.42925956280276195 0.6071780686696678 0.08931208870031196 0.7491131860847442 0.09478062804625469 0.7622108335981963
0 0.4608460680608363 0.6071628526232473 0.4439307296371785 0.5686444180400269 0.04459783920616878 0.7440111238375813 0.061513177629826554 0.782529558420802
0 0.4561766202339023 0.5620180470902614 0.44676553199417146 0.5402116111860045 0.12234030555734285 0.6802250662318895 0.13175139379707368 0.7020315021361464
0 0.4450683984502435 0.5771288240642869 0.4393984528137815 0.5642176150873127 0.0517932331189566 0.7344340934975029 0.0574631787554186 0.747345302474477
0 0.4310890868838234 0.5946841813473809 0.426287084292705 0.5835099699398361 0.06561712328594602 0.7385041815334733 0.07041912587706442 0.7496783929410181
0 0.4035343799374356 0.5709139253535003 0.39318640231926966 0.5468342870153398 0.06032081969756067 0.6898798573206262 0.07066879731572662 0.7139594956587867
0 0.42024434436461033 0.5393237165935187 0.4006173656936062 0.4933302096070271 0.03359426684234927 0.6499513286496599 0.05322124551335343 0.6959448356361515
0 0.3912566954121841 0.49911253150801 0.3813342906877133 0.4765179185964724 0.04182332575719276 0.6256138652995923 0.051745730481663574 0.6482084782111299
0 0.4146235820376803 0.4707676689252039 0.400247463882506 0.4363115937380527 0.05415415872794131 0.5807122029366367 0.06853027688311567 0.6151682781237879
0 0.3623281596473187 0.4525007932400462 0.3503970601283294 0.42540089466009545 0.02806088403604239 0.5673137872187695 0.03999198355503166 0.5944136857987201
0 0.331396659031043 0.44430273309869783 0.317507317073921 0.39568385437696046 0.0038780555967971252 0.48528082113028476 0.01776739755391914 0.5338996998520221
0 0.2849925494355721 0.45868656356363025 0.2760431304589176 0.43759801805136134 0.01662301897463303 0.547689027755781 0.025572437951287587 0.5687775732680499
0 0.3450547353550234 0.42303873602643655 0.3386447974966488 0.3849883610615622 0.022375122350047606 0.43826691524268335 0.028785060208422197 0.4763172902075577
0 0.37233162513040097 0.3955879718921577 0.36782933000957446 0.3671842145598062 0.015478329056623974 0.4230355645712328 0.019980624177450446 0.4514393219035844
0 0.3601583317050604 0.3835372985987323 0.3553259745104902 0.3531626332322436 0.0029041817458484885 0.4092300158763482 0.007736538940418702 0.4396046812428368
0 0.3611147583580587 0.3538872775810539 0.3564115932358151 0.31753931839232585 -0.0027442246716198105 0.36401150428486795 0.001958940450623753 0.400359463473596
0 0.37233673693034447 0.342572250348271 0.3674448964128386 0.29940710923231006 -0.004608227874573573 0.3415713301985848 0.0002836126429322905 0.38473647131454575
0 0.37811938365567066 0.3304964141500223 0.372372593145665 0.273653434498167 -0.0036368137621081986 0.3116677557833096 0.0021099767478974796 0.368510735435165
0 0.3025768731414968 0.282258394854333 0.29255319790665096 0.23210329644791275 -0.008357436988769873 0.2922413596705516 0.0016662382460759795 0.34239645807697183
0 0.4158048436346248 0.27515452077236124 0.40167007550491834 0.1745804191062626 -0.00815467394508696 0.23217753119902212 0.005980094184619522 0.3327516328651208
0 0.4110942220636967 0.22697227135572007 0.4062865045683902 0.15023194340219076 -0.0048077174953065 0.17598665329647073 2.7755575615628915e-18 0.25272698125000004