0 0.9976847609374999 6.741380877866982e-17 0.10166059375 1.2548152363427582e-17 0.10166059375 0.08750139531250006 0.9976847609374999 0.08750139531250012
0 1.001113988853568 0.08866007807546891 0.12328584082462468 0.044962624518700076 0.12114667895835625 0.08793575788357731 0.9989748269872996 0.13163321144034615
0 1.0020181280264957 0.1299159175741247 0.09126530274305533 0.0835937231370409 0.08922761948369788 0.12365714862982943 0.9999804447671383 0.16997934306691326
0 1.0018535121754029 0.1690416518950742 0.07431664472561514 0.11050219674328558 0.07069746511122123 0.16784681181646696 0.998234332561009 0.22638626696825556
0 0.9947049916524021 0.2269770764942582 0.08024230456156504 0.1609435758596142 0.07422731337535354 0.24424197667292638 0.9886900004661905 0.3102754773075704
0 0.9387216517164614 0.2563695442197871 0.0536589575784341 0.1926544037958618 0.04659120813873861 0.29083203189131046 0.931653902276766 0.35454717231523575
0 0.7799273675642777 0.27528278872191175 0.0629664839788984 0.22180463411786272 0.05781842830424139 0.2908226204821372 0.7747793118896207 0.34430077508618623
0 0.9961103400034114 0.3637716946249543 0.10171335815570817 0.2820943764701565 0.09143482202385554 0.39464816621039367 0.9858318038715588 0.47632548436519145
0 0.8063017510277547 0.4281077936853488 0.09231265454281459 0.3530645147229695 0.08598378262968345 0.4132797078955755 0.7999728791146236 0.4883229868579548
0 0.9528808904577808 0.5044222679498755 0.13556631217019416 0.4151270226226929 0.1268344733474402 0.49504907377945057 0.9441490516350269 0.5843443191066332
0 0.7284440502046075 0.7275063280822867 0.08932846111472492 0.6346896997314386 0.08495884305391023 0.6647779616157097 0.7240744321437927 0.7575945899665577
0 0.9506257025414918 0.7861887452323651 0.053685536911243226 0.6553247656262159 0.047803671508808446 0.6956390014010447 0.9447438371390572 0.826502981007194
0 0.7941081123318504 0.8023812629166074 0.0444480964925454 0.6895532370016878 0.03479600227271955 0.7536843697326053 0.7844560181120246 0.8665123956475249
0 0.7723026971685713 0.8634907071426344 0.03364529225836528 0.7443817495786046 0.027746677274755438 0.7809621690992394 0.7664040821849614 0.9000711266632694
0 0.5263937486502419 0.8563574316300038 0.026394096153413128 0.7664858543295276 0.020846867968277127 0.7973478047726064 0.5208465204651059 0.8872193820730827
0 0.9467387944905866 0.9933040293736349 0.04646768564686028 0.8430475890016431 0.04107305703663089 0.8753698526510926 0.9413441658803572 1.0256262930230844
0 0.7918237623988915 0.9978141316784761 0.05141345275273197 0.8687860444050217 0.046491196625847865 0.8970317485774787 0.7869015062720074 1.026059835850933
0 0.6252377684982935 0.9949035247858271 0.02123582453009547 0.8972551482074133 0.013155335861212047 0.9472368379726225 0.6171572798294102 1.0448852145510363