0 0.9281188653750757 0.048811414440639064 0.21296640345726922 -0.038998158969594146 0.20653970917030057 0.013343129830963054 0.9216921710881071 0.10115270324119627
0 0.7981300051941864 0.08282615933385155 0.20878753698878771 0.015621617690673401 0.20722841360085723 0.029294170217828326 0.7965708818062559 0.09649871186100648
0 0.9137989434276047 0.09989486543525436 0.18347490301457542 0.025229337570424705 0.1743820753839981 0.11416878263755696 0.9047061157970274 0.1888343105023866
0 0.8621652301712242 0.18042666298334012 0.19606656416005433 0.09864003064618114 0.1794047398935032 0.23433969940757365 0.845503405904673 0.3161263317447326
0 0.7512772867248294 0.22978069850601815 0.20135862017347303 0.16225917749982194 0.1906474473952618 0.24949468054565224 0.7405661139466181 0.31701620155184845
0 0.6697739046336746 0.27436588154506125 0.20464209859252605 0.2197498525336266 0.20042997660436082 0.2556219571718225 0.6655617826455094 0.31023798618325715
0 0.7455614665464756 0.31874432120206864 0.20277731890480227 0.2553285287468222 0.19690576137314306 0.3055839655514608 0.7396899090148163 0.36899975800670715
0 0.7447045470414431 0.3686869443685109 0.19220410399840077 0.300848422505576 0.18958581729663965 0.32217265721781696 0.7420862603396821 0.3900111790807519
0 0.7395044817691627 0.3896941761188244 0.18958581663811774 0.322172654196105 0.18553937352694477 0.35512828864954316 0.7354580386579899 0.4226498105722625
0 0.74320337271248 0.42360081687226775 0.1777940407667174 0.35417728016936245 0.16993918057096297 0.41814998260909614 0.7353485125167255 0.4875735193120014
0 0.8618309195787065 0.5003697710480489 0.14730300084093706 0.4248224029574021 0.13861003923986148 0.5070405386445522 0.8531379579776308 0.5825879067351991
0 0.7483493927669912 0.5737848969808292 0.14679516739283488 0.49992334802265714 0.14108254388577132 0.5464489470267055 0.7426367692599276 0.6203104959848776
0 0.8463839303279919 0.6291134742072585 0.1157408210565305 0.5394017761198431 0.10455359494092557 0.6305144163606264 0.8351967042123869 0.7202261144480419
0 0.6960187315461358 0.7011693951024321 0.15642717420523852 0.6349159028172437 0.1533328364046036 0.6601172694953392 0.6929243937455009 0.7263707617805276
0 0.6961092329258473 0.7207144887689706 0.15034417169484335 0.6592796086783129 0.14477549865854641 0.708749668295019 0.6905405598895504 0.7701845483856766
0 0.7371153441145516 0.7512533606796286 0.12940251028641395 0.7076195688738904 0.12187638626378224 0.8124402128806777 0.7295892200919198 0.8560740046864158
0 0.8088853385659345 0.8704833030501831 0.10922356116177805 0.7845756416092629 0.10017857111950437 0.8582411762476635 0.7998403485236608 0.9441488376885838
0 0.7944615381306328 0.9446260228147677 0.10211162881868892 0.8624518280193147 0.09534558468330623 0.9194584108668054 0.7876954939952501 1.0016326056622584