0 0.1111651307960001 0.8961581636855985 0.04278738051632267 0.349191081032815 -0.004043406654748805 0.35504551719934574 0.06433434362492862 0.9020125998521292
0 0.1483887471650796 0.8987531792743116 0.08293531403926195 0.3235993522679686 0.04194030327225482 0.32826465061032123 0.10739373639807248 0.9034184776166642
0 0.3245944834033999 0.93149853322038 0.26979704519587705 0.14785982340883447 0.06327012271779378 0.16230161416136663 0.1180675609253166 0.9459403239729122
0 0.3573765100113272 0.8898242607444186 0.306515351894763 0.25401488441882203 0.22262089877704966 0.260725966708583 0.2734820568936139 0.8965353430341796
0 0.47207841804872175 0.8846802069414542 0.42726071435945406 0.2437571571493186 0.30841030917930495 0.2520679867324344 0.35322801286857264 0.89299103652457
0 0.48322429325976035 0.8760782569925123 0.4482047755682424 0.3752760357454778 0.40923742779096806 0.3780008993083426 0.44425694548248595 0.8788031205553771
0 0.4989241921248356 0.8774838656802648 0.465948619511621 0.4910907745956513 0.4419236673230861 0.49314111290060963 0.4748992399363007 0.8795342039852233
0 0.5506143228823034 0.8426148570794689 0.5133679445708308 0.4121661790851081 0.45626169814222706 0.4171075367130106 0.49350807645369976 0.8475562147073713
0 0.6113020403164436 0.8409868310618988 0.57525822535095 0.41279843789554843 0.5128378652278485 0.4180528257917716 0.5488816801933422 0.8462412189581221
0 0.6467417280385569 0.8411062463232521 0.602852034218245 0.29892612578486566 0.5324603966626575 0.30462435650707886 0.5763500904829695 0.8468044770454656
0 0.6742616097689884 0.8416971316880849 0.6225182830172205 0.23766729882043572 0.5673073454452207 0.2423968625399903 0.6190506721969886 0.8464266954076394
0 0.696210019501473 0.8220133761266626 0.6505478312309103 0.24624160706535422 0.6213681099674194 0.24855573567952427 0.6670302982379821 0.8243275047408325
0 0.737505589936586 0.8165768849213648 0.7215381244885655 0.5882318302627833 0.7020544511864214 0.5895942634484621 0.7180219166344419 0.8179393181070438
0 0.7179567454613622 0.5650146016878695 0.6992675816679226 0.29774709529211546 0.679783908107894 0.29910952640606503 0.6984730719013336 0.5663770328018191
0 0.7844954146184462 0.8445812561651866 0.7451211558614254 0.2815031098941246 0.6964119727253198 0.2849091877064943 0.7357862314823407 0.8479873339775563
0 0.8438536749806861 0.8534681128381582 0.7959513495233655 0.16843294938058473 0.6732042101228367 0.17701626558707226 0.7211065355801574 0.8620514290446456
0 0.8858105046543956 0.8374966154269631 0.8438959892920226 0.2380908449395486 0.7971351806941183 0.24136067770865938 0.8390496960564914 0.8407664481960738
0 0.9019653636043925 0.8261472499535193 0.872800036784368 0.31178135473775653 0.8492995309532596 0.3131138690809026 0.878464857773284 0.8274797642966654