0 0.8761749107527617 0.04766485746968092 0.12576501163229822 0.026393876287889417 0.12505551268356516 0.05142398796889693 0.8754654118040287 0.07269496915068843
0 0.8721003307422152 0.07238379331428631 0.12786301480139936 0.04206645629188684 0.12658867645046032 0.07334922209689812 0.8708259923912761 0.10366655911929759
0 0.8697821496195063 0.09717042777724375 0.12461187278984516 0.07221912965509411 0.12378159991952915 0.09701522088805171 0.8689518767491903 0.12196651901020136
0 0.8678382665915839 0.11883689647620306 0.12052084845597885 0.08892592630849339 0.11941992556442897 0.11643218398808 0.866737343700034 0.14634315415578966
0 0.8657961580406635 0.14300593798598923 0.12410210306837004 0.10895155247815161 0.1229790083783164 0.1334122098167492 0.8646730633506099 0.16746659532458685
0 0.8613693676816213 0.16524836776315954 0.11953414736036003 0.12978555110637544 0.11806765815917772 0.16046256557442135 0.8599028784804391 0.19592538223120542
0 0.744795643869302 0.2155654865518958 0.14362140892867398 0.16296955320608916 0.13476965321063003 0.26414557829322005 0.7359438881512581 0.31674151163902675
0 0.6669099722596478 0.2693232159712231 0.09242120650106543 0.23220747047803708 0.08959822784081856 0.27590239037627234 0.6640869935994009 0.31301813586945837
0 0.7410453050426635 0.3176217433363592 0.08926360429055116 0.2720492547779281 0.0869512210159989 0.30512116178046067 0.7387329217681112 0.3506936503388918
0 0.7797729945257598 0.3521576838118758 0.09193464242495586 0.3026406848059636 0.08930129758674135 0.3392203566437976 0.7771396496875453 0.38873735564970985
0 0.7324070182340715 0.3870131571228132 0.0897724911434912 0.33078992681525177 0.0829634494353317 0.4086176374275081 0.725597976525912 0.46484086773506955
0 0.6323123188565118 0.45667943028487273 0.12442374164399732 0.41224493700109655 0.12067876821001364 0.4550501787968681 0.6285673454225282 0.4994846720806443
0 0.7350500057231091 0.5108113606250215 0.07465082848056348 0.44533896905271997 0.07075876231200415 0.4845970018473781 0.7311579395545498 0.5500693934196796
0 0.7092823789926118 0.5536672391469739 0.09350821042229743 0.4868285870600359 0.08332358360588145 0.5806579793990697 0.6990977521761959 0.6474966314860077
0 0.6612797688817145 0.6394384668036046 0.11265145400206697 0.577572710557041 0.1098218033625725 0.6026661799693738 0.65845011824222 0.6645319362159374
0 0.6570524188900564 0.6624072730699294 0.10840869363569046 0.5970634277364395 0.10407020423227645 0.6334905001885978 0.6527139294866424 0.6988343455220877
0 0.6253387401790125 0.6923375596816057 0.11056317327704486 0.6316800634764007 0.10757494157054008 0.6570399739076929 0.6223505084725077 0.7176974701128979
0 0.6555962991145281 0.6979079596730193 0.10106489401628083 0.6493927518678831 0.09680924272812029 0.6980350723936543 0.6513406478263676 0.7465502801987904
0 0.6545870254561857 0.7466334364186484 0.09613558011555765 0.6785117811474775 0.09342821051732061 0.7007064042697169 0.6518796558579487 0.7688280595408878
0 0.6854999276450766 0.7142482848019056 0.08173441671594807 0.6614257379850016 0.07424448260989272 0.7470362237505394 0.6780099935390214 0.7998587705674434
0 0.6901428849125857 0.7951717032577144 0.07143112445482892 0.7250207461402568 0.06539435377907299 0.7782633698442067 0.6841061142368298 0.8484143269616643
0 0.7203082267164513 0.8311772204335263 0.06227353639100127 0.7672182236146424 0.054875859026000985 0.8433283656762873 0.7129105493514512 0.9072873624951713
0 0.5592669411172757 0.8860410328968757 0.07906854331806212 0.8151961052605294 0.06991754885051471 0.8772230284037368 0.5501159466497283 0.9480679560400832