0 0.1307245051527815 0.045079324315867184 0.023449846921710003 0.039457296868293606 -0.02215522896762113 0.9096538541159015 0.08511942926345036 0.9152758815634752
0 0.1769882847041992 0.16992649918724728 0.0853172125831266 0.16512222732009793 0.04597437627564754 0.9158291157565523 0.13764544839672013 0.9206333876237016
0 0.2125999350606138 0.1914136054617766 0.14948142708094703 0.18944921737780937 0.126150925951112 0.9390905096214098 0.18926943393077875 0.9410548977053772
0 0.28322087193293316 0.12079445954200589 0.21495517994795638 0.11721680634612335 0.17343414822193343 0.9094853152025081 0.24169984020691024 0.9130629683983906
0 0.28289384430050785 0.17751649534329522 0.24015874089969666 0.17593297839641742 0.21182347286119535 0.9406299473190416 0.2545585762620065 0.9422134642659193
0 0.36341695605764196 0.08332157934270594 0.28539902331432293 0.07923283274645046 0.23952168516454653 0.9546245935099286 0.31753961790786556 0.9587133401061841
0 0.41666816288252795 0.11215971664652072 0.3581547144098337 0.10909315814630408 0.31377487605121884 0.9559113045602257 0.37228832452391314 0.9589778630604423
0 0.5397939337624756 0.08293155103775784 0.4215520770778676 0.07487849575171561 0.35927200185362296 0.9893279149349462 0.477513858538231 0.9973809702209886
0 0.5895968073554538 0.08228980590051574 0.5413303981408486 0.07866104533391688 0.4722215266868294 0.9978831898485836 0.5204879359014346 1.0015119504151824
0 0.6569620514376386 0.12305406008754391 0.5868303540307941 0.11742005383657483 0.5160108446640138 0.9989761224969402 0.5861425420708584 1.0046101287479094
0 0.6762076316529007 0.2197034594550113 0.6411551682750446 0.21711153265476685 0.5860605998570197 0.9621944345366618 0.6211130632348758 0.9647863613369063
0 0.7359525830804342 0.10284534359543121 0.6579346502192013 0.09875659724299651 0.6107718230888161 0.9986770039988025 0.6887897559500491 1.002765750351237
0 0.7844169601811447 0.14451661041929312 0.7341323200444063 0.14076646423196584 0.6701240377088247 0.9990352575638342 0.720408677845563 1.0027854037511614
0 0.8164627037894633 0.1410856245079586 0.7860513794508777 0.13881759796611842 0.7218494261783145 0.9996833718553884 0.7522607505169001 1.0019513983972286
0 0.8846222655078811 0.14246029387235506 0.8168781349790979 0.13720752776114878 0.7500112467643488 0.9995796774766189 0.8177553772931321 1.004832443587825
0 0.9497682828000732 0.1586485902410567 0.882315965287203 0.15256922302393275 0.8060042270214032 0.9992697784641272 0.8734565445342733 1.0053491456812513
0 0.9938967083223389 0.16856262615254422 0.9499630334517766 0.1642079356470536 0.867136633965759 0.9998283089272946 0.9110703088363212 1.004182999432785
0 1.0188892981642168 0.27490824574278616 0.9812441989179044 0.2710407784479377 0.9072052742071977 0.991719831775008 0.94485037345351 0.9955872990698564