0 0.8123168583582627 0.06962041940042887 0.805119314692565 -0.018613443248244866 0.03522118118992444 0.04418983054799383 0.042418724855622106 0.13242369319666758
0 0.7952509533500931 0.12509969849760827 0.7906321774789172 0.06870916770155114 0.06444643447336162 0.12818882040984717 0.06906521034453746 0.1845793512059043
0 0.9649650742104322 0.2770075165093644 0.9620676899621665 0.11101718627003362 0.05960039174440385 0.12676987819287655 0.06249777599266963 0.29276020843220735
0 0.7889342381717093 0.19156112183694876 0.7849205590366681 0.14182587875649671 0.05844498247743962 0.20045311536286153 0.062458661612480725 0.25018835844331355
0 0.789719132872551 0.23095731806410819 0.7856305569546066 0.18564644103350728 0.057083366037908215 0.25138607564389914 0.06117194195585267 0.2966969526745
0 0.7884611857645931 0.31076917885163796 0.7818285146473728 0.2297910457323459 0.06465441487857408 0.28853258192641457 0.07128708599579442 0.36951071504570665
0 0.8160974229599323 0.3929045215469603 0.8146657718347216 0.3108857702859294 0.06304315084150658 0.32400546980017897 0.06447480196671722 0.4060242210612099
0 0.744641030080182 0.39840158204778564 0.7401419425287383 0.3417864791863937 0.01802098937103164 0.3991719686898326 0.02252007692247537 0.45578707155122455
0 0.8155872104883841 0.42896731473059974 0.81273820803236 0.39112684134697373 0.029589817062606882 0.45008994327977697 0.03243881951863113 0.487930416663403
0 0.20383248437500007 0.49051895468750023 0.2021475751887795 0.4892992127666588 0.2012317135252207 0.4905643523046793 0.2029166227114413 0.4917840942255207
0 0.8471546655290811 0.47818292237503834 0.8431683141318815 0.4252361723265704 0.027479346129430104 0.48664924969770756 0.031465697526629643 0.5395959997461756
0 0.8404126616838129 0.5192883751076025 0.8373603354007828 0.4789561959551891 0.015952138747486126 0.541120102801544 0.01900446503051611 0.5814522819539574
0 0.9720364557503446 0.5926765341503444 0.9669163022387114 0.5062062750690106 0.023050075898264473 0.5620953174363217 0.028170229409897673 0.6485655765176553
0 0.6569752871005268 0.6424542054675338 0.6551949421172985 0.6097380582117377 0.03637344705138312 0.6434130424829758 0.03815379203461144 0.676129189738772
0 0.5321670125 0.6703629921875001 0.5312075567416578 0.669130586876917 0.5295662406249999 0.6704083890625 0.5305256963833421 0.6716407943730831
0 0.6711527592136697 0.6762450869456639 0.6686773736950686 0.6257134310227823 0.0414447118064807 0.656439569315225 0.04392009732508173 0.7069712252381065
0 0.7962302267007929 0.703671666908204 0.7921391151841435 0.6051418399367837 0.04292612620281929 0.636250327405598 0.04701723771946875 0.7347801543770183
0 0.7493903562962333 0.7260574511135633 0.7484778653210636 0.7029882897926812 0.05164885908791885 0.730551068108712 0.05256135006308856 0.7536202294295941
0 0.8494337371540006 0.7691515476898325 0.8454926645257663 0.6764257863025885 0.03937824876000456 0.7106876290922299 0.04331932138823889 0.8034133904794739
0 0.8442709660871739 0.796288140186844 0.8433447136204177 0.7685894054455107 0.05275852455736233 0.7950268010392578 0.05368477702411835 0.8227255357805913
0 0.8434308795947834 0.8885249926771455 0.8408590396604338 0.7958322652981671 0.0580898808356183 0.8175508729922953 0.06066172076996775 0.9102436003712736
0 0.7977831362640426 0.9831578055373609 0.7962151492536947 0.8933277386235364 0.06799946106994012 0.9060387693400009 0.06956744808028803 0.9958688362538254