0 0.07109215320163373 0.8979285691152938 0.05398644166863291 0.14741844514205682 0.028944546931420723 0.14798920283596612 0.04605025846442154 0.8984993268092032
0 0.09350605304241862 0.8952193461277224 0.08457689844507696 0.1504175096026346 0.053241571091484974 0.15079317728842329 0.062170725688826624 0.895595013813511
0 0.11618628863553784 0.8968255938085561 0.10319050660863294 0.15136735993578324 0.07847343604671586 0.15179825954460174 0.09146921807362077 0.8972564934173747
0 0.1361855522895455 0.900157120128599 0.128281200062116 0.15230497392893755 0.100612517865079 0.15259741543741695 0.1085168700925085 0.9004495616370785
0 0.15401907158492792 0.8956814349911632 0.1485466541336226 0.15321551622090174 0.12370159344224893 0.15339863916334118 0.12917401089355424 0.8958645579336026
0 0.1800519472911496 0.8991980178343754 0.17810694130093624 0.1565581451685249 0.14726939597751815 0.15663891003529973 0.1492144019677315 0.8992787827011502
0 0.3046443116726754 0.2739704727968585 0.20314368007875055 0.2704259928908427 0.1820828605781474 0.8735289975287654 0.28358349217207224 0.8770734774347814
0 0.3048925571487048 0.3460692303873548 0.26093573886937205 0.34538098549346813 0.25192484222669365 0.9208888458122733 0.2958816605060263 0.92157709070616
0 0.33789380767875055 0.269350383139115 0.3043864959121418 0.26882028289239446 0.2940505972088805 0.9221461064150418 0.32755790897548925 0.9226762066617622
0 0.3744443547600531 0.22919887001239841 0.3381928221412126 0.22833954374688092 0.3218519314394813 0.917696259659669 0.35810346405832183 0.9185555859251864
0 0.453082166001819 0.27655128415311825 0.3750047579220511 0.2738247610211483 0.3524914668119935 0.9185210764888863 0.4305688748917613 0.9212475996208562
0 0.49275668343456214 0.3716358221766338 0.4498141082085346 0.37013623419789893 0.43202134319750163 0.879654289023804 0.4749639184235292 0.881153877002539
0 0.5379636536238497 0.26654680845585205 0.4985047817755963 0.26464820641469994 0.4666082055455673 0.9275585407441923 0.5060670773938207 0.9294571427853443
0 0.6371990924342129 0.29351364090933313 0.5427332159523464 0.28728308825641 0.5019658661464004 0.9053861115018265 0.596431742628267 0.9116166641547496
0 0.6563177748492139 0.33318790874023274 0.6318626951152967 0.3316074485102313 0.5962506335570726 0.8826468156284623 0.6207057132909899 0.8842272758584636
0 0.6888947170818336 0.33696445278196346 0.6528236464943273 0.334686914914849 0.6180118594103764 0.8860272229349884 0.6540829299978825 0.8883047608021029
0 0.7106532351000454 0.36639493205407103 0.6852498553548113 0.3647725553310378 0.6522149512431562 0.8820372584554905 0.6776183309883903 0.8836596351785238
0 0.7382918334152346 0.3359633143485375 0.6894934531053287 0.33425923786800166 0.6700666671264484 0.8905697680728762 0.7188650474363543 0.8922738445534121
0 0.7612198913690803 0.3343242025064236 0.7385808522458809 0.3326743630479973 0.6976870098876411 0.8938182321182833 0.7203260490108405 0.8954680715767095
0 0.7901315018727711 0.3065405716059088 0.7042463529248413 0.3035413964589063 0.6830947549540316 0.9092439823933516 0.7689799039019615 0.912243157540354
0 0.8388573196434133 0.29801195849805345 0.7849488862641876 0.2939356595028065 0.737969541158836 0.9152303434218553 0.7918779745380616 0.9193066424171021
0 0.8974872166498095 0.2666022133165886 0.8201298367571169 0.2600169949946153 0.763952308463486 0.9199414174153834 0.8413096883561785 0.9265266357373566
0 0.9447400032006132 0.42647681319707587 0.8822794065888454 0.4206051752605847 0.8368502420877822 0.903866021552866 0.8993108386995502 0.9097376594893571