0 0.7194309336617858 0.11634192745833798 0.7147226732615689 0.05969683300742222 0.09459544575447418 0.11124093398686323 0.09930370615469111 0.167886028437779
0 0.6919496432024722 0.11905960235245364 0.6864991120670875 0.08167053632864943 0.07442048765411917 0.17089859026137746 0.0798710187895039 0.20828765628518164
0 0.7357384756904792 0.17980990493397284 0.7280315974764637 0.11352173192647559 0.07787515714316798 0.1891110305656146 0.08558203535718359 0.25539920357311185
0 0.6774709326540859 0.20020712131172105 0.6721993634034868 0.16059544329455747 0.07681083696083385 0.23983045693863075 0.08208240621143295 0.27944213495579434
0 0.6876439312635891 0.26014249426264807 0.6789651283624433 0.19492814854468135 0.07007070203252283 0.27596054495294287 0.07874950493366875 0.34117489067090956
0 0.7282713310804458 0.30069404050016796 0.722586875711176 0.2545062065102076 0.07479500358667408 0.33423161615959607 0.08047945895594397 0.3804194501495563
0 0.694183961151454 0.347448400677077 0.6885514572492549 0.30187710122099337 0.07563786927913616 0.37763175858553416 0.08127037318133519 0.42320305804161784
0 0.6936913072639992 0.38296896704007893 0.689744092238892 0.349301328130993 0.07989663597792224 0.42080022500573405 0.08384385100302952 0.45446786391481997
0 0.6865739599872535 0.4197656240309742 0.6824089464560877 0.38188164806399494 0.1171919589141666 0.4440223379221221 0.12135697244533228 0.48190631388910143
0 0.7397500581684442 0.46602262485705204 0.7337933753865149 0.41446079793097707 0.09365958411301904 0.48841228801446046 0.09961626689494829 0.5399741149405355
0 0.7544210783692845 0.5016120477581195 0.7501387905402909 0.46252551323521984 0.10268853568792706 0.5334596182940546 0.10697082351692073 0.5725461528169543
0 0.7616392485532633 0.5576467025905322 0.7559096248539039 0.5012343857390473 0.0972717071498773 0.5681301920663916 0.10300133084923671 0.6245425089178764
0 0.7546947198608008 0.6170699023947831 0.7489550862802739 0.5593181665029519 0.09126742945429339 0.6246821958662745 0.0970070630348204 0.6824339317581058
0 0.7787527084439139 0.6644413536527375 0.7734560213316382 0.6078194414866742 0.10981326909758216 0.6698997895081971 0.11510995620985787 0.7265217016742602
0 0.6866880275998414 0.7371775371189694 0.6818130291284568 0.6727320230613977 0.08523663104670705 0.7178602072530003 0.09011162951809157 0.782305721310572
0 0.7310561017274175 0.7755692391839137 0.7262875925874311 0.7073763837090451 0.09055420036489775 0.7518311945583275 0.09532270950488421 0.8200240500331961
0 0.7699723422342157 0.810047941957432 0.7643863738176101 0.7301648834831547 0.0949201914721857 0.7769785261001465 0.1005061598887913 0.8568615845744239
0 0.8190398258534692 0.8798711128385481 0.8156886106560538 0.8050998248789918 0.10273500137022704 0.8370540821305612 0.10608621656764246 0.9118253700901174
0 0.7741064457303348 0.9451247777041724 0.7716059669359892 0.8823122505408415 0.10530390246709354 0.9088368031750784 0.10780438126143918 0.9716493303384093
0 0.7428138672730176 0.98315381025609 0.7417304372888169 0.9474251077822924 0.10858000703044719 0.9666246340218597 0.10966343701464772 1.0023533364956574