0 0.7200910757730036 0.0174070574233924 0.7127518694333942 -0.034814110101535976 0.07551629172941338 0.054743508262265886 0.08285549806902275 0.10696467578719426
0 0.6814932389822203 0.02952886000602517 0.6793556878569273 0.015863180807284348 0.0932752374008609 0.10753640891145344 0.09541278852615385 0.12120208811019426
0 0.8088703610669323 0.09565663783639126 0.7963665285526578 0.006687239767163677 0.0699762355258066 0.1087747300852997 0.0824800680400813 0.1977441281545273
0 0.7861406562449128 0.2329688130046695 0.767113083317527 0.09758059938673258 0.10254324143156412 0.19097980153228136 0.12157081435894997 0.3263680151502183
0 0.6850093275352217 0.2609881341348292 0.6727773205431551 0.17395285172363567 0.12412081763125937 0.25106146783812766 0.13635282462332596 0.3380967502493212
0 0.6107868435409375 0.2733436921191503 0.6054591436023322 0.23729007432122998 0.14212635717883276 0.30575749059046975 0.14745405711743803 0.34181110838839013
0 0.6975002402451078 0.312485274027937 0.69043285630577 0.26219822354277056 0.14950391553650838 0.3382208272037946 0.15657129947584622 0.38850787768896095
0 0.7053701694661301 0.3311024220371773 0.7023801223155695 0.3098271311988959 0.15114777333693258 0.3872977860956429 0.15413782048749322 0.40857307693392436
0 0.7074152988206039 0.36434442960986857 0.7027943168505784 0.33146443435098244 0.15413782007475635 0.4085730762280913 0.15875880204478193 0.44145307148697743
0 0.7241129966191445 0.4270842645248825 0.7151428554928977 0.36325839217614 0.151031244083432 0.4425391067059611 0.16000138520967888 0.5063649790547036
0 0.8622357585019905 0.48844385344113517 0.8497120654250578 0.4068785836898675 0.1396474850333759 0.5159033058141791 0.15217117811030867 0.5974685755654467
0 0.7653250286174206 0.5505699734140672 0.7584864677188901 0.5045269986264156 0.15882801510193265 0.5935916358583141 0.16566657600046317 0.6396346106459656
0 0.8807738665354918 0.6259667953329758 0.8679982100647503 0.5350632802039488 0.1390320642298634 0.6375127954374157 0.15180772070060483 0.7284163105664427
0 0.7445936070303523 0.6651076512317046 0.7408751348766935 0.6401936611488472 0.20302546835865107 0.7204690004722768 0.20674394051230977 0.7453829905551341
0 0.7539230844627552 0.7109690087906815 0.7464507739852311 0.661889701224182 0.2034502564473608 0.7445613740264457 0.210922566924885 0.7936406815929452
0 0.8132558158723899 0.7848298532714708 0.7948028596461958 0.6817572435804611 0.1950678950180559 0.7891270199233464 0.2135208512442502 0.8921996296143562
0 0.9045777142305413 0.8514104447017553 0.8942484607201671 0.7779139855187756 0.19619254148138732 0.8760193450747169 0.2065217949917617 0.9495158042576965
0 0.9075806849923156 0.9101579869936017 0.8996978334710027 0.8540685837686736 0.20936946873921308 0.9510879080483239 0.21725232026052593 1.007177311273252