0 0.8558501441330776 0.03623457326203827 0.1679130165734364 0.012470146929182848 0.16532378185647265 0.08742380534352916 0.8532609094161139 0.11118823167638459
0 0.8376979904868433 0.11637212182891905 0.17342146456134008 0.06992140234692441 0.16470190916637845 0.19461690825023567 0.8289784350918816 0.24106762773223034
0 0.7253665947750545 0.19078683634735444 0.17136358530917062 0.16595667827864638 0.16919840928092186 0.21426543379901028 0.7232014187468058 0.23909559186771837
0 0.7899197365796471 0.2402942742163031 0.1723501587266198 0.19710958678634105 0.16717291853656518 0.2711475439627412 0.7847424963895924 0.3143322313927032
0 0.7482889938070998 0.2737322048428221 0.16723416649745715 0.251328817103535 0.16495271232759098 0.31050066977659085 0.7460075396372337 0.3329040575158779
0 0.7391382018433326 0.3309192769011891 0.16921781491634602 0.3052576563692895 0.16715497710643307 0.35107133837474913 0.7370753640334196 0.3767329589066487
0 0.7749237818695847 0.37703724530891625 0.17152514667384902 0.34805840195944354 0.16938433893866695 0.3926343862403636 0.7727829741344026 0.4216132295898364
0 0.7667386766803237 0.4219431530316163 0.1762959006011132 0.3884641557728734 0.1717222928268339 0.4691252834067874 0.7621650689060444 0.5026042806655303
0 0.7973960435479904 0.5051184508471919 0.17359406195173782 0.46884633726076413 0.17015225782712495 0.5280379315990393 0.7939542394233776 0.5643100451854671
0 0.7593826465380835 0.5651272643128353 0.16516653724808722 0.5235756298360049 0.1629866475664164 0.5547495073893927 0.7572027568564128 0.5963011418662232
0 0.7260647939170204 0.5941237642408108 0.16039181741307978 0.5545680559079328 0.15848441380537906 0.5818451979851893 0.7241573903093197 0.6214009063180674
0 0.7658109158387868 0.6223557088737373 0.1586206554464812 0.5798968425512017 0.15562330784816564 0.6227609231623581 0.7628135682404713 0.6652197894848937
0 0.7994136759200883 0.6638633293896236 0.1507061342322974 0.6185012763999107 0.1463463542862654 0.6808490306281314 0.7950538959740563 0.7262110836178443
0 0.7540486362665468 0.7234534851357834 0.15227261303438022 0.6744880016567384 0.1481401083175593 0.7252756601823797 0.7499161315497259 0.7742411436614247
0 0.7767600528254144 0.7640897396069859 0.1436214933508992 0.719816374790326 0.13912547017277366 0.7841124961750569 0.7722640296472888 0.8283858609917167
0 0.7154693621900912 0.824514457670156 0.1376939440209735 0.7702935308294075 0.13614900840756908 0.7867562855643243 0.7139244265766866 0.8409772124050725
0 0.7541002189331827 0.8271157222437779 0.13134097905893102 0.7835681591255458 0.12561876895025553 0.8653995857889487 0.7483780088245073 0.9089471489071809
0 0.7208899554865378 0.9073932026553118 0.11430262097325147 0.8474338935015998 0.10978274346025638 0.8931599115567044 0.7163700779735428 0.9531192207104164
0 0.7540202591276326 0.9101210652486806 0.10642448321349071 0.8879472495319911 0.10313887530751586 0.983904834297971 0.7507346512216578 1.0060786500146606