0 0.9816955374999999 6.528806782146516e-17 0.0836180265625 1.0296680363673582e-17 0.0836180265625 0.07147775468750005 0.9816955374999999 0.0714777546875001
0 0.9887308310500149 0.07145581387113306 0.10763474942960134 0.058386954939065795 0.10699663131307709 0.10140856646637009 0.9880927129334905 0.11447742539843735
0 1.0007357342478325 0.11281116371084025 0.07698192286531072 0.09811202181968735 0.07624618861747798 0.14434855185884723 0.9999999999999998 0.1590476937500001
0 0.9912733326912987 0.15176471565744465 0.0609826814138129 0.12559561621096568 0.05936700559724432 0.18303160519954023 0.98965765687473 0.2092007046460192
0 0.9848752691529954 0.20987843982968454 0.06866511105940062 0.17579944581550105 0.0655608557259676 0.2592570228972613 0.9817710138195623 0.29333601691144484
0 0.9299518146107548 0.24120679264699602 0.043204649342533666 0.20841870793072662 0.039567555144708465 0.3067831899565606 0.9263147204129295 0.33957127467283
0 0.7719143266534683 0.26565035495860845 0.05352383453993505 0.2372263530698453 0.05078760801641234 0.3063819605898642 0.7691781001299456 0.3348059624786274
0 0.9910538236629683 0.34654068179160147 0.09435118814762482 0.2961271156570713 0.08800698300562183 0.408971056430933 0.9847096185209654 0.4593846225654632
0 0.8036061582794547 0.41746181097437673 0.08743303233371248 0.3673821071783688 0.08320949574861147 0.4277814939442928 0.7993826216943536 0.4778611977403007
0 0.9527593425557663 0.48861425900278366 0.13282629170276966 0.42789727776583614 0.126889011468827 0.5080753794568242 0.9468220623218236 0.5687923606937717
0 0.7362447451813996 0.7193951553870892 0.0942792346694958 0.6489398809366269 0.09096234375701916 0.6791623104786126 0.7329278542689229 0.7496175849290749
0 0.9603390374509907 0.7702877953730798 0.05937817446876309 0.6708062960774088 0.05490683852839991 0.7113012495716247 0.9558677015106275 0.8107827488672956
0 0.8044819023976366 0.7919328362200575 0.051340919519217564 0.7053362975867616 0.04393284935326588 0.7697652151170974 0.7970738322316848 0.8563617537503934
0 0.7848224608630032 0.8537660522345731 0.042458182983162396 0.7605084191100671 0.037839799298957845 0.7972724131535273 0.7802040771787986 0.8905300462780336
0 0.5388143659016635 0.8552192198473586 0.03598282722698698 0.7828521250856767 0.03151604464600351 0.8138888713516114 0.53434758332068 0.8862559661132933
0 0.9691141276719044 0.9792103259105815 0.0595667008088198 0.8529196284159204 0.05501085565000596 0.885730891031371 0.9645582825130905 1.0120215885260322
0 0.8836276295452876 0.9976597601356447 0.06455716721210716 0.8842168345789447 0.06062367052240547 0.912617115481518 0.8796941328555861 1.026060041038218
0 0.6466962933066454 0.9907685857350772 0.035391479180132766 0.9137217812615319 0.029060249662999426 0.9639550272684104 0.640365063789512 1.0410018317419558