0 0.8999081593042018 0.03858847976047109 0.16650108298905286 -0.013918738125540637 0.16231392224174998 0.04456642725510444 0.8957209985568989 0.09707364514111617
0 0.8907921698340864 0.09643387465113885 0.17860192539975675 0.035002170222848364 0.17390891832802866 0.08940915574687149 0.8860991627623583 0.150840860175162
0 0.8226352205142332 0.13162959711004177 0.11695923071542788 0.07578686577440576 0.11395009119138562 0.11381289819227462 0.819626080990191 0.16965562952791063
0 1 0.05544686406250012 0.8568470265625001 0.055446864062500115 0.8568470265625001 0.5938250453125001 1 0.5938250453125001
0 0.8779904145679694 0.17397630227550315 0.09951774540938924 0.1073325209243188 0.0927074316305527 0.18688447667666333 0.871180100789133 0.2535282580278477
0 0.9097482557020001 0.2563088249993937 0.13947180514037888 0.18646299140739256 0.1329421426750992 0.25847366074096145 0.9032185932367204 0.3283194943329627
0 0.975510673636234 0.3329124404243425 0.10289469976546387 0.2486844628551188 0.08137859646577297 0.4715949016025432 0.9539945703365431 0.5558228791717668
0 0.8207915591783198 0.5391673560429568 0.0686427467670186 0.4334597227667653 0.05559526720562115 0.5262973538148928 0.8077440796169224 0.6320049870910843
0 0.9148555029370117 0.6174737242303318 0.0957345344186308 0.5023537716615811 0.08024065301984797 0.6125984586536172 0.899361621538229 0.7277184112223678
0 0.9785528638713273 0.6875677067595948 0.10018729785165308 0.5641214764776711 0.08578070717894064 0.6666296951713593 0.964146273198615 0.790075925453283
0 0.8695614912355737 0.774975980899194 0.17351230072226279 0.660442466754988 0.16993579367259506 0.68217780645348 0.865984984185906 0.7967113205976861
0 0.5664875981813298 0.782820947771642 0.16849834726744783 0.7166933937962612 0.16322850905441974 0.7484099602916927 0.5612177599683017 0.8145375142670735
0 0.697862741973059 0.8157664366370115 0.15693379534494745 0.7397438651266455 0.14714819089446848 0.8093720900387058 0.68807713752258 0.8853946615490719
0 0.6675944009374059 0.8831306191314061 0.16367470652488644 0.8045760156655956 0.1597703243758842 0.8296222252139795 0.6636900187884036 0.9081768286797901
0 0.784428717997432 0.9129542994296329 0.17580272017500417 0.8136682746457773 0.1703749955346851 0.8469403724290367 0.7790009933571129 0.9462263972128925
0 0.8265950191188223 0.9430697426403123 0.11441321079106706 0.8287761690808806 0.09614101263607495 0.9426332016232977 0.8083228209638301 1.0569267751827294