0 0.8046124398853023 0.03304471572852108 0.8011047882548894 -0.011051631124374805 -0.0033012989170436366 0.052934991908034947 0.0002063527133691942 0.09703133876093083
0 0.8129729770231908 0.10601037544618652 0.8063165517550802 0.02673452352009855 -0.006040042659842518 0.09494433559277424 0.0006163826082680318 0.1742201875188622
0 0.8201909487566914 0.22308380594176308 0.8118801203525677 0.104233406972598 -0.006130939266787548 0.16143430497661426 0.002179889137336141 0.2802847039457793
0 0.6153356099395728 0.2393665562431945 0.6130194746923989 0.20624431836713936 -0.0023161332405114365 0.24927282675802337 2.006662624953748e-9 0.2823950646340785
0 0.7957209445897097 0.29035021988435283 0.7926222260358087 0.22701434298868256 -0.0030082086297427784 0.2659406973834847 0.00009050992415816916 0.32927657427915497
0 0.7461546406571812 0.32028195022532113 0.7431572912964349 0.2774178682848639 0.001035865619098461 0.329312066880788 0.004033214979844699 0.3721761488212452
0 0.7523894651864994 0.38208625825535103 0.7492063455946355 0.32024460027703716 -0.0015539005870534362 0.35888780174572277 0.001629219004810506 0.42072945972403664
0 0.6344220681932528 0.43773714103835415 0.6304710173055603 0.38123448884417643 0.02068592963935535 0.4238748219677492 0.02463698052704768 0.4803774741619269
0 0.7602157564499085 0.4817751251099082 0.7562240759272348 0.4271285630814462 0.04009235044393999 0.4794386985075597 0.04408403096661366 0.5340852605360218
0 0.7839436730617024 0.5623762862743608 0.7784939483957285 0.48444159363759753 0.015613879259233032 0.5377873654536256 0.021063603925206946 0.6157220580903887
0 0.816574097600397 0.6188313764834732 0.8127592909665484 0.5642770921457164 0.044689561661934586 0.6179857519545237 0.048504368295783154 0.6725400362922804
0 0.7408624918851426 0.7675559577468386 0.7325954295239394 0.6253803711877877 0.04417577802932242 0.6654098047025212 0.05244284039052562 0.8075853912615722
0 0.7866250571244444 0.8617466187880087 0.7781779839436356 0.7409478462230699 0.03865138683009295 0.7926605842942668 0.047098460010901955 0.9134593568592055
0 0.8391966646035722 0.9050599177208637 0.8349731288959406 0.8446605319209073 0.05133441817674078 0.8994578784960335 0.05555795388437242 0.9598572642959897
0 0.8330929501767121 0.931456443537849 0.8318262894272765 0.9041495797673635 0.0724864774852653 0.9393724432699193 0.07375313823470081 0.9666793070404047
0 0.7350504281250002 0.9352921953125 0.05561986718750013 0.9352921953125 0.05561986718750014 1 0.7350504281250002 1