0 0.8643791642830803 0.044131132386291114 0.29697315027448157 -0.004746316820941665 0.2926690284989834 0.04521915028206856 0.8600750425075819 0.09409659948930134
0 0.8521458662801796 0.08981831902415167 0.3050438420027035 0.04478145300988464 0.302599094788106 0.07447992602373313 0.8497011190655821 0.11951679203800014
0 0.8472679278923649 0.11792939005719325 0.2976985730905953 0.06934760552177761 0.29410932468694456 0.1099500854076211 0.8436786794887142 0.15853186994303675
0 0.8391434714973217 0.15822085899077926 0.2944854084289779 0.07195550685129884 0.2816528951797711 0.1529768165343679 0.8263109582481147 0.23924216867384834
0 0.7922268332223065 0.19496083126967062 0.2755605829126771 0.15093493910037364 0.2709071966108794 0.20554479555817645 0.7875734469205089 0.2495706877274734
0 0.7039901381739306 0.22704880946847833 0.2871358278002158 0.1962109887969024 0.2859232512508275 0.21260215231827662 0.7027775616245423 0.24343997298985257
0 0.8971081399685769 0.25667789236872895 0.26218397149320005 0.19986096042185653 0.2571314872247538 0.25632202340001586 0.8920556557001305 0.3131389553468883
0 0.7298708840715932 0.2801385495711626 0.2544328241379372 0.23797775219332698 0.25269591074584685 0.25756454335402607 0.7281339706795029 0.2997253407318617
0 0.8753139412398095 0.3104008773481318 0.2396006851014733 0.2497225909651358 0.23567867277311577 0.2908126641444865 0.871391928911452 0.35149095052748247
0 0.7878230245024741 0.3271237571250598 0.24085054664896255 0.2710313399734009 0.23772558628696597 0.30150368185472687 0.7846980641404775 0.3575960990063857
0 0.8980403897595262 0.3826915930088928 0.23123847352417282 0.30335249437857653 0.22709277457946656 0.3381948362779427 0.8938946908148198 0.41753393490825896
0 0.7873434382906888 0.40114897935999616 0.2508915099128675 0.3285265278670954 0.24544821361676275 0.36873539901850083 0.7819001419945841 0.4413578505114016
0 0.7346116329509533 0.43546798441334633 0.2502718888080104 0.36495709276080696 0.24448544252061283 0.404704227545963 0.7288251866635559 0.47521511919850246
0 0.7181410495702489 0.4732485479414441 0.23771153160814987 0.3971559904847155 0.2331284905975537 0.42609217369518737 0.7135580085596528 0.502184731151916
0 0.7649408451393768 0.5103229720621616 0.21771364166196924 0.42365069228095964 0.20671434258813895 0.49309752911943494 0.7539415460655465 0.5797698089006368
0 0.7876874479487772 0.5853774056606421 0.20141665923022903 0.47958432965625963 0.1947093001680454 0.5167543301527193 0.7809800888865936 0.6225474061571018
0 0.8140198546379572 0.6549746056769032 0.183500664330063 0.5415088154261528 0.17368178043069002 0.5960714700578111 0.8042009707385842 0.7095372603085616
0 0.7190169581208473 0.7111958050343264 0.18735219971110176 0.6012204216405985 0.17028469099793297 0.6837315492822834 0.7019494494076786 0.7937069326760113
0 0.541438555278623 0.7634460673005985 0.17225767769485498 0.6810566255032978 0.16503981418196498 0.7133993277699844 0.5342206917657328 0.7957887695672851
0 0.6624665532551848 0.7839645599826868 0.18314354816851203 0.6769948969282706 0.16803556918468404 0.7446926130894488 0.6473585742713568 0.8516622761438649
0 0.6717685895526324 0.8159162298404862 0.16307851349008437 0.7353476410965827 0.1508570713991481 0.8125107936819363 0.6595471474616962 0.8930793824258396
0 0.5542352025563779 0.8698568323695068 0.040460720837058074 0.7515221822672278 0.007661555359305216 0.8939265771726396 0.5214360370786251 1.0122612272749187