0 0.14869167636562547 0.9996139700210976 0.06233075275804334 0.3404975566352297 0.024689615136968008 0.3454294978592348 0.11105053874455013 1.0045459112451027
0 0.18180158072002828 0.9999206778841987 0.11307986134135344 0.33664335906140114 0.06203816523933433 0.3419317550559454 0.13075988461800916 1.005209073878743
0 0.21154857466616103 0.9991382653401161 0.13786174105459142 0.35265669077957273 0.10093600892413482 0.3568655350630806 0.17462284253570443 1.0033471096236242
0 0.25320922677927776 0.9908349371226131 0.1943737931691918 0.3690992410173525 0.1359687374884359 0.3746261663612316 0.19480417109852194 0.996361862466492
0 0.2985641555154001 0.9683451768031052 0.2261556244702852 0.3868217132255744 0.19030010643725198 0.3912862714992191 0.26270863748236695 0.9728097350767498
0 0.33984190561752536 0.9854896006896949 0.2597877602382913 0.3573603555617285 0.22432945320083428 0.3618794644688449 0.30438359858006825 0.9900087095968113
0 0.3594867165019952 0.9658335472952064 0.2853274171228597 0.36598910163477616 0.26042146414916817 0.36906824663021764 0.3345807635283037 0.9689126922906478
0 0.3875225301952286 0.9789546075889021 0.31469701968602465 0.3217807125436377 0.27856969596439785 0.32578420509438416 0.3513952064736018 0.9829581001396486
0 0.4259040383905545 0.9724620018117532 0.346236819988136 0.3160372771965131 0.3083457278936533 0.32063594296305126 0.3880129462960718 0.9770606675782914
0 0.44471758337114836 0.9478874675804143 0.3803914319949321 0.35526056270415357 0.35051701741422037 0.35850325401428906 0.4148431687904365 0.9511301588905496
0 0.4800508974787519 0.936956747927313 0.4361048242968478 0.5279049229218857 0.39839747040712703 0.5319559747256802 0.44234354358903116 0.9410077997311073
0 0.49701604553771317 0.91422418928545 0.4456092157276224 0.490653286730415 0.4262657278189428 0.49300091586371175 0.47767255762903355 0.9165718184187469
0 0.5310946243116164 0.9011873140629442 0.46713802527590953 0.37915841913102544 0.4301771214982142 0.3836867004691986 0.49413372053392096 0.9057155954011173
0 0.5556359045344703 0.909222839808742 0.4990338628086688 0.4131393199352031 0.47082079083090117 0.4163583695777023 0.5274228325567025 0.9124418894512412
0 0.6103820535500767 0.9439964570582491 0.5423610190485489 0.2943836759190771 0.5066947560518396 0.2981182947201194 0.5747157905533673 0.9477310758592914
0 0.6509066078886605 0.9377582259066303 0.5938673867364744 0.4018520357586276 0.5560020308157653 0.4058822381523918 0.6130412519679513 0.9417884283003947
0 0.6876734848284347 0.9316965818649219 0.6220760090324343 0.28720716784048517 0.5517286852595096 0.29436726507108585 0.61732616105551 0.9388566790955227
0 0.7078083084585106 0.919833600011527 0.6476564134181066 0.32436146445074193 0.6237498237475936 0.32677639973781536 0.6839017187879977 0.9222485352986005
0 0.7343209403292066 0.9122793681902038 0.6770739641252923 0.32182489794799046 0.6468702480667469 0.32475327177123214 0.704117224270661 0.9152077420134453
0 0.7549470584055449 0.9209912011217762 0.6960450458275271 0.27592236962567307 0.670730325739001 0.2782338872316394 0.7296323383170187 0.9233027187277425
0 0.7972670554801906 0.9173016924412358 0.7410438196766498 0.2746671647831186 0.6962928845940185 0.27858236427410865 0.7525161203975594 0.9212168919322259
0 0.8364005809668814 0.8775377536277629 0.799593467615842 0.397591344870894 0.7744733668389517 0.39951780661706976 0.8112804801899911 0.8794642153739387
0 0.9250026574725065 0.898292967505758 0.8696862482898855 0.266023514597193 0.7665645315249994 0.2750454957382077 0.8218809407076204 0.9073149486467728
0 0.9586032899517468 0.8934961328621107 0.9218547042406694 0.29554539098994476 0.8735380580461003 0.2985148135353432 0.9102866437571777 0.8964655554075092
0 0.9836619532642313 0.8910448588519116 0.9529632474330965 0.3659354451346877 0.9249278746365948 0.3675744362475179 0.9556265804677295 0.8926838499647418