0 0.7943007901182667 0.10728130520407216 0.17213639090632105 0.06710950878512435 0.16843491497762858 0.12443645835330992 0.7905993141895742 0.16460825477225768
0 0.7628936226864792 0.12494213844766262 0.14503509234718887 0.09574071140830978 0.1432513116464557 0.13348284369237043 0.761109841985746 0.16268427073172326
0 0.7971552742001151 0.16390259938854213 0.1434035906616836 0.12661605965843145 0.13964478437834124 0.1925198939540415 0.7933964679167728 0.22980643368415218
0 0.733796055460052 0.19968632942909506 0.13420986905339963 0.16405537097800404 0.1318469535095277 0.20381774564709726 0.7314331399161801 0.23944870409818825
0 0.7338874878399136 0.23468133436873898 0.12071845781015964 0.1980424054531699 0.11679432306830295 0.2637145734064167 0.7299633530980569 0.30035350232198577
0 0.765232100151253 0.30134231828292357 0.11354741480407174 0.26156991401800006 0.11071667777161243 0.3079525254390001 0.7624013631187936 0.3477249297039236
0 0.7229159883687115 0.34173003580602196 0.10687664050504911 0.29826711445868426 0.10362472271363657 0.344359490521453 0.719664070577299 0.3878224118687907
0 0.7149732730643892 0.3882577843072056 0.10262772905211685 0.34316501161416907 0.10016892697561049 0.3765547635685729 0.7125144709878828 0.42164753626160945
0 0.7015492600489298 0.418345452942375 0.13400163138636284 0.37864623201407416 0.1313207987645063 0.4169719261158259 0.6988684274270733 0.45667114704412687
0 0.7458115688396326 0.4605988718740049 0.1032718161162384 0.4115203446277021 0.09931740840068862 0.4632917464663393 0.7418571611240828 0.5123702737126421
0 0.7526308995044259 0.509534477047139 0.1029997666789669 0.46132301794501823 0.09998992088900534 0.5018795488316072 0.7496210537144643 0.5500910079337279
0 0.750955528968351 0.5495704689475907 0.09111696279545753 0.4935830511356972 0.08629032143712878 0.5504673340295921 0.7461288876100223 0.6064547518414856
0 0.7330085771156198 0.6049508964609188 0.07469849011009926 0.5463297652184551 0.06948505784823315 0.6048761455622784 0.7277951448537537 0.6634972768047422
0 0.7474592175191397 0.6577675944107423 0.08299110844951511 0.6024780370819038 0.07826417068543132 0.6592862220183439 0.742732279755056 0.7145757793471823
0 0.6451488698782538 0.7034552921558334 0.05041722519771791 0.6385126891994367 0.04337596085670662 0.7029952096332375 0.6381076055372426 0.767937812589634
0 0.6825607672739076 0.7467440002989771 0.0500252003073547 0.6690784779778325 0.04169429647641777 0.7369283143087582 0.6742298634429706 0.8145938366299029
0 0.7156113189986703 0.776383403261182 0.04951265090766369 0.694596796296534 0.0397535851762437 0.7740780332222971 0.7058522532672502 0.8558646401869451
0 0.750446250534837 0.8594205116548089 0.04334923214730592 0.7676739509769763 0.03395905616277688 0.8400446795551314 0.741056074550308 0.9317912402329641
0 0.6935569586218471 0.9269547881244634 0.03426031013831625 0.8273282334868076 0.024849908516567897 0.8896032591831963 0.6841465570000986 0.9892298138208521
0 0.6512452399717379 0.9852146358903733 0.02666032530093614 0.8837840273743419 0.020948226758627952 0.9189577351222835 0.6455331414294296 1.020388343638315