0 0.27178059834146273 0.13018870170548275 0.07365318760885116 0.10936467043714056 -0.003293366473254733 0.8414621845366854 0.19483404425935685 0.8622862158050275
0 0.18440000753823305 0.2273950640609299 0.12325433922625853 0.22202149132480198 0.06901896502964769 0.8391636357133428 0.1301646333416222 0.8445372084494707
0 0.24706142783443777 0.24457279296505713 0.1816454438793959 0.23847229637680106 0.12677960261497043 0.8268019413343686 0.19219558657001232 0.8329024379226245
0 0.2823719487621318 0.24889867552856523 0.24578504693296926 0.2454135861802857 0.1900321771190646 0.830714154035857 0.2266190789482271 0.8341992433841364
0 0.4018447954385927 0.10724205071971218 0.295011387955966 0.09601343356362894 0.21317090099153022 0.8746754870393219 0.32000430847415695 0.885904104195405
0 0.4309833689189196 0.24107938385302105 0.38630758014440014 0.23638376969825242 0.32105256210235 0.857243854542201 0.3657283508768695 0.8619394686969697
0 0.5700592950399118 0.15107707588785507 0.48070771805473306 0.1416858459413765 0.4015859944381896 0.8944786983381539 0.49093757142336836 0.9038699282846325
0 0.4751545190359085 0.269261409106211 0.4285363049548626 0.26436163740766216 0.36735972021553687 0.8464179656585955 0.4139779342965828 0.8513177373571443
0 0.6421248120830257 0.25019377271723525 0.5624853660274771 0.2418233063045446 0.4939673991918937 0.8937263968378562 0.5736068452474423 0.9020968632505466
0 0.6897346014427185 0.30237219997468756 0.6354142535972571 0.2960731247415547 0.5676443891026064 0.880489483737531 0.6219647369480679 0.8867885589706639
0 0.7293844816735899 0.30130123620797084 0.6904853127502706 0.2965494722104944 0.6172543262029576 0.8960372661409359 0.6561534951262769 0.9007890301384125
0 0.7633597902495041 0.28655484306011597 0.7234997248437904 0.28161675815767817 0.647968177183792 0.8913050258575721 0.6878282425895055 0.89624311076001
0 0.8390196976187678 0.28412543220105435 0.7647765580572549 0.27461011696195686 0.6826104465094401 0.9157102732453588 0.7568535860709529 0.9252255884844562
0 0.9717483783978862 0.15025074600360402 0.8746466714425072 0.13608925641627376 0.756564612461484 0.9457476908030978 0.853666319416863 0.9599091803904282
0 0.9967911022112921 0.2595138482945128 0.9546605307865089 0.253413046622912 0.8568701540219509 0.9287283043068364 0.899000725446734 0.9348291059784373