0 0.6587654101087722 0.04548899473681922 0.6536572835016713 -0.002106699582281457 0.1055801517748151 0.056714742553797694 0.11068827838191597 0.10431043687289836
0 0.6836525638732319 0.08607745289500593 0.6797034377473675 0.045007262552939575 0.10349488934266064 0.10041290380999231 0.10744401546852497 0.14148309415205867
0 0.8570277098313049 0.2753410960138346 0.8450187491752942 0.06913130243343837 0.060479854804355394 0.11482019311135676 0.07248881546036623 0.321029986691753
0 0.7493244234257994 0.31083785226039234 0.7440785232985893 0.226839052214026 0.1074783341779505 0.2665960607813694 0.11272423430516063 0.3505948608277357
0 0.7574732928975257 0.4317438458951134 0.7512379532064364 0.3127664978716399 0.109630341221101 0.3463917338983159 0.11586568091219043 0.4653690819217894
0 0.6256089179615945 0.4503893979156236 0.6235645455283171 0.41138043105531386 0.12222742278741316 0.43765438486650615 0.12427179522069057 0.47666335172681584
0 0.5095021463020781 0.4661092929711607 0.5078714134269131 0.44205221631971164 0.12096166934949178 0.46827927825787824 0.12259240222465691 0.4923363549093273
0 0.5875871413753557 0.5148988210610648 0.5836431780640524 0.4577150334948142 0.1526100202564839 0.48744337141539623 0.15655398356778724 0.5446271589816469
0 0.5858748447568752 0.5767686385998863 0.5817106424945039 0.5142660842977984 0.15295841099937846 0.542831493061086 0.15712261326174973 0.605334047363174
0 0.6992482334295911 0.6063455917720698 0.6947793738886611 0.5358652273501441 0.1519158500402324 0.5702858898689984 0.15638470958116246 0.6407662542909242
0 0.7601545078135941 0.6270779589497084 0.7563892274852767 0.5717928881833242 0.15154834712393464 0.6129865673631906 0.15531362745225188 0.6682716381295748
0 0.7510923223735888 0.6549535956106005 0.7492878025283108 0.6257379315575429 0.1728068116865262 0.6613445632093289 0.17461133153180425 0.6905602272623865
0 0.40791523483594966 0.7199644944473386 0.40689304342737803 0.700460010277179 0.1783040967819331 0.7124399045064712 0.17932628819050472 0.7319443886766308
0 0.6987444029525982 0.7027670325995229 0.6977222162566987 0.6832625481360945 0.4301692439260436 0.69728440496997 0.4311914306219431 0.7167888894333985
0 0.7141856580827014 0.7488971185371536 0.7116301913866538 0.7001359111431282 0.1479506283838227 0.7296771064391427 0.15050609507987023 0.7784383138331681
0 0.8263514876092348 0.8016929168799936 0.8199117107854658 0.6788146727038967 0.13414487192620886 0.714754194992858 0.14058464874997795 0.8376324391689547
0 0.7558674514957141 0.8484145470881946 0.7534142033514593 0.8016037860957921 0.15336821790543842 0.8330508651232382 0.15582146604969319 0.8798616261156408
0 0.681683721850717 0.8760281266114347 0.6807615509794455 0.8525079444863886 0.16596499032556492 0.8726919035366137 0.16688716119683641 0.8962120856616599