0 0.6977649926742512 0.09694888027510055 0.693896808979718 -0.0007297373198105362 0.032550649236268756 0.02546031833977185 0.03641883293080199 0.12313893593468295
0 0.6865602130083198 0.11058143353839134 0.6797352064304782 0.04992159241971812 0.021781224333727738 0.12394981558868715 0.028606230911569257 0.18460965670736035
0 0.7604101134554946 0.1548219971596525 0.7567315498462428 0.10221608047708183 0.052721502985268495 0.15144525282583454 0.05640006659452025 0.2040511695084052
0 0.7098171070653165 0.16120377629705968 0.7060862254801746 0.126565327562972 0.03227785610353118 0.19914072655154944 0.036008737688673055 0.23377917528563713
0 0.8028171560218158 0.22405157492862243 0.7964516662589327 0.15011592111701438 0.017712572665422786 0.2171614596721648 0.024078062428305978 0.2910971134837729
0 0.7871441947276772 0.26203085784372265 0.7828026879789768 0.2160589561697725 0.025316084638834647 0.28759467865903493 0.029657591387535025 0.3335665803329851
0 0.8300531309083793 0.3628639928439317 0.8211591806069325 0.2584363710264325 -0.004060781859297535 0.3287191679167325 0.004833168442149149 0.4331467897342317
0 0.8386579300168393 0.4115797383017531 0.834973103675505 0.3628916533584027 -0.0011214874746372893 0.4261692165836107 0.002563338866696979 0.4748573015269611
0 0.814369450660898 0.4700860269842685 0.809185870173524 0.40837786743166016 -0.0004650501274876484 0.47638979231298506 0.004718530359886464 0.5380979518655934
0 0.7385815993569332 0.5099621144910628 0.7353692117333204 0.47452947972613807 0.0480694234458828 0.5368413385041911 0.051281811069495684 0.5722739732691158
0 0.8481115139932415 0.5416079210840957 0.844181089198548 0.4989451511515005 0.016898892244441476 0.5751607945392664 0.020829317039135032 0.6178235644718616
0 0.8199164547639525 0.5889651279599291 0.8159146882351971 0.5434355151315293 0.021913914250928868 0.6132231878954421 0.025915680779684126 0.6587528007238419
0 0.826870295859439 0.6158645122085278 0.8243243784581074 0.5875096154763921 0.02015513921827931 0.6597140209142746 0.02270105661961109 0.6880689176464102
0 0.837026491897897 0.6778620144419939 0.831645871894767 0.6171052459120999 0.024829597501019197 0.6885569029026763 0.030210217504149206 0.7493136714325703
0 0.8363015043791633 0.7446875901265612 0.8306781442229043 0.6774570384393261 0.033577395359779424 0.7441288785356793 0.039200755516038216 0.8113594302229143
0 0.8359992448510181 0.7878098433977011 0.8331381394079547 0.7468941294773835 0.03820428663980892 0.8024813197060467 0.04106539208287224 0.8433970336263643
0 0.7453387205611179 0.835265224691262 0.7424776148903934 0.794349509924492 0.0592501525621593 0.842125431181272 0.062111258232883895 0.883041145948042
0 0.7427578589134859 0.8788569039655807 0.740393650998491 0.8376518554578608 0.04897424734586782 0.8773231890904445 0.05133845526086267 0.9185282375981643
0 0.8313603689242857 0.9026671174617276 0.8229659950341842 0.7980753267171815 0.07927289404801986 0.8577629743301223 0.0876672679381214 0.9623547650746683
0 0.8881821718568798 0.9740766075444739 0.8821874750021206 0.8883484469283655 0.03529716032048659 0.9475687856042665 0.041291857175245764 1.033296946220375