0 0.8075527338356767 0.017945617932757098 0.8020404907400502 -0.03449987325782061 0.0913141025530316 0.04020047823526182 0.09682634564865819 0.09264596942583952
0 0.6978018843385058 0.03614947936298564 0.6961425606814731 0.022417525781605375 0.10721978449720046 0.0935809978175848 0.10887910815423314 0.10731295139896506
0 0.822793608272877 0.10668235965506404 0.8134023539027982 0.017330792021282338 0.08389176858183586 0.0940056579899897 0.0932830229519145 0.18335722562377138
0 0.7952856006544209 0.24311764759223994 0.7809946001307452 0.10714785615146627 0.113570010796146 0.1772970051251147 0.1278610113198216 0.31326679656588835
0 0.6932380196721399 0.2675904655691356 0.6840509505153581 0.1801813117744605 0.133037623265029 0.23809512656379472 0.14222469242181085 0.3255042803584699
0 0.6186295467669821 0.2773481704086121 0.6145633452786934 0.24113058000678173 0.14912332911000842 0.2933862067742276 0.15318953059829726 0.329603797176058
0 0.703924097824076 0.31949216199735453 0.6986160117021315 0.2689890960578093 0.15536343962216723 0.32608724217868273 0.16067152574411164 0.376590308118228
0 0.7111395031777163 0.3383726251177892 0.7088937742867225 0.31700594337275906 0.1552935343938014 0.3751916770128406 0.15753926328479534 0.39655835875787077
0 0.7120232571095222 0.37166575686947556 0.7085525854160288 0.33864452091289843 0.15753926273880461 0.3965583538254032 0.16100993443229802 0.42957958978198035
0 0.7265211947452179 0.4349501134456446 0.7197840086261588 0.37085006786909236 0.15324918259513293 0.4303952761691631 0.1599863687141921 0.49449532174571537
0 0.8624183985641938 0.5010927385554701 0.8527489210909049 0.4191400869005958 0.13931198466496225 0.5033175021041286 0.1489814621382511 0.5852701537590029
0 0.7633985338234852 0.559798878403863 0.758171015507835 0.5135452894007628 0.1557695476246391 0.5816278917372631 0.16099706594028934 0.6278814807403634
0 0.8761457314015114 0.6391788758833987 0.8665503447323479 0.5478848733145352 0.13445282974663764 0.6248314255321671 0.14404821641580123 0.7161254281010306
0 0.7386824325133546 0.6735432672875455 0.7358357114736955 0.6485146822096632 0.19551212000388693 0.7099704349529775 0.19835884104354617 0.7349990200308598
0 0.7464056892260599 0.7197022803715117 0.7406507737034659 0.6703920904971755 0.19509583710755557 0.7340629581422758 0.20085075263014965 0.7833731480166121
0 0.8031245695983447 0.7955888134793215 0.788280037752722 0.6919349941164648 0.1851632637161674 0.7783089088824366 0.20000779556179005 0.8819627282452934
0 0.8920672093563088 0.8653159290923782 0.8843092372812101 0.7915037574869831 0.18325472735865994 0.8651875577709944 0.19101269943375856 0.9389997293763894
0 0.8931280741681069 0.9240770252866228 0.8869751970986719 0.8671935511368181 0.19383198308423438 0.9421683140374164 0.19998486015366942 0.9990517881872212