0 0.06325761508464496 0.2592625073080726 0.01935360621000338 0.2576550107741953 -0.004485312794253765 0.9087445089271263 0.03941869608038781 0.9103520054610037
0 0.2675297835224963 0.24776203734432353 0.18815265096216896 0.2432981198465171 0.14881292425520823 0.9428349511701224 0.22819005681553559 0.9472988686679287
0 0.18634097449213075 0.2788592501730976 0.06205879804071022 0.27350760467191265 0.03414564678254122 0.9217394782545062 0.15842782323396173 0.9270911237556911
0 0.32452658446602556 0.1974464573927158 0.2702518606953564 0.1942228787205992 0.2256256878211474 0.9455844715492017 0.27990041159181656 0.9488080502213183
0 0.44984110193301313 0.20933471395183306 0.3251455940815847 0.20061515410207575 0.27391818060789463 0.9332012535248196 0.3986136884593231 0.9419208133745769
0 0.42716951557638694 0.30955985542093906 0.35118319200363884 0.3042463864962548 0.305768926851983 0.9537021555139201 0.3817552504247311 0.9590156244386044
0 0.43975652099780893 0.35464311286377187 0.38661357716811606 0.3513818624367555 0.34914001075275974 0.962023602369457 0.40228295458245267 0.9652848527964734
0 0.584945150143154 0.20795578895501965 0.5221348099520128 0.20414058737154042 0.4760273586503785 0.9632157340538654 0.5388376988415197 0.9670309356373448
0 0.5185899741274441 0.28183120722937544 0.44546963667506834 0.27720559399073885 0.4010851916752764 0.9788218832457849 0.4742055291276522 0.9834474964844215
0 0.6684215519074811 0.2193982943166251 0.5885384931155269 0.2138123266663421 0.5367661100523634 0.9541918954282089 0.6166491688443176 0.9597778630784919
0 0.7366642719246126 0.1954545078842572 0.6704197844962354 0.1908222412350012 0.6164675021709496 0.962375685552306 0.6827119895993268 0.967007952201562
0 0.782533942504637 0.22748783968413783 0.7330018942869166 0.22311255070570718 0.6687936204094059 0.9500056389922367 0.7183256686271263 0.9543809279706673
0 0.8074462057267647 0.273716464304291 0.7784843838012001 0.27096239615991896 0.7138500420258878 0.9506581039796359 0.7428118639514523 0.953412172124008
0 0.8840465509536566 0.2305811441623688 0.8054770379949268 0.22351362062045413 0.7399649238181539 0.9518104382029383 0.8185344367768836 0.9588779617448531
0 0.9545156683021613 0.23742227913623776 0.8734299617251404 0.2307155025076666 0.8124602777493772 0.9678460465445354 0.8935459843263981 0.9745528231731067