0 0.10691612156571058 0.523192151084072 0.057566628013185774 0.013240712837856345 0.01623429990187234 0.017240563228817056 0.06558379345439716 0.5271920014750328
0 0.12602996055183674 0.5181565295915729 0.09317913683536007 0.028860764725952903 0.06936115775623133 0.03045987979743952 0.102211981472708 0.5197556446630596
0 0.1924608353530251 0.5227321622045765 0.15859071563038699 0.014817786156572088 0.09058165453874188 0.01935295025119996 0.12445177426138003 0.5272673262992044
0 0.20413790712942922 0.5050203650084313 0.17639362988522939 0.04457158809716615 0.15931280047668558 0.04560079110613157 0.18705707772088548 0.5060495680173968
0 0.22352014494087163 0.5016958640062008 0.19904165487570327 0.08795835476031191 0.17684654957865 0.08927151262578936 0.20132503964381837 0.5030090218716782
0 0.27022987607025695 0.5027492316236251 0.2507642952928082 0.08080287431114146 0.19771070792656262 0.08325038658968989 0.21717628870401132 0.5051967439021736
0 0.29495595685495146 0.5045545390333063 0.28032357505923333 0.08553911549830515 0.2510445323484461 0.08656156504907112 0.26567691414416417 0.5055769885840722
0 0.29105208782075354 0.5046908669977184 0.2776012000050172 0.11950898712284083 0.263937623234391 0.11998613116285409 0.27738851105012735 0.5051680110377316
0 0.2955445935022112 0.46544767563247563 0.28409319568304403 0.13752256004044675 0.27433351852599164 0.1378633754900663 0.2857849163451588 0.4657884910820952
0 0.3105714011876516 0.5040092381892627 0.2958481750922183 0.08239123216627925 0.2802326928881373 0.08293653685392431 0.29495591898357054 0.5045545428769077
0 0.3320426815324389 0.503259444508491 0.31722857954853345 0.07903885940118213 0.2957572913724272 0.07978865293768908 0.3105713933563326 0.5040092380449981
0 0.3417038912786091 0.5031972530151518 0.3380968906628094 0.10465678160351095 0.316283957158891 0.10485420010984821 0.3198909577746907 0.5033946715214892
0 0.3649804765351893 0.5232660171096086 0.3600910126271609 0.12195826990006187 0.3364838043140127 0.12224589602694094 0.34137326822204106 0.5235536432364877
0 0.43215056082812336 0.5234565475594342 0.42329769310249077 0.1386108620666121 0.3546827068233333 0.14018925938383187 0.36353557454896585 0.5250349448766539
0 0.44864180204518994 0.5206482131426975 0.4473898930126122 0.10369704683301875 0.4229675979452455 0.10377037554453603 0.4242195069778233 0.5207215418542148
0 0.4714959880678009 0.10543122877225168 0.447879853320308 0.1053703969609479 0.44681215447891154 0.5198725984858148 0.4704282892264044 0.5199334302971186
0 0.49597760336479196 0.10679815453710102 0.4709570410870702 0.10656839742480442 0.46716833225348936 0.5191589996273309 0.4921888945312111 0.5193887567396275
0 0.5176876293059233 0.10615056630378568 0.4956187128868149 0.10588717993641754 0.4906952543016468 0.5184195258385569 0.5127641707207552 0.518682912205925
0 0.5385429758075349 0.1210444662709215 0.5172497539387488 0.12056056186291672 0.5081739908971511 0.5199209166695485 0.5294672127659371 0.5204048210775534
0 0.5622034067337285 0.1177845239848028 0.5374325998549168 0.11705875971839459 0.5256419211496778 0.5194822995586997 0.5504127280284895 0.5202080638251079
0 0.5802839111829667 0.10682608203336338 0.5608441488933983 0.10614723019569247 0.5465197527963938 0.5163440354702755 0.5659595150859621 0.5170228873079463
0 0.6017372541136219 0.10891415395486859 0.5800510833839272 0.10790642605285916 0.5611011838528748 0.5157057493836102 0.5827873545825695 0.5167134772856198
0 0.621733911810564 0.1055506913930971 0.6015120228241575 0.1044678123765744 0.5793930765706258 0.5175212272183637 0.5996149655570323 0.5186041062348863
0 0.6450716224864849 0.1541137220396212 0.6178939312985053 0.15252009666361802 0.5965199057600954 0.5170327821881076 0.6236975969480748 0.5186264075641107
0 0.6597260235148721 0.1408910437520126 0.6424973098739487 0.13988079945712598 0.6204284509266232 0.516243282383168 0.6376571645675466 0.5172535266780546
0 0.6819799990173513 0.14287882178286876 0.6585873943182918 0.1412815549816493 0.6328622720881559 0.5180361552182027 0.6562548767872154 0.5196334220194222
0 0.704547170311106 0.14241446653433712 0.6792454138484959 0.14066877373538295 0.6543219357529718 0.5019051684503889 0.6796236922155819 0.5036508612493431
0 0.7523126108096846 0.1535615318643674 0.7025039744153176 0.14997766009981753 0.6764047617582316 0.512704420101322 0.7262133981525986 0.516288291865872
0 0.7906065924766134 0.15457018594610597 0.7502890676584826 0.15133910067526712 0.7214656414713476 0.5109981945195105 0.7617831662894784 0.5142292797903493
0 0.8128050736945094 0.16507000064730729 0.7892741481346854 0.16275110094043846 0.7551992026727355 0.5085250051524851 0.7787301282325595 0.5108439048593539
0 0.8609246419000796 0.258386616922738 0.8441555453886103 0.257276564868235 0.8274796149776618 0.5091929370287643 0.844248711489131 0.5103029890832673
0 0.8610568840546037 0.12279306810936301 0.8248072683221533 0.12018480425283082 0.7969161003475308 0.5078158787996851 0.8331657160799812 0.5104241426562173
0 0.8802044072106611 0.2136066628829926 0.852978919907246 0.2114247869596836 0.8290259764429562 0.510310049499009 0.8562514637463714 0.512491925422318
0 0.8957194864090262 0.24287936831601686 0.8744894302462379 0.24127769986971837 0.8541744970289209 0.5105513901541576 0.8754045531917092 0.512153058600456
0 0.9519743903966296 0.1781396026562886 0.9287681156903467 0.17640396045757267 0.9038986204118779 0.5089196942106059 0.9271048951181606 0.5106553364093218
0 0.9216212287729755 0.287977190691181 0.896384803529535 0.2864973955867132 0.8831401620926883 0.5123715064605837 0.9083765873361289 0.5138513015650515
0 0.9008948780690996 0.3066741617894555 0.8891417996652582 0.30573225926344577 0.8727717712924479 0.5099977980276548 0.8845248496962894 0.5109397005536646
0 0.8846069321346761 0.9454389302320859 0.7682525647697089 0.6016698090637289 0.7193452047337878 0.6182233171773428 0.8356995720987548 0.9619924383456997
0 0.8182724018147571 0.9579135964414023 0.7333281783378203 0.6749287890675048 0.7092636126419991 0.682152307055311 0.794207836118936 0.9651371144292087
0 0.7790688159281309 0.9824685476684392 0.6794167998360982 0.6472004484409094 0.660250324715776 0.6528973157883206 0.7599023408078089 0.9881654150158502
0 0.8409568886482832 0.9483922968169616 0.7386780452716678 0.6076585611404188 0.6992338699520666 0.619498611617437 0.8015127133286819 0.9602323472939798
0 0.7969998974881631 0.9738433532657261 0.7066062251211175 0.6710267979700996 0.6857413302851261 0.6772551710058347 0.7761350026521716 0.9800717263014611
0 0.754844405429384 0.9603343656983355 0.6470034801384833 0.6023039049341625 0.6351266969191618 0.6058812633776797 0.7429676222100626 0.9639117241418527
0 0.7317290720499197 0.9179460937328294 0.6348804646673842 0.5960223468890804 0.617237330352089 0.6013301659147106 0.7140859377346244 0.9232539127584595
0 0.7184174564835217 0.9304080324710812 0.612794061779719 0.577486567282707 0.5991965472044768 0.581556072231081 0.7048199419082797 0.9344775374194552
0 0.7351474622967814 0.9656171322626019 0.602483106911422 0.550141011799872 0.5624075422359385 0.5629374125856886 0.6950718976212977 0.9784135330484185
0 0.662432290574424 0.8873493442283354 0.5570975154423444 0.5500659613630201 0.5344268104063659 0.557146101501451 0.6397615855384455 0.8944294843667665
0 0.6997326399173991 0.9659671786774636 0.5709643860585979 0.5626928376396609 0.5575312355889412 0.5669821344130406 0.6862994894477424 0.9702564754508431
0 0.7034072030458066 0.9533260828667192 0.5869623386427757 0.5784306040054045 0.5753473950349056 0.5820382776363996 0.6917922594379364 0.9569337564977143
0 0.6679100717159694 0.9493441399350369 0.5604420476479502 0.6033496939643431 0.5354126626203218 0.6111239764243128 0.6428806866883409 0.9571184223950067
0 0.6481703330559319 0.964813067028539 0.5307715618106255 0.5834291943242382 0.4829784342710791 0.5981410236612466 0.6003772055163855 0.9795248963655473
0 0.6005412470840377 0.9612906905467625 0.4877506240519242 0.6080548311107667 0.46424261222978247 0.6155610998794564 0.577033235261896 0.9687969593154522
0 0.5694365056381198 0.9411444496757527 0.4620035419606038 0.5818531057812395 0.42623350606972005 0.5925488295494609 0.5336664697472361 0.951840173443974
0 0.5458125457767313 0.9673569611299101 0.4383703742367402 0.6319526395441885 0.41017179289602657 0.6409856680969199 0.5176139644360178 0.9763899896826416
0 0.48330696266262496 0.9831343654849277 0.4269839999942603 0.661857764594928 0.37717962743441136 0.6705889632214042 0.433502590102776 0.9918655641114039
0 0.518809618601692 0.9790178115714727 0.4364384830049529 0.70951118671004 0.4145299940440399 0.7162072266157263 0.496901129640779 0.9857138514771592
0 0.4271916525095715 0.9661580578610016 0.4072641475962163 0.6460518147725175 0.3687521953101895 0.6484492910322684 0.38867970022354464 0.9685555341207523
0 0.4015296557710414 0.9723138061419956 0.3828149719240739 0.6160549664082561 0.35409619457376784 0.6175635965912548 0.3728108784207354 0.9738224363249944
0 0.3884799888500574 0.9832537596551353 0.3695578580517587 0.6269019328110084 0.33884447152965136 0.6285328006030352 0.3577666023279501 0.9848846274471621
0 0.3488458372641278 0.9848974674577052 0.3401702374186095 0.6228514747213905 0.30352978159755817 0.6237294790060349 0.31220538144307647 0.9857754717423497
0 0.33313893716698184 0.9856228708618524 0.3300902109405646 0.6105082290365778 0.2866501955459694 0.6108612856743167 0.28969892177238654 0.9859759274995913
0 0.31868497938268914 0.6034949913478787 0.2615526870420486 0.6032685910436538 0.2600550765563477 0.9811917584812472 0.31718736889698823 0.9814181587854721
0 0.29173642226781166 0.9852360149134698 0.2628148696986774 0.673581427706771 0.21188676789261676 0.678307556678052 0.24080832046175096 0.9899621438847509
0 0.2828811151709515 0.9982414955990997 0.267585456366238 0.5602311745565396 0.16608482540629657 0.5637756550060666 0.18138048421101 1.0017859760486267
0 0.21914940940458302 0.5598459660643634 0.14222935505183704 0.556945254676429 0.1256123925934606 0.9975880779481642 0.2025324469462066 1.0004887893360985