0 0.1573144032304223 0.21998824948351386 0.08468917676768248 0.21024889010105596 -0.007452810365354212 0.8973405579900812 0.06517241609738562 0.907079917372539
0 0.15697251850310662 0.25651669760885787 0.12483256207903634 0.2535548916537407 0.06533682856568565 0.8991712188251514 0.09747678498975591 0.9021330247802686
0 0.20648924088032303 0.22094098816119784 0.15792473778637112 0.21653502558573057 0.09417058317558635 0.9192620201561269 0.14273508626953826 0.9236679827315942
0 0.23582697985287862 0.3219838404969162 0.19377942254358255 0.31842086123759195 0.14234841889565125 0.9253702471206682 0.18439597620494733 0.9289332263799924
0 0.30135492244720763 0.2204982202591077 0.24223192580276778 0.2145970112114532 0.16983508580202428 0.9399260232608186 0.22895808244646415 0.9458272323084731
0 0.3175744837439277 0.27309171009543964 0.2847325173692009 0.27035225235587124 0.23066687688002965 0.9185177346433164 0.26350884325475643 0.9212571923828847
0 0.37269613230067494 0.22996736711470697 0.31877082874783674 0.22549437921084597 0.2589660827344654 0.9464865106422105 0.3128913862873036 0.9509594985460715
0 0.42378361764512873 0.22046106285001943 0.3718001289565959 0.21618769879337418 0.31124536079278564 0.9528083246408581 0.36322884948131845 0.9570816886975033
0 0.4779663598696982 0.2402617503360299 0.4208665171836232 0.2354988627934839 0.3607363531620519 0.9563688971265382 0.4178361958481268 0.9611317846690841
0 0.5199730909316442 0.24796568622317378 0.4763660048978295 0.2442878292978195 0.4164217266188901 0.9550265429558703 0.46002881265270484 0.9587043998812245
0 0.5580898184378454 0.25325244722170376 0.5194583277783735 0.24979619492451607 0.4558947269896848 0.9602641929201237 0.49452621764915666 0.9637204452173114
0 0.5919349333265382 0.24806348906626935 0.55577744977511 0.24483462637721615 0.4911955340410138 0.968036502936428 0.527353017592442 0.9712653656254812
0 0.6436514785631028 0.25694565238523115 0.5900624660700386 0.2522782713674458 0.5270531777043748 0.9757258597558505 0.5806421901974389 0.9803932407736357
0 0.6999783291555748 0.2606353838445571 0.6434734083856161 0.255560648054775 0.5780180374158377 0.9843770246753228 0.6345229581857963 0.989451760465105
0 0.7518270530320483 0.2616235454818673 0.6976424184920409 0.2568441924341748 0.6331275897484959 0.9882637764232495 0.6873122242885035 0.993043129470942
0 0.7946528197601445 0.3036965693505483 0.7459814334157966 0.2999992162947344 0.7000605726751534 0.9044943566380077 0.7487319590195013 0.9081917096938217
0 0.8291975728668982 0.2799521184828766 0.7952927809387046 0.2773797448595071 0.7470696384945577 0.9129777761248071 0.780974430422751 0.9155501497481765
0 0.8708724443644641 0.2776879491447381 0.8295353827719048 0.27447230319146587 0.7791001752493576 0.9228158428997194 0.8204372368419168 0.9260314888529917
0 0.8927507008004983 0.5112412518144468 0.8498866262332074 0.5082439018764198 0.819584757954568 0.9415805386652538 0.8624488325218589 0.9445778886032807
0 0.972337280341028 0.39435978856435605 0.9481880893646915 0.39222611713487343 0.9000797274352165 0.9367232706048896 0.924228918411553 0.9388569420343721
0 1.01494056878965 0.30380029946866693 0.9740248548876436 0.3009391940382464 0.9283304369816282 0.9543998145671706 0.9692461508836347 0.9572609199975911