0 0.8494345302966513 0.009510864777234012 0.07669099450689354 0.005544566300799164 0.07623439937857092 0.09450179833482338 0.8489779351683288 0.09846809681125822
0 0.8270927925802068 0.09564689549108368 0.0984632206213163 0.09228563522220201 0.09820209731406829 0.14889004796287605 0.8268316692729588 0.15225130823175773
0 0.9940709278935275 0.15216126645045558 0.08918559858415985 0.13580315487604716 0.0863275354243738 0.2939032761379674 0.9912128647337415 0.3102613877123759
0 0.8150736030907355 0.1716580318998405 0.08643303348841432 0.1629981580152539 0.08584289428974493 0.21265238711764994 0.8144834638920662 0.22131226100223658
0 0.8120652794125878 0.25723179450863765 0.8119413650464893 0.21173699657044173 0.08043693009104631 0.21372939817378503 0.08056084445714493 0.2592241961119809
0 0.8041582215553753 0.2552985126252665 0.08457939018639954 0.253754713450032 0.08440496381117837 0.33505643277664626 0.8039837951801541 0.33660023195188077
0 0.8293970110625102 0.3376977391815558 0.07632752869916974 0.32547340298583355 0.0750296826106631 0.40542607005997644 0.8280991649740036 0.41765040625569877
0 0.7529948490093601 0.3632399929516309 0.02861806185076791 0.35793561089666864 0.028201742172955614 0.4147890402914203 0.7525785293315478 0.4200934223463825
0 0.820990520858541 0.41867750656188907 0.035586086021527866 0.4121236321430654 0.03526901926441288 0.45012033779587235 0.820673454101426 0.45667421221469595
0 0.20578581875 0.4647423328125 0.2049374248046496 0.4634309949287984 0.20319098750000003 0.464560884375 0.20403938144535042 0.46587222225870156
0 0.8483785512712304 0.4554297628255705 0.030441024746668287 0.4455171649789106 0.02979759343269036 0.49860986838368915 0.8477351199572525 0.508522466230349
0 0.8379163029347316 0.5085534734815493 0.014222407237984533 0.49857111407688154 0.013729836925772999 0.5392155291818281 0.83742373262252 0.549197888586496
0 0.9636077937436156 0.5452912565579597 0.018081070155905515 0.5379920637263089 0.0174040994034124 0.6256858611546975 0.9629308229911224 0.6329850539863483
0 0.6450404532023728 0.6229132152403632 0.02564203340163702 0.6024515895154077 0.02456104982658564 0.6351742835582742 0.6439594696273214 0.6556359092832299
0 0.51719649375 0.67251825 0.515624301929784 0.6711562995109092 0.5146016618301366 0.6723368023357689 0.5161738536503524 0.6736987528248597
0 0.6565275650531704 0.6396810309905214 0.028099583632926813 0.6340747604102752 0.02765024068299791 0.6844433038024202 0.6560782221032416 0.6900495743826666
0 0.7800709070318561 0.7279287825330791 0.7750763707656256 0.6188795145035826 0.027217888386645794 0.6531319801986257 0.03221242465287628 0.7621812482281223
0 0.7298356838498468 0.7240877993968745 0.033279935774925766 0.6903738630911497 0.03216061218865922 0.7134999457561814 0.7287163602635801 0.7472138820619062
0 0.8268914267878879 0.7044057931758074 0.02023019064471955 0.693109477395889 0.018914306472983478 0.7870757557183183 0.8255755426161517 0.7983720714982367
0 0.8186178018966972 0.797755841185836 0.028757201226535904 0.7548746553050572 0.027260587601877308 0.7824418998264795 0.8171211882720387 0.8253230857072584
0 0.8137300178570628 0.8242970224011492 0.03198395023173694 0.7786302345975689 0.026570126788684888 0.8713066716972664 0.8083161944140109 0.9169734595008467
0 0.7608071870330392 0.9176478590260142 0.03425474220948162 0.8668423613511911 0.028123801903667055 0.9545188899183797 0.7546762467272246 1.005324387593203