0 0.7636776980954274 0.1671538309040949 0.7507229683405594 0.08536088803989464 0.014586501216387021 0.2019534528792622 0.027541230971255066 0.28374639574346244
0 0.8941283805887965 0.6312893802083679 0.8855612621057041 0.5703925870858001 0.12484358426280653 0.6774123190632428 0.13341070274589892 0.7383091121858107
0 0.8941642543098827 0.7822462631257892 0.8853243726542834 0.7106267910401735 0.1565982470733202 0.8005723396722306 0.16543812872891936 0.8721918117578463
0 0.7118969640454765 0.08992835010244289 0.6923426558856517 -0.033532693391767635 0.007133868600664955 0.07499371624463562 0.02668817676048978 0.19845475973884613
0 0.8779698869041301 0.6790139427539542 0.8691704484375 0.623456471875 0.14075029526320093 0.7388268840680887 0.149549733729831 0.7943843549470431
0 0.8661798660737186 0.48471617897092995 0.8561582828105438 0.421442393282602 0.0891565555691906 0.5429235341520657 0.09917813883236529 0.6061973198403937
0 0.8221059825391703 0.2164328410012059 0.81330654367188 0.16087537073730412 0.0308721863850411 0.2848007989814091 0.039671625252331456 0.3403582692453109
0 0.7772841296874999 0.42286099687500006 0.7672625466358803 0.3595872116786986 0.06662112948679415 0.4705579103587332 0.07664271253841372 0.5338316955550346
0 0.8626898605025792 0.552810044522787 0.8573359247270409 0.5156759369386362 0.10842538772294516 0.6236526510055522 0.11377932349848363 0.6607867585897031
0 0.7262990126782181 0.31070601247177293 0.7196994338723555 0.2690379098497613 0.0452934881848655 0.37585331313514303 0.05189306699072804 0.41752141575715473
0 0.6834374849983991 0.36969984449945476 0.6753713327157482 0.3187721632569523 0.051893067761333934 0.41752141920870456 0.059959220043984615 0.468449100451207
0 0.85767739749971 0.7107035380883755 0.8518111050227498 0.6736652249469016 0.15425621405259235 0.7841470655624456 0.1601225065295524 0.8211853787039194
0 0.8551468937984097 0.5749469700695867 0.8512259830291209 0.548756741881762 0.13400657341692496 0.6561308848989151 0.13792748418621367 0.6823211130867398
0 0.85838193847731 0.5154226959649928 0.8542271012749169 0.4882097489232951 0.12503195584262133 0.5995423110821962 0.12918679304501463 0.626755258123894
0 0.8440566078125 0.42494108906250017 0.8413678903337803 0.4079651951111491 0.11603426406249999 0.5228467562500001 0.11872298154121977 0.5398226502013511
0 0.8398337103648306 0.347302080431524 0.8193627944486312 0.21805380211355 0.05632767838861537 0.33890669009975455 0.07679859430481459 0.4681549684177286
0 0.9014494113186027 0.8550513475247655 0.8910389534436739 0.7761552108968773 0.15779874232380972 0.8729073036649903 0.1682092001987384 0.9518034402928783