0 0.6394533197415297 0.09317887076656853 0.6378033098863225 0.016970970221811203 0.1382714146590999 0.027786548977077323 0.13992142451430722 0.10399444952183465
0 0.6195739121328683 0.3123376912573206 0.6182445316584395 0.23617741735919986 0.1449043356223307 0.24443958846449862 0.14623371609675948 0.32059986236261934
0 0.5540774434017204 0.2861330212652659 0.5537706628185305 0.26855757251252693 0.16625588701448854 0.27532166773355826 0.1665626675976785 0.2928971164862973
0 0.5938048186510342 0.32646145008155547 0.5930549105408532 0.28349924385947944 0.14832318846184114 0.2912620650590663 0.149073096572022 0.33422427128114235
0 0.5945000031009822 0.36753726726383135 0.5940821431356023 0.32648701003908626 0.15164851650736436 0.33099064320497834 0.15206637647274424 0.37204090042972343
0 0.5298081621268058 0.3861811916236094 0.529296861313036 0.35688877726055235 0.16258824722487195 0.3632896976652614 0.16309954803864177 0.3925821120283185
0 0.5826075631580468 0.43018829179902535 0.5818235683231175 0.3852732577033796 0.1526964675323672 0.3927636990961593 0.15348046236729654 0.43767873319180506
0 0.5805682516705393 0.47148764732763065 0.5804499407493942 0.4322416173787551 0.158712017996578 0.4335129867933859 0.15883032891772303 0.47275901674226145
0 0.514150421664682 0.5442321362917409 0.5140299295348373 0.5187445494518046 0.18358795621694038 0.5203067082158017 0.18370844834678504 0.5457942950557381
0 0.5813226445762604 0.52036653288575 0.5811329648859488 0.4704780747575515 0.15938638148912102 0.4720815871596211 0.15957606117943263 0.5219700452878195
0 0.5722965633898609 0.5846886498418542 0.5711717025440615 0.5202453410902536 0.1706530755791446 0.5272364116950033 0.17177793642494393 0.5916797204466041
0 0.5515663917409686 0.6099507815817817 0.5515359346389384 0.5830352259354927 0.1691200069672162 0.5834679601164303 0.16915046406924644 0.6103835157627193
0 0.5576122857528893 0.6376873712640718 0.5567942018947132 0.5908195110112885 0.16407788419545183 0.5976744192281214 0.1648959680536281 0.6445422794809048
0 0.5737282062055034 0.6667074058737885 0.5725351706021411 0.5983584418054562 0.16681500171372823 0.6054403136828721 0.16800803731709052 0.6737892777512045
0 0.5195108099140248 0.7128031694339481 0.5191821408291194 0.667752702534992 0.167992609676765 0.6703148322925168 0.1683212787616704 0.7153652991914728
0 0.5815016044403498 0.7524624222095679 0.5708871839778892 0.6605279329257183 0.1603265343167269 0.7079297665008151 0.1709409547791875 0.7998642557846647
0 0.6466077691483904 0.8178022448198708 0.6443921323828455 0.6908684546389982 0.13464115264387982 0.6997661879405307 0.13685678940942456 0.8266999781214034
0 0.5793383714070567 0.8176387474866058 0.15492510403181187 0.811908683966909 0.15449691322563125 0.8436238400880336 0.5789101806008761 0.8493539036077304
0 0.5928096760241681 0.865623433649606 0.5919915941233995 0.8187555735375378 0.16286449320222912 0.8262460182378819 0.16368257510299772 0.8731138783499501
0 0.5671263220684256 0.8649784280500109 0.15867051361964063 0.8544220818396935 0.1576583665167523 0.8935850038339804 0.5661141749655373 0.9041413500442979
0 0.5954801635341697 0.937618276208078 0.5926550140499546 0.8577894492345859 0.15505811841731004 0.8732760433743343 0.15788326790152513 0.9531048703478264
0 0.6211352762934075 0.9979617394144965 0.6191923317703225 0.8866505705592355 0.14585213613279188 0.8949127579940452 0.1477950806558769 1.0062239268493063