0 0.06656306044361335 0.13206757924147006 0.04151650263008448 0.13176403961651545 0.03241936460568619 0.8824139539393107 0.05746592241921507 0.8827174935642652
0 0.09703021563176555 0.13613240912353247 0.06570086540107918 0.13541426079552224 0.048631371521851784 0.8800740074589759 0.07996072175253816 0.8807921557869861
0 0.11559933609084365 0.1377312862999619 0.09088228385226454 0.1372993100059257 0.07785402963229368 0.8827569764989616 0.10257108187087279 0.8831889527929977
0 0.140642023117961 0.13954398062756773 0.11297998905709472 0.13887062087840987 0.09477986245347383 0.8865430540036356 0.12244189651434012 0.8872164137527936
0 0.16086335367919208 0.1411612229106065 0.13602703661001272 0.14047715420828982 0.11558443456925867 0.8826817665283127 0.140420751638438 0.8833658352306294
0 0.19028897578473808 0.14553345447179275 0.1594673978058449 0.14453795546021006 0.13549346385237007 0.8867933130351876 0.16631504183126325 0.8877888120467704
0 0.31265163398179396 0.26729035016730945 0.21133653487769316 0.26020570716431174 0.16924054567669813 0.8622063042274771 0.27055564478079897 0.8692909472304746
0 0.3103835180320032 0.33935385013270947 0.2664774959966777 0.33713195380813366 0.23738715607479702 0.9119747543015586 0.2812931781101225 0.9141966506261345
0 0.34604211375565 0.26383346309001754 0.31257371310786874 0.2621342974420925 0.2794433690018815 0.9147014155992231 0.3129117696496628 0.9164005812471482
0 0.3839716629523041 0.22498200548118116 0.34777220504904016 0.2228580424982744 0.30738306580835456 0.9112245335617661 0.3435825237116185 0.9133484965446728
0 0.4609089957723361 0.2750499948937912 0.3829743033937331 0.26960027032492906 0.33797514958082014 0.9131181518972467 0.41590984195942304 0.9185678764661089
0 0.4972409397783177 0.3714612293545881 0.4543768562325467 0.36846388092233806 0.418813012131989 0.8770505932088268 0.46167709567776 0.8800479416410768
0 0.5460879262519294 0.26801393466283807 0.5067193507075147 0.26473939427324933 0.4517069671349302 0.9261327261257246 0.4910755426793448 0.9294072665153135
0 0.6443217851219024 0.29842760621467534 0.5501308977577762 0.2889040373386933 0.4878168968886215 0.9052077690077077 0.5820077842527477 0.9147313378836899
0 0.6620442081268443 0.33874493836107694 0.6376591829855174 0.3363119709347398 0.5828378190766376 0.8857728156335393 0.6072228442179645 0.8882057830598764
0 0.6944695066255608 0.3436561002042485 0.6584998945189986 0.34012108745978675 0.6044678132112881 0.8899106204659798 0.6404374253178504 0.8934456332104416
0 0.7151876596909837 0.37382801228539103 0.6898563760168457 0.3713200588587517 0.6387893193921921 0.8871167574823773 0.6641206030663301 0.8896247109090165
0 0.7438714710375256 0.34437950592506467 0.6951622876789374 0.34097342796855024 0.6563323720491606 0.8962670837088377 0.7050415554077487 0.8996731616653519
0 0.766842763422615 0.34354157105072236 0.7442750964441667 0.34110264593905215 0.6838225297142072 0.9004775063749471 0.7063901966926556 0.9029164314866172
0 0.7967063989364929 0.3167838655206466 0.7109782382738596 0.3107891672149977 0.6687007980625937 0.9153845950484598 0.7544289587252269 0.9213792933541086
0 0.8457001798606514 0.3099609546000109 0.791966844686637 0.3040057606723005 0.7233332386534272 0.9232824126085785 0.7770665738274418 0.9292376065362887
0 0.905390545779969 0.2806164971147315 0.8283101104084727 0.27133555359382744 0.7491357478077005 0.928897398010022 0.8262161831791968 0.9381783415309262
0 0.9470350008130678 0.4420428028872313 0.8848173694651955 0.4339948987282412 0.82255032232503 0.9153759027204158 0.8847679536729023 0.9234238068794058