0 0.7880325873564695 0.02270957565359959 0.7829881320609988 -0.021237494383521384 -0.004762882513027906 0.06918434201248491 0.00028157278244281546 0.11313141204960589
0 0.7990322831756831 0.09532778453319148 0.7896458825611783 0.016606417378419093 -0.008533007595134834 0.11177786949913722 0.0008533930193698608 0.1904992366539096
0 0.8103316613884937 0.21207799448785628 0.7980822348391737 0.09553246663800605 -0.009081399348846973 0.1803687690914691 0.003168027200473078 0.2969142969413193
0 0.6061693742150724 0.23550018065094225 0.6026987012805408 0.20247895058212723 -0.0034310295764653385 0.2661857854673317 0.000039643358066282496 0.2992070155361467
0 0.788223721440372 0.28015839342093724 0.7829177387253222 0.21696824447728869 -0.005305982715049884 0.28315421668135143 0 0.346344365625
0 0.7397326200368399 0.31180075047982864 0.7352411611886394 0.2690673854095185 -0.0030814701738421713 0.3466682415556123 0.0014099886743582646 0.38940160662592244
0 0.7481205859041293 0.3733498230729274 0.7427811626761545 0.31165692741237244 -0.004538334992894905 0.37633625623700384 0.0008010882350800719 0.43802915189755876
0 0.6321672386373354 0.43308380586996725 0.6262466802003663 0.37675346275002275 0.01832118429663398 0.44064901574101983 0.02424174273360307 0.4969793588609644
0 0.7594212015437924 0.4727048286235668 0.7535248150776216 0.41823086249367336 0.039654933938056046 0.4955017683007024 0.045551320404226846 0.5499757344305959
0 0.7859476029200088 0.5524287975572986 0.7777813166129178 0.47473177344152157 0.017227713795497125 0.5546691782929828 0.02539400010258811 0.6323662024087597
0 0.8205284045537677 0.6077107093596857 0.8148120041114997 0.5533227921630886 0.04908456742891015 0.6338039887841469 0.05480096787117826 0.6881919059807441
0 0.7500533322535262 0.7589869911980264 0.7368294507185171 0.6171865298820196 0.05022617283524319 0.681217071983313 0.06345005437025236 0.8230175332993198
0 0.7990752278769052 0.8515231814569597 0.7864174842018852 0.7310927955115788 0.049146135415870984 0.8085831371609208 0.06180387909089106 0.9290135231063017
0 0.8531264216565508 0.892975372756338 0.8467975501982965 0.8327601801965854 0.0655486130326913 0.9148727483049169 0.0718774844909457 0.9750879408646697
0 0.8479476507131791 0.919568836072291 0.845728765834844 0.8923228116094876 0.0880807830664527 0.9540247914473537 0.09029966794478786 0.9812708159101572
0 0.7520297222811939 0.9762647560704638 0.745088382742116 0.9102223003634334 0.07766379030808906 0.9803714288780787 0.08460512984716692 1.046413884585109