0 0.19332825502231396 0.9302474780804545 0.13453876045989488 0.08952251142972853 0.023481840067190715 0.09728840452977051 0.08227133462960981 0.9380133711804964
0 0.17810397069561332 0.9365271227600969 0.12929440473881051 0.23851780853499735 0.05915318208894188 0.24342256061129341 0.10796274804574471 0.9414318748363929
0 0.2042924029393071 0.9190507404953323 0.15784169241675514 0.2547742155787917 0.12277107334230844 0.2572265906264851 0.16922178386486036 0.9215031155430257
0 0.2216020290225363 0.938575110368294 0.178328775323395 0.4797248131768928 0.15286960445257847 0.48212581665625437 0.19614285815171978 0.9409761138476556
0 0.270174013557385 0.9092288129150223 0.21392507245855236 0.10483146085075626 0.17495772570426493 0.10755632311781227 0.2312066668030976 0.9119536751820784
0 0.28486038590581503 0.9002556636509897 0.2213809603381892 0.18743961851815422 0.20119157887058975 0.18923757234772892 0.26467100443821556 0.9020536174805646
0 0.31054343438317183 0.906321306651939 0.24045928416501838 0.06611805342397192 0.20970252103784173 0.068683577419443 0.2797866712559952 0.90888683064741
0 0.35943610807062043 0.8977719550672107 0.3013725761326891 0.06742630785755357 0.2390248286075698 0.07178609518449162 0.2970883605455012 0.9021317423941488
0 0.35893923214941 0.9186668528757993 0.3108554588974391 0.2310368594824277 0.28552668279323673 0.2328080200464604 0.33361045604520767 0.9204380134398319
0 0.38780185597326045 0.9114335457603243 0.3426212421170901 0.2653208341199813 0.3114473581091225 0.2675007250126791 0.35662797196529283 0.913613436653022
0 0.39718078487349456 0.9055626712865841 0.35581059506987095 0.31394139256901266 0.3421720229753598 0.31489509443285263 0.3835422127789835 0.906516373150424
0 0.4077822996102677 0.8891762299619421 0.37040396993161406 0.3546412165417471 0.3567653976402132 0.3555949184296595 0.3941437273188669 0.8901299318498544
0 0.42427647835318566 0.90106043653186 0.3885311807381988 0.389878893868952 0.37099587490357744 0.3911050819714471 0.4067411725185643 0.902286624634355
0 0.46646232915250235 0.916363142306205 0.42672517327856896 0.3480953359430203 0.38386109176618405 0.3510926844983633 0.42359824764011744 0.919360490861548
0 0.4994031353509595 0.9114521776670295 0.4600288635804536 0.34837403178752496 0.4249582525534484 0.35082640856655645 0.4643325243239542 0.9139045544460609
0 0.5372817805271124 0.8931583354196769 0.49554869433941595 0.29634739758052864 0.4507362467221331 0.29948098917565746 0.49246933290982947 0.8962919270148058
0 0.6001263766189211 0.8679036630769902 0.5554900529544751 0.22957544498275811 0.4424847522427349 0.23747755714917126 0.48712107590718096 0.8758057752434034
0 0.6477622757532213 0.93273086221569 0.6063989025850431 0.1635567111581755 0.5383419987580053 0.16721656257907705 0.5797053719261834 0.9363907136365917
0 0.6711271655389143 0.8472936999321015 0.6183257919561393 0.09219811821166246 0.5832551792246691 0.09465049188386966 0.636056552807444 0.8497460736043084
0 0.6790194792336195 0.8757011660124453 0.6592792849022258 0.36371916247193486 0.629612079196266 0.3648630237831826 0.6493522735276597 0.8768450273236932
0 0.6517129182244354 0.33543801485541913 0.6431551832753564 0.1478838477071967 0.6208814688747063 0.14890015434047782 0.6294392038237854 0.3364543214887002
0 0.7095977937533897 0.865463716914267 0.6725823465032648 0.33611836355138636 0.6297182665168359 0.3391157131674415 0.6667337137669609 0.8684610665303222
0 0.7123248626560704 0.8786961809351872 0.6950613655403635 0.36351391489378543 0.6715895312295752 0.3643004441876569 0.6888530283452821 0.8794827102290587
0 0.7300760521474379 0.8697544593154994 0.7001279932643878 0.12842808409846918 0.6416838593158621 0.13078910675107197 0.6716319181989123 0.8721154819681022
0 0.7596112662785914 0.8754315434516867 0.7352217004147283 0.21972039995612458 0.7040099242675775 0.22088134052823527 0.7283994901314405 0.8765924840237973
0 0.7324338428143566 0.8560443096983906 0.7295306711829193 0.8145270268688591 0.7256339368296387 0.8147995131169632 0.7285371084610762 0.8563167959464947
0 0.7313393193439224 0.8118805679312221 0.7079144431204227 0.23202734109978063 0.7003411844986325 0.23233328515185292 0.7237660607221321 0.8121865119832943
0 0.7746721512846266 0.7623421166255644 0.7511182658708127 0.07810144107584827 0.7232925343806915 0.07905929715557827 0.7468464197945054 0.7632999727052945
0 0.7847991653859552 0.7795993344353956 0.7619319287956443 0.03804080890207493 0.7211696149543646 0.03929778517904063 0.7440368515446755 0.7808563107123613
0 0.8403113670817103 0.8006432024119301 0.8286917475354013 0.24430348719177278 0.7661953627920735 0.24560877637726594 0.7778149823383825 0.8019484915974232
0 0.9136357063892817 0.8297784924586015 0.9024580965769537 0.07052066864408499 0.7639234848441967 0.07256014164901434 0.7751010946565247 0.8318179654635308