0 0.9521556129979392 0.015484849024429837 0.0812956721621644 -0.014926248756356647 0.07754670295407896 0.09243018823524528 0.9484066437898535 0.12284128601603177
0 0.8275895556995405 0.07953595004898224 0.07631038296450823 0.05330070871785073 0.07310671889014601 0.14504166376108746 0.8243858916251782 0.17127690509221896
0 0.8043747927023949 0.14374862586684853 0.05433399591488667 0.13544224572608787 0.05363383704606637 0.198664456478379 0.8036746338335746 0.20697083661913968
0 0.877750176186286 0.20831810659117084 0.08487769140522251 0.1806303927022747 0.08249198393108445 0.24894812455153384 0.8753644687121478 0.27663583844043
0 0.8194802246701169 0.2343229485571559 0.054361016874900005 0.22019283098369255 0.05357166641281309 0.262934669265276 0.8186908742080299 0.27706478683873936
0 0.9169577795783423 0.2780883092087103 0.0408986746012332 0.24749564808340724 0.03817215103202159 0.32557305978548773 0.9142312560091307 0.3561657209107908
0 0.8883717639514597 0.35135405295488525 0.04090805897105241 0.321759965651407 0.038863166388155054 0.38031802242869683 0.8863268713685623 0.40991210973217507
0 0.9230190250504549 0.4134850467934038 0.007794456950947002 0.3765014893318772 0.0029927035031568463 0.49532950445578167 0.9182172716026648 0.5323130619173083
0 0.9218283476392667 0.53364453540266 0.0014732760200396211 0.4846184925903427 -0.0011058780077101594 0.5330363814053521 0.919249193611517 0.5820624242176694
0 0.8838854201506369 0.5797620912897841 0.0005540069850430152 0.5283605139797617 -0.003551726743018918 0.598917173247559 0.8797796864225751 0.6503187505575815
0 0.7851949176254378 0.6409532396373001 0.03945729602942706 0.5937346602958239 0.03723661434230606 0.6288065727245992 0.7829742359383169 0.6760251520660754
0 0.9039386310022897 0.6509079328584134 0.0009448194318489311 0.6193747025987467 -0.0017817030605707745 0.6974521122865116 0.9012121085098699 0.7289853425461783
0 0.8630531952865954 0.7277821035735215 0.0010078053804467024 0.6824803561573234 -0.0016215054548323505 0.7325134214022231 0.8604238844513163 0.7778151688184212
0 0.8661147782468831 0.7796916707263979 0.00030842402173785757 0.7305074223605927 -0.0014192297210545769 0.7609198742757977 0.8643871245040907 0.8101041226416029
0 0.8682639199231064 0.8104794070494824 0.000473565230561801 0.7585005998696959 -0.003587717381315703 0.8263040387996755 0.8642026373112289 0.8782828459794623
0 0.8535322096148155 0.8760839092814126 0.00023540663032510788 0.8217459164091976 -0.004049445610099489 0.8890331039689874 0.8492473573743909 0.9433710968412024
0 0.843547932035904 0.9439762278198875 0.0003543829990270475 0.8762571344286247 -0.003181656270695099 0.9202855664713294 0.8400118927661818 0.9880046598625922
0 0.7375098838463311 0.9767803165943805 0.015347051745832941 0.9168500308886433 0.012197604472900591 0.9548010223679695 0.7343604365733987 1.0147313080737068