0 0.6554013042905139 0.09808906951282091 0.6543865872236163 0.021560472217199086 0.15356287190714663 0.028201053508341685 0.15457758897404422 0.1047296508039635
0 0.6273797748866998 0.24046480451563568 0.15403957908448349 0.2322026301593612 0.15271019807198988 0.3083629048782804 0.6260503938742062 0.3166250792345548
0 0.5618151309584902 0.2705751301631876 0.17430035511850633 0.26381103420286106 0.17399357450234415 0.28138648292526497 0.561508350342328 0.28815057888559154
0 0.6005539912114637 0.28687869960837153 0.15582226919524156 0.27911587826623213 0.15507236106309705 0.3220780849516036 0.5998040830793191 0.32984090629374296
0 0.5999769665829086 0.32986247037914795 0.15772145789023745 0.3201295278984192 0.15681851310459144 0.36115846712085214 0.5990740217972627 0.3708914096015809
0 0.5342735247448757 0.3579984024762889 0.16756490978810284 0.3515974801909424 0.16705360883124315 0.3808898942146718 0.533762223788016 0.3872908165000183
0 0.5857776287020143 0.3881987476595035 0.15665052857276004 0.38070830690471213 0.1558665338096447 0.4256233406424828 0.5849936339388989 0.4331137813972742
0 0.5827175041027179 0.4350817157884227 0.16120671806080544 0.42235702189757396 0.1600231259685083 0.46156400302078665 0.5815339120104207 0.4742886969116354
0 0.5133684418550829 0.5195341836915566 0.1830789036791067 0.5091737965815326 0.1822795277953587 0.5346579303950936 0.5125690659713349 0.5450183175051176
0 0.5821198547350269 0.4733860777449676 0.16057162038988396 0.46016313002627635 0.1590080190843058 0.5100108178194082 0.5805562534294488 0.5232337655380994
0 0.5704217981421257 0.5227168657323482 0.16990317015325557 0.5157257459346865 0.16877830138540456 0.5801690552480091 0.5692969293742747 0.5871601750456709
0 0.5485924315315133 0.5839150566648545 0.16631623282802338 0.573863936455855 0.16562715710216475 0.6000716867983725 0.5479033558056546 0.6101228070073721
0 0.5543616773999658 0.6389054378509912 0.5535535967162656 0.5926107223234316 0.16005422154153107 0.5994793085217307 0.16086230222523118 0.6457740240492903
0 0.5690583226209331 0.6008299650708914 0.16333815334093502 0.5937481101248387 0.16214512058269598 0.6620970746710748 0.567865289862694 0.6691789296171274
0 0.5132882599385284 0.6682803555973713 0.16219813977053407 0.6600754487802492 0.1611468328299968 0.7050611492048321 0.5122369529979912 0.7132660560219543
0 0.572632498590899 0.7551556966592359 0.5652418184323442 0.6629044260692517 0.1532766921559569 0.6959088764721064 0.16066737231451178 0.7881601470620906
0 0.6376429600531466 0.6957913955898973 0.12789197992968632 0.6868936548137444 0.12567634130777322 0.8138274448098081 0.6354273214312334 0.822725185585961
0 0.5682046086045459 0.8202141210690328 0.14424985845810825 0.7996757351150943 0.14271508530684532 0.831356626171208 0.566669835453283 0.8518950121251464
0 0.5808111465012906 0.8217718555934168 0.1516840448955317 0.8142814168217178 0.15086596360720608 0.8611492790173869 0.579993065212965 0.8686397177890859
0 0.5543478664207134 0.8670987679931785 0.14650928935621604 0.8422939486605084 0.14413099237701035 0.8813976906723895 0.5519695694415077 0.9062025100050596
0 0.581484913041648 0.9404377115901698 0.5800945435989552 0.8607836196323904 0.14159117261413962 0.8684377359815952 0.14298154205683247 0.9480918279393746
0 0.6054724218750002 0.8902343109374999 0.1310073656250001 0.8902343109374999 0.13100736562500012 1 0.6054724218750002 1