0 0.9104774533088458 0.1345387972610234 0.9027115971997615 0.02348186001239132 0.06198662376942941 0.08227106609644493 0.06975247987851366 0.193328003345077
0 0.7614821914650025 0.1292944047388105 0.7565774393887065 0.059153182088941866 0.05856812516360708 0.10796274804574468 0.06347287723990315 0.1781039706956133
0 0.7452257846875662 0.15784168203219237 0.742773408429491 0.12277107254171682 0.0784968856797114 0.1692218185326188 0.08094926193778643 0.20429242802309436
0 0.5202751868231071 0.17832877532339503 0.5178741833437456 0.15286960445257852 0.05902388615234459 0.19614285815171983 0.061424889631706135 0.22160202902253637
0 0.8951685391492437 0.21392507245855233 0.8924436768821875 0.174957725704265 0.08804632481792157 0.23120666680309765 0.0907711870849776 0.270174013557385
0 0.8125603814818456 0.22138096033818924 0.810762427652271 0.20119157887058972 0.09794638251943548 0.26467100443821573 0.09974433634901021 0.2848603859058152
0 0.933881946576028 0.24045928416501844 0.9313164225805568 0.20970252103784182 0.09111316935259006 0.2797866712559955 0.09367869334806114 0.31054343438317206
0 0.9325736809097764 0.3013725977910849 0.9282139059416832 0.23902483574737957 0.09786824800118858 0.2970881903200126 0.10222802296928175 0.35943595236371795
0 0.7689631405175723 0.3108554588974391 0.7671919799535396 0.28552668279323673 0.07956198656016801 0.33361045604520767 0.0813331471242007 0.35893923214941
0 0.7346791658800186 0.3426212421170901 0.7324992749873209 0.3114473581091226 0.08638656334697825 0.3566279719652926 0.08856645423967598 0.38780185597326017
0 0.6860586074309872 0.355810595069871 0.6851049055671473 0.34217202297535987 0.09348362684957598 0.38354221277898337 0.09443732871341592 0.39718078487349445
0 0.6453587834582528 0.3704039699316142 0.6444050815703404 0.35676539764021326 0.10987006815014552 0.39414372731886677 0.11082377003805796 0.4077822996102677
0 0.6101211061310479 0.3885311807381988 0.6088949180285528 0.37099587490357744 0.09771337536564506 0.4067411725185643 0.09893956346814017 0.42427647835318566
0 0.6519046640569798 0.42672517327856924 0.6489073155016368 0.38386109176618416 0.08063950913845204 0.42359824764011744 0.08363685769379503 0.4664623291525025
0 0.6516259682124751 0.4600288635804536 0.6491735914334436 0.4249582525534484 0.08609544555393889 0.4643325243239541 0.08854782233297037 0.49940313535095937
0 0.7036526024471134 0.4955486941395198 0.7005190105908314 0.450736246698869 0.10370807309982313 0.49246933650474556 0.10684166495610503 0.5372817839453964
0 0.7704245550172419 0.5554900529544752 0.7625224428508288 0.4424847522427349 0.12419422475659665 0.4871210759071807 0.1320963369230098 0.600126376618921
0 0.8364432888418246 0.6063989025850431 0.832783437420923 0.5383419987580051 0.06360928636340836 0.5797053719261833 0.0672691377843099 0.6477622757532213
0 0.9078018818132951 0.6183257907114029 0.9053495068313275 0.5832551784692772 0.1502539278675219 0.636056580796122 0.15270630284948958 0.6711271930382477
0 0.6362808375280652 0.6592792849022259 0.6351369762168175 0.629612079196266 0.12315497267630708 0.6493522735276597 0.12429883398755479 0.6790194792336195
0 0.8521161522928032 0.6431551832753563 0.8510998456595221 0.6208814688747063 0.6635456785112998 0.6294392038237854 0.6645619851445808 0.6517129182244353
0 0.6638816364486136 0.6725823465032648 0.6608842868325586 0.6297182665168359 0.13153893346967765 0.6667337137669609 0.1345362830857328 0.7095977937533897
0 0.6364860851062148 0.6950613655403635 0.6356995558123433 0.6715895312295751 0.12051728977094142 0.6888530283452821 0.12130381906481288 0.7123248626560705
0 0.8715719159015307 0.7001279932643879 0.869210893248928 0.6416838593158622 0.12788451803189785 0.6716319181989123 0.13024554068450062 0.730076052147438
0 0.7802796000438753 0.7352217004147283 0.7791186594717645 0.7040099242675774 0.12340751597620252 0.7283994901314402 0.12456845654831321 0.7596112662785912
0 0.18547297313114103 0.7295306711829193 0.18520048688303703 0.7256339368296387 0.1436832040535055 0.7285371084610761 0.14395569030160943 0.7324338428143566
0 0.7679726589002194 0.7079144431204227 0.7676667148481472 0.7003411844986325 0.18781348801670567 0.723766060722132 0.18811943206877793 0.7313393193439224
0 0.9218985589241517 0.7511182658708127 0.9209407028444216 0.7232925343806915 0.23670002729470557 0.7468464197945054 0.23765788337443555 0.7746721512846266
0 0.961959191097925 0.7619319287956443 0.9607022148209594 0.7211696149543647 0.2191436892876387 0.7440368515446756 0.2204006655646044 0.7847991653859553
0 0.7556965128082274 0.8286917475354011 0.7543912236227341 0.7661953627920736 0.19805150840257663 0.7778149823383826 0.19935679758806982 0.8403113670817103
0 0.9294793313559151 0.9024580965769537 0.9274398583509857 0.7639234848441967 0.16818203453646924 0.7751010946565247 0.1702215075413986 0.9136357063892818