0 0.6627318978389111 0.024377831625147905 0.16197918465160116 0.020980687694050752 0.1614601642160761 0.097486392651009 0.662212877403386 0.10088353658210616
0 0.6318898885644683 0.24272741782189405 0.15876597991360225 0.2262055575912298 0.15610761830748782 0.3023310311234366 0.6292315269583539 0.3188528913541009
0 0.5658097328841759 0.27168889543686914 0.178472026281397 0.25816276429824203 0.17785855851782897 0.2757301820749779 0.5651962651206078 0.289256313213605
0 0.6042581562797993 0.2886660675578409 0.1597296480323578 0.2731427901795329 0.15823006026724523 0.31608536576883 0.6027585685146867 0.331608643147138
0 0.6029310480153559 0.3316332209772218 0.16091276143291322 0.31418333826650124 0.1592939004221441 0.35519027121027824 0.6013121870045868 0.3726401539209988
0 0.5367465739262853 0.3586181860339339 0.17020552280449208 0.34581828944714077 0.16918307653136128 0.37509731753363457 0.5357241276531546 0.38789721412042766
0 0.587715766501237 0.3897128019782322 0.15878474979217536 0.37473419925826035 0.15721699876918166 0.4196287099687104 0.5861480154782434 0.43460731268868236
0 0.5838378865501836 0.4365352226049434 0.16261337455486932 0.41645608892151076 0.16074570648906086 0.4556364431137096 0.5819702184843754 0.47571557679714227
0 0.5130254869313435 0.5197645177993663 0.18296706758018205 0.5036413650128877 0.18172305433686942 0.5291076649467336 0.5117814736880308 0.5452308177332121
0 0.5825718234989846 0.4748233203207669 0.16131856646431908 0.4542453554783982 0.15888524122814657 0.5040581619932494 0.5801384982628122 0.524636126835618
0 0.5700146039039871 0.5239424342273516 0.16967898746223112 0.5099624209795799 0.16742960818013222 0.5743762827943322 0.567765224621888 0.588356296042104
0 0.5471205101838816 0.584750332064878 0.1650779513328664 0.5680291017949803 0.16393159217118541 0.5942208341269807 0.5459741510222006 0.6109420643968784
0 0.5519300838430033 0.5935344793953512 0.15838402464500567 0.5932063920746488 0.15834541232516292 0.6395224955987844 0.5518914715231605 0.6398505829194867
0 0.5672880802676554 0.6020198425548551 0.16175330105310087 0.587858258492292 0.1593675937052637 0.656175990343582 0.5649023729198183 0.670337574406145
0 0.5103493390227984 0.6684866373956176 0.15945588768095062 0.6541556140740857 0.15761963230662196 0.6991161148971579 0.5085130836484698 0.7134471382186898
0 0.5675987736715197 0.7565476519899572 0.5623987027258418 0.6640417269082398 0.1499648176110842 0.6872260306282849 0.15516488855676203 0.7797319557100023
0 0.6342049670040274 0.6981637776574747 0.12468690998040333 0.6803710063484103 0.12025630765530163 0.8072467947749237 0.6297743646789257 0.825039566083988
0 0.5626057131585334 0.8213556846174737 0.13907397854780035 0.7934213990219485 0.13698653144322728 0.8250706814095252 0.5605182660539604 0.8530049670050502
0 0.5751519979691415 0.8229222460744172 0.14529986885942578 0.8218591431372472 0.14518420834699403 0.8686249978672441 0.5750363374567098 0.869688100804414
0 0.5479328332085632 0.8679913592106894 0.14058927504047003 0.8360725521966564 0.13752888580161393 0.8751288315051818 0.5448724439697071 0.9070476385192148
0 0.5738163320753418 0.862166853199166 0.13683493086027218 0.8485674306202705 0.13434524900204933 0.9285667585824969 0.5713266502171189 0.9421661811613923
0 0.5984865218750002 0.8916778781250001 0.12311323125000011 0.8916778781250001 0.12311323125000014 1 0.5984865218750002 1