0 0.1404655701483657 0.9639266745856505 0.06426857311484294 0.19557750773363655 -0.02344270187420117 0.2042758132026577 0.05275429515932158 0.9726249800546716
0 0.1921482396275337 0.9363740054373408 0.12000395732391159 0.21133692692839556 0.06370262512836514 0.216939149662078 0.13584690743198727 0.9419762281710234
0 0.30042725997390285 0.9410524195028792 0.26892671373052063 0.03899749306715642 0.10301223682810128 0.04479137157604303 0.13451278307148345 0.9468462980117659
0 0.25786255439299766 0.9418345133233048 0.18656550165508676 0.21649276887300886 0.13690788238474202 0.22137383621408685 0.20820493512265287 0.9467155806643829
0 0.3043865211531468 0.9423093497018448 0.22594200031463801 0.21502043362942597 0.18070938044340346 0.21989917041979404 0.2591539012819123 0.9471880864922128
0 0.37701266277197193 0.930924971028505 0.30576365752158424 0.2148852820563266 0.2249136146238345 0.22293020640847327 0.29616261987422215 0.9389698953806518
0 0.41363937033056786 0.9370989779318976 0.38740418441889524 0.18581980352974878 0.3054228998204059 0.18868264641958485 0.33165808573207844 0.9399618208217335
0 0.4641269807338321 0.9781788225301117 0.3941474812077451 0.25716936648701866 0.3376195214195073 0.2626558386852075 0.40759902094559425 0.9836652947283007
0 0.4960923221315605 0.9677006111972186 0.4234703768581003 0.18570054549475212 0.3856853878996888 0.18920952141514558 0.4583073331731491 0.9712095871176121
0 0.4969701654450741 0.7971815188767358 0.4956892343749999 0.796287875 0.4944990829924258 0.7979938139357642 0.49578001406250005 0.7988874578125001
0 0.5477670137719238 0.9677718981843462 0.47212756204214423 0.15327896767495008 0.41925844882205904 0.1581887595069134 0.49489790055183863 0.9726816900163096
0 0.5898344056858693 0.9795007385758456 0.5133444169644634 0.15930255591424727 0.4730716519549748 0.1630583108116299 0.5495616406763808 0.9832564934732282
0 0.6567775517565926 0.9691650781967533 0.5844242434570324 0.026418007832004757 0.4980565148852671 0.0330464992788866 0.5704098231848272 0.9757935696436352
0 0.6841626941902588 0.9587019876070781 0.6396929127983858 0.3405624522965181 0.6070128177746532 0.34291350185499825 0.6514825991665264 0.9610530371655583
0 0.6710565847066013 0.4657582853310229 0.6697756546875 0.4648646421875001 0.6685855027933985 0.46657058185647726 0.6698664328124999 0.46746422500000007
0 0.7148993958556996 0.9523982940319374 0.6732312155996147 0.3257974076281466 0.6227504584966254 0.32915431524202365 0.6644186387527102 0.9557552016458144
0 0.7426500360982594 0.9488162921638985 0.6984707177269927 0.2002603293594974 0.6000272966449307 0.20607040029293477 0.6442066150161975 0.9546263630973358
0 0.7613904831473505 0.9429442189986057 0.7216705609912832 0.2467023810903552 0.6986208370083797 0.24801734550713075 0.738340759164447 0.9442591834153811
0 0.8113373645008934 0.9513158280686922 0.7630120940476932 0.1459221418267053 0.6703692364909978 0.15148090299340192 0.718694506944198 0.9568745892353888
0 0.830465657861674 0.940614909343917 0.7902346584939665 0.1506105257011764 0.7625563076542041 0.1520200466331985 0.8027873070219116 0.9420244302759391
0 0.9178486301371521 0.9321116284022709 0.8824721225891936 0.14984073059605882 0.7898383982656384 0.15402989020421748 0.825214905813597 0.9363007880104295
0 1.0033054047560497 0.9217128893159547 0.9778871860173568 0.19382995213968668 0.8880981655315402 0.19696545215826833 0.9135163842702332 0.9248483893345364