0 0.1181382619282993 0.9028839306111258 0.040233883762882824 0.35725546147714915 -0.0064097388644240635 0.3639151990489994 0.07149463930099241 0.9095436681829762
0 0.15556037871344203 0.9048012628566122 0.07985360829170815 0.3308993000987136 0.038981376486632316 0.3362909956681468 0.11468814690836619 0.9101929584260453
0 0.3321517977659743 0.934494084784433 0.26368642701054446 0.15193107028799857 0.05744299085578623 0.1699750272098519 0.12590836161121607 0.9525380417062863
0 0.3642016017138716 0.8922540122517695 0.3022517882713833 0.257429123033058 0.2184872368401085 0.2656033430776558 0.2804370502825968 0.9004282322963674
0 0.47879627654279827 0.8851089152884898 0.4227997358989225 0.24506565800370766 0.3041124751228182 0.25544944995263574 0.36010901576669396 0.8954927072374179
0 0.48979033160802743 0.8763137532661011 0.446035930092391 0.3761989830321961 0.4071220713853586 0.3796035067530091 0.45087647290099503 0.8797182769869138
0 0.5055123589138747 0.8774451493944231 0.4657983173412375 0.49168640991036405 0.44181280648855054 0.4941557294037307 0.4815268480611876 0.8799144688877899
0 0.5565860671956863 0.8416793330803249 0.5118329979268865 0.41194625256772016 0.4548216863023691 0.41788349895143756 0.4995747555711688 0.8476165794640422
0 0.6172361285979123 0.8389924087733638 0.5737248855333574 0.4114982809036025 0.511405734720139 0.41784125392202187 0.5549169777846938 0.8453353817917831
0 0.6526725034904264 0.8384932979727117 0.5993271459337015 0.29716173511442084 0.5290456772883338 0.3040876014997148 0.5823910348450586 0.8454191643580055
0 0.6801985123823833 0.8386038038944548 0.6179212857084531 0.23556901526627091 0.5628012989593392 0.24126142302411777 0.6250785256332694 0.8442962116523016
0 0.7018000423917092 0.8185399959937472 0.6460962070446239 0.24365283432677254 0.6169613186495206 0.24647586662638177 0.672665153996606 0.8213630282933565
0 0.7429944444542887 0.8123836248170111 0.7230442559433049 0.5843520176397653 0.7035873278512498 0.586054278953827 0.7235375163622336 0.8140858861310729
0 0.719058211754513 0.5612008295717615 0.695707432797274 0.29430019979086597 0.6762505040665466 0.2960024604500144 0.6996012830237857 0.56290309023091
0 0.7904658573564423 0.8395636456025425 0.7412705261057189 0.27725843425968727 0.6926282056867407 0.28151408584808485 0.7418235369374641 0.8438192971909402
0 0.8499701729454678 0.8474132037857551 0.7901196322224685 0.16331838583555788 0.6675409864303663 0.17404262762083103 0.7273915271533655 0.8581374455710282
0 0.8891684558269219 0.8311763231891268 0.8425124637814486 0.2318860721549448 0.7959410793089647 0.2355117512640998 0.8425970713544381 0.8348020022982817
0 0.9075961921143909 0.8190823146875207 0.8694583898667035 0.3053037631384515 0.8459847185025247 0.30704621469431165 0.884122520750212 0.8208247662433807