0 0.9078999914722061 0.04563811347618269 0.1755209950693778 -0.019660823703473797 0.17031376512012436 0.038742360314368396 0.9026927615229526 0.10404129749402488
0 0.8977758507512661 0.10331560335090535 0.18676620917245723 0.029463814558904962 0.18112438342339823 0.0837806099853015 0.8921340250022072 0.1576323987773019
0 0.8290150313870827 0.13731646339224102 0.12442111043485134 0.0691664919408241 0.12074878353330612 0.10713421453074017 0.8253427044855375 0.1752841859821571
0 1 0.06301017812500012 0.8556936703125 0.06301017812500012 0.8556936703125 0.6022779765625002 1 0.6022779765625002
0 0.8836227429432182 0.18062280009098863 0.10643173341105353 0.10040294720702085 0.09823408378759409 0.1798239303876158 0.8754250933197586 0.2600437832715835
0 0.9139388469952288 0.26349703437453054 0.14499869143808256 0.18021866005471335 0.13721326397422579 0.25210440295054115 0.9061534195313721 0.33538277727035837
0 0.978354331583118 0.34123669499417264 0.10734124119939806 0.24179229465870522 0.08193809072986358 0.46429327532036224 0.9529511811135833 0.5637376756558297
0 0.8200591367806236 0.5447599743981554 0.0698697313792222 0.425941644639405 0.05520400022365477 0.5185374264325898 0.8053934056250561 0.6373557561913403
0 0.9127421169217461 0.6246960534816137 0.09575501902465484 0.4952980446086883 0.07833946737455261 0.6052555402828816 0.8953265652716439 0.734653549155807
0 0.9752064716421252 0.6958910402834885 0.0991291203047476 0.557134002251599 0.08293570704374656 0.659375177186084 0.9590130583811242 0.7981322152179734
0 0.8647062126571281 0.7813838363691233 0.17076191834690296 0.6547200453248083 0.16680662211089592 0.6763896577109045 0.8607509164211212 0.8030534487552196
0 0.5615415649251883 0.7839382465578667 0.16476701637269292 0.710874887439557 0.1589444494910721 0.7424946538142576 0.5557189980435674 0.8155580129325675
0 0.6923217262981044 0.8191715273280197 0.15280194798253516 0.7337199792419674 0.14180264812734739 0.8031668172737524 0.6813224264429167 0.8886183653598048
0 0.6608823250003522 0.8859971910648511 0.15841034650074928 0.798659944392028 0.15406944260818348 0.8236341982237885 0.6565414211077863 0.9109714448966116
0 0.7771783507482215 0.9178553697371454 0.1703778316676665 0.8079624738408787 0.16437025510698935 0.8411347780713191 0.7711707741875443 0.9510276739675859
0 0.8148438678957362 0.9479939474861359 0.10873400294964161 0.8219966780782025 0.08847750840347088 0.9355174765485963 0.7945873733495656 1.0615147459565297