0 0.1490650490808018 0.9913780467202162 0.0007251385605262728 0.17786861632119316 -0.06862735311737754 0.1905147418919961 0.07971255740289798 1.0040241722910193
0 0.18334071279784847 0.9619164679261724 0.028599128179129275 0.09446687339165799 -0.013583718043900465 0.10199173767127309 0.14115786657481874 0.9694413322057874
0 0.2161685194981664 0.9869877869654303 0.06817135875874107 0.047771329069393076 0.019528214932947742 0.05543627905523946 0.16752537567237305 0.9946527369512767
0 0.2724365651718708 0.9931099268733379 0.12114362858676016 0.07484838532197884 0.06443328326429418 0.084191992007386 0.21572621984940485 1.002453533558745
0 0.31858310094758774 0.9776967668932464 0.20699822439157764 0.06891099219367239 0.12363985582525402 0.07914611418318471 0.2352247323812641 0.9879318888827587
0 0.32861088839561026 0.9994155576167619 0.27346308025255384 0.11801035853751518 0.16531062271568625 0.12477724734719531 0.22045843085874264 1.006182446426442
0 0.39615930576207303 0.9777546261304171 0.28515027206571575 0.2673659452193043 0.2165259197399046 0.2780895437850307 0.3275349534362618 0.9884782246961434
0 0.47924024336896504 0.9239014390573421 0.369874375319666 0.03318810845613075 0.25743750733537063 0.04699362280668714 0.36680337538466967 0.9377069534078986
0 0.5086357305119809 0.9229128291739744 0.42114305204919356 0.2103421629656114 0.36104748309385776 0.21772097118911743 0.4485401615566449 0.9302916373974804
0 0.5699708398767611 0.8664485303000898 0.48334256634527295 0.04828792354479737 0.4024259965474834 0.05685551123332222 0.4890542700789717 0.8750161179886147
0 0.7499326216616762 0.8677681755365472 0.7009880978042926 0.2237810911563669 0.6704858376467081 0.22609933423328185 0.7194303615040918 0.8700864186134621
0 0.7883526789215932 0.8969817933644988 0.7186075208133309 -0.0017430220937993068 0.6782195245180199 0.0013912712280735652 0.7479646826262824 0.9001160866863718
0 0.8452748273994584 0.8971289938382299 0.7933128955141849 0.14075740323058855 0.728547687881964 0.14520670480313635 0.7805096197672375 0.9015782954107776
0 0.8693549487066825 0.8978433226601219 0.830135451691312 0.15061317527899803 0.793167156021093 0.1525535118229437 0.8323866530364634 0.8997836592040676
0 0.8977667810544914 0.8998866823966123 0.8703364051864977 0.39258269346390684 0.8390275474516962 0.39427559112369054 0.8664579233196898 0.9015795800563963
0 0.964591970685359 0.8631238919985307 0.9165183515164648 -0.0017354733023158709 0.8835697160863539 0.00009599226925817717 0.9316433352552481 0.8649553575701047
0 0.9876577057997953 0.852718371503126 0.9440047829559077 -0.0013913708208551146 0.9145047344387727 0.00011635503449632933 0.9581576572826602 0.8542260973584774
0 1 0.2449792656250001 0.9576751109374999 0.2449792656250001 0.9576751109374999 0.8467417234375001 1 0.8467417234375001