0 0.9349708375000001 8.192906259672242e-17 0.06358006875 2.8571766808910476e-17 0.06358006875000001 0.10742187500000004 0.9349708375000001 0.10742187500000011
0 0.8127160140624999 0.06835937500000008 0.060978903125000004 0.06835937500000004 0.06097890312500002 0.16015625000000006 0.8127160140624999 0.16015625000000008
0 0.7931221307128333 0.19684364289059814 0.7917804592402993 0.13370882915724316 0.041945499957108216 0.1496434952232252 0.043287171429642265 0.21277830895658015
0 0.8673405093750001 0.19531250000000008 0.07398473437500003 0.19531250000000006 0.07398473437500003 0.26367187500000006 0.8673405093750001 0.2636718750000001
0 0.8106790945412934 0.2663138982702213 0.8100238588858231 0.22355448740627043 0.044891926213972824 0.23527919813768391 0.0455471618694431 0.2780386090016348
0 0.9089591734375 0.2636718750000001 0.032366071875000034 0.26367187500000006 0.03236607187500004 0.34179687500000006 0.9089591734375 0.3417968750000001
0 0.882947509375 0.3378906250000001 0.03496723750000004 0.33789062500000006 0.03496723750000004 0.39648437500000006 0.882947509375 0.3964843750000001
0 0.9197420056128671 0.3987745977358068 0.0037842596581312725 0.3937544469295993 0.0031324692938634975 0.5126776538084694 0.9190902152485994 0.517697804614677
0 0.9227455578470483 0.51890244271964 0.001240158031564409 0.5020261939314221 0.00035233509777495285 0.5505045991643545 0.9218577349132587 0.5673808479525724
0 0.8864352243202349 0.5663160938298896 0.0013820061044223675 0.5457628299008703 -0.0002588345194932812 0.6164197961029816 0.8847943836963192 0.6369730600320009
0 0.789940381871919 0.6309142151065499 0.04300913838431914 0.6097502691086173 0.04201380165295885 0.6448783167097807 0.7889450451405586 0.6660422627077134
0 0.9089591734375 0.6367187500000002 0.0037532406250000796 0.6367187500000001 0.0037532406250000844 0.7148437500000001 0.9089591734375 0.7148437500000002
0 0.8707815134079405 0.7149729707203986 0.00670566932008439 0.6997666186417109 0.005824088945680972 0.7498609675165832 0.8698999330335371 0.765067319595271
0 0.8756528499936737 0.7667440693424822 0.0015233728016467662 0.7476501558578322 0.0008581507215042666 0.7781043751879363 0.8749876279135311 0.7971982886725862
0 0.8788751587827719 0.7974380455205562 0.004112271648681723 0.775634597197441 0.002419768919022483 0.8435384696646894 0.8771826560531124 0.8653419179878045
0 0.8664419857367843 0.8635167124569717 0.01166535003767091 0.838988486832268 0.00973139699414044 0.9063842251723508 0.8645080326932538 0.9309124507970546
0 0.8588331992672147 0.9317161196759015 0.00958708668893914 0.8932750669923053 0.007589771555322156 0.9374000842435055 0.8568358841335977 0.9758411369271018
0 0.7544820761473809 0.9693237129926446 0.03040280745175249 0.9304890123754277 0.028351073330894493 0.968743926619059 0.752430342026523 1.007578627236276