0 0.201136540625 0.22871650156249998 2.8147991082964364e-17 0.22871650156249998 7.275391109279311e-17 0.9571864578125 0.20113654062500003 0.9571864578125
0 0.23193926027489695 0.9285178246160765 0.12459846498274038 0.3183671413773577 0.06414550230501917 0.3290023324372927 0.1714862975971757 0.9391530156760115
0 0.28884525977134545 0.9012247064644979 0.18957067418492685 0.31874158306830336 0.12480476267454021 0.3297798582853297 0.2240793482609588 0.9122629816815243
0 0.3224314353508704 0.8935678690394274 0.2247976396684302 0.3137810298136598 0.1885553986647565 0.3198840789238321 0.2861891943471967 0.8996709181495998
0 0.4260167649393309 0.9193410728916402 0.30353612240193295 0.1460294004929432 0.19743679169530504 0.16283389816388455 0.31991743423270297 0.9361455705625815
0 0.463980387512693 0.8843587381131524 0.36632146564869583 0.2677647079130857 0.3219526541186485 0.27479203884103093 0.41961157598264565 0.8913860690410976
0 0.5957756086954961 0.892453919601318 0.477364183416953 0.14483365633762074 0.38862655880109964 0.15888831633402772 0.5070379840796425 0.906508579597725
0 0.5078367867694384 0.8616110244541136 0.4162815661266309 0.2835541194129759 0.3699836746103961 0.290886985150068 0.4615388952532037 0.8689438901912057
0 0.6751692668209344 0.8693448382191418 0.572627416336817 0.22192110469921142 0.49353518032447646 0.23444808482015608 0.5960770308085939 0.8818718183400864
0 0.7179171332611993 0.842042261579633 0.6321197129920544 0.25999927673405104 0.5780199650260242 0.2679739778017527 0.6638173852951692 0.8500169626473347
0 0.7545645277235709 0.8467169772624071 0.6701413714381902 0.24870265976359546 0.6313378114218161 0.2541806540453929 0.7157609677071968 0.8521949715442046
0 0.7839834150584715 0.8341279274780946 0.6991423505407333 0.22566527987168278 0.6593624138584422 0.2312120002625734 0.7442034783761802 0.8396746478689854
0 0.8581580019032004 0.8442577758742038 0.7715954323538897 0.2037364253475224 0.6974193197949278 0.21376087636231364 0.7839818893442384 0.8542822268889949
0 0.960648686896822 0.8527025756972305 0.8651521743477627 0.040070697461187674 0.767693864620266 0.05152352000871596 0.8631903771693252 0.8641553982447588
0 0.9979471578330152 0.8167436760577005 0.9176209597279928 0.13912921575622267 0.8753469495226757 0.14414048797277967 0.955673147627698 0.8217549482742573