0 0.7986835558110256 0.02719035585698081 0.7950389831056417 -0.0110261940445609 0.03548281861681596 0.06140990163738756 0.03912739132219983 0.09962645153892927
0 0.8069124925070202 0.0888421343216094 0.8009388105637303 0.02584896364766791 0.03865443979029335 0.09813686934639006 0.044628121733583256 0.16113004002033154
0 0.8208640849671394 0.19352487205757624 0.8116718771961862 0.08845746047846173 0.025611998529883682 0.15722879134607487 0.03480420630083696 0.2622962029251894
0 0.6264650330750171 0.21249317098581297 0.6239116420548834 0.18330777843027382 0.04279806765846426 0.2341486290276369 0.045351458678597856 0.26333402158317604
0 0.803643909373297 0.2656125232804074 0.797685995935059 0.19751326908155561 0.040162945551694175 0.26378795615045236 0.04612085898993226 0.33188721034930413
0 0.7555446082019055 0.2835447673658091 0.7521400869142794 0.24463091129154063 0.0490964322474142 0.30613926152739845 0.052500953535040404 0.34505311760166696
0 0.7644813556579036 0.37919874721741903 0.7586942468727463 0.2854069727864495 0.04379286164007675 0.3295175796291216 0.04957997042523402 0.42330935406009107
0 0.6511001846955408 0.40443585078738165 0.6459934028346922 0.34606506698060296 0.05969131441770671 0.39735985308484206 0.06479809627855529 0.45573063689162085
0 0.772437854364555 0.4467559935704675 0.7675012990861303 0.3903309023396325 0.07742892766699778 0.450704405214229 0.0823654829454225 0.507129496445064
0 0.799457054830541 0.5169084490298612 0.7937255734350462 0.4461782044866732 0.05098313584967926 0.506364826067849 0.056714617245173925 0.5770950706110372
0 0.80344634082014 0.5322694540741334 0.8017440801276532 0.5128125255466 0.10648319679424087 0.5736399717207166 0.10818545748672774 0.59309690024825
0 0.8361538930305852 0.5778993691248278 0.8325681609871516 0.5321253043759218 0.07166134638406024 0.5917312834856198 0.07524707842749379 0.6375053482345256
0 0.7656440929042091 0.7282128180930475 0.7552026955466056 0.5856623782628654 0.06391819810689162 0.6362969195067784 0.07435959546449514 0.7788473593369606
0 0.8169180739673351 0.8254488571015497 0.8103598476286326 0.7169418128516926 0.056957177035546404 0.7624778909200886 0.06351540337424892 0.8709849351699457
0 0.8749489513318249 0.8720558381410195 0.8699245120756283 0.7903409843131026 0.06306313981248689 0.8399528451094884 0.06808757906868354 0.9216676989374053
0 0.8698589677207307 0.9050642492941886 0.8681407759974633 0.8713204286332399 0.08194258176646688 0.9113526242683602 0.08366077348973433 0.9450964449293089
0 0.7710832860388843 0.9718142841844687 0.767962197927481 0.9094730418485334 0.06467839785446487 0.9446826498881398 0.06779948596586814 1.007023892224075