0 0.17981993692595127 0.7725830720743694 0.05424217195099549 0.09470908392340147 -0.04214322637273547 0.11256470769608909 0.08343453860222029 0.790438695847057
0 0.09857026072147128 0.7781451781803664 0.005630336285321447 0.3373034458574816 -0.019503154488106345 0.3426021836176085 0.07343676994804349 0.7834439159404933
0 0.6951990236007483 0.12350325071906036 0.6713657670603557 0.04004605705470974 0.1592680478373955 0.18628816968884437 0.18310130437778813 0.269745363353195
0 0.20051209733828929 0.758522760478334 0.07286264560304934 0.19074431107735992 0.051016555497497375 0.195655806798049 0.17866600723273734 0.763434256199023
0 0.22311610928000186 0.7634608384563034 0.09533754601486286 0.17138315823787803 0.06735248254860766 0.17742272250803023 0.19513104581374666 0.7695004027264556
0 0.2804227567911828 0.7465699691841767 0.16049815312294582 0.16658236328077364 0.09603806589867822 0.17991083846559988 0.21596266956691518 0.759898444369003
0 0.2895914283938491 0.7572166919511922 0.19353917781874194 0.2839303196601345 0.17146124455084355 0.28841097936762455 0.2675134951259507 0.7616973516586822
0 0.30664936302411333 0.7600041391695715 0.20736946064139006 0.277122016162506 0.18942207644690878 0.28081197374419775 0.288701978829632 0.7636940967512633
0 0.3721518383722373 0.7660857791132036 0.27386797923980855 0.21324842857582235 0.19634889025393526 0.22702983320515124 0.29463274938636397 0.7798671837425325
0 0.40801633621399525 0.7670443374804298 0.3160349595651995 0.21689777328046733 0.27452595839114435 0.22383784219984407 0.36650733503994015 0.7739844063998065
0 0.4394668412945527 0.7625398312469792 0.35476567945489934 0.2433194255937426 0.3201899026672489 0.24895982114356308 0.40489106450690227 0.7681802267967996
0 0.4633555904666887 0.7487478404157419 0.38220649172636345 0.23445715352116903 0.35275159369618764 0.23910479441676807 0.43390069243651286 0.7533954813113409
0 0.48886433491337894 0.7295087961159614 0.4135657487095202 0.19373155901292027 0.372949284821643 0.19943983121181744 0.4482478710255018 0.7352170683148586
0 0.5210902933599898 0.7722288381412203 0.4474671239994684 0.2806796611771489 0.41986761624390334 0.28481345557449667 0.4934907856044247 0.7763626325385682
0 0.5529180064524668 0.7782946911970574 0.47834344867490153 0.24766915858429567 0.4454634539092538 0.2522901406491867 0.5200380116868192 0.7829156732619486
0 0.5949926721928035 0.7408607259904911 0.5189700656856415 0.19993178500572878 0.4648147815412084 0.20754281400576846 0.5408373880483704 0.7484717549905308
0 0.7650709039677406 0.7300914456448536 0.6771019274109824 0.10415937275903113 0.5107678364260494 0.1275360942664979 0.5987368129828076 0.7534681671523205
0 0.8059659516239618 0.7364621067135566 0.7615000032037923 0.18471111138549784 0.6860141942586806 0.19079455865687497 0.7304801426788501 0.7425455539849337
0 0.8568893811796185 0.7060387987927358 0.805484556339619 0.11009220885825557 0.7638465572754287 0.11368379589765469 0.8152513821154281 0.7096303858321349
0 0.8866423735662551 0.693659106940504 0.8340808046804501 0.022521234989245374 0.6732175814575291 0.03511957542269696 0.7257791503433341 0.7062574473739556
0 0.9682927476580463 0.6316284196224872 0.9331228237963023 0.22158917529702477 0.8803780405763512 0.22611320570538607 0.9155479644380952 0.6361524500308484
0 0.9741168112908513 0.4383936760770629 0.9557325830397367 0.13615446748244336 0.8746186668150242 0.14108836324385327 0.8930028950661388 0.4433275718384729
0 0.9857672274145051 0.6157250640208944 0.9502201298497205 0.2314373754867825 0.9299348887074348 0.23331378596654734 0.9654819862722194 0.6176014745006593