0 0.10773076574945721 0.9677898971081275 0.022054112222692945 0.2096533423945635 -0.016093011372145978 0.21396433079230998 0.06958364215461828 0.9721008855058739
0 0.1691289857763635 0.9612166201120361 0.08354839335157407 0.2003099460080584 0.0206690720937739 0.20738210051484862 0.10624966451856332 0.9682887746188265
0 0.27045119823178193 0.9692734445607643 0.1879716982358904 0.1845335119067962 0.08308070978040427 0.19555800030338472 0.16556020977629576 0.9802979329573528
0 0.27130477760586524 0.9587096871269785 0.21032984083078868 0.3785719141738705 0.1811934559838058 0.3816342716115798 0.24216839275888233 0.9617720445646878
0 0.3143383906314165 0.9605637101433491 0.26177249511884076 0.20161275332025616 0.19241860615332798 0.20641629068716633 0.24498450166590371 0.9653672475102593
0 0.35288665211455106 0.9501350866003688 0.27911786695967744 0.2482719771431116 0.24026935467262112 0.2523551203057526 0.31403813982749473 0.9542182297630099
0 0.4015563186796755 0.9561817084618079 0.37901788937501607 0.24130906601784913 0.28123023748825154 0.24439210479715348 0.30376866679291104 0.9592647472411121
0 0.4633326999187058 0.9359082279153123 0.40181334461275986 0.3505906526642235 0.3435405760513688 0.3567153673582108 0.4050599313573148 0.9420329426092996
0 0.5144171392290022 0.9174464811134874 0.4420094059490552 0.22853287558232477 0.38567906349567693 0.23445343278889572 0.4580867967756239 0.9233670383200583
0 0.5848197245774385 0.9418723740839352 0.511679628650424 0.20029346148839733 0.4410601858692772 0.20725848265013375 0.5142002817962916 0.9488373952456716
0 0.5999208266665497 0.8901301028325082 0.5269686701295377 0.19603669632345624 0.507544413804309 0.19807826792572825 0.580496570341321 0.8921716744347801
0 0.6448973660221787 0.9222884303959958 0.5720208106693401 0.16253777367898217 0.526316296104727 0.16692182725773844 0.5991928514575656 0.9266724839747521
0 0.7862333375533372 0.9207090201945398 0.7235419323067405 0.2304135030915094 0.581195431099778 0.24334115794584177 0.6438868363463747 0.9336366750488722
0 0.8785461400065433 0.9299435391449471 0.8198683058540848 0.17745032816441658 0.7114922460390007 0.1859012648255461 0.7701700801914593 0.9383944758060766
0 0.9291413795890145 0.9244875237275071 0.8654554110633388 0.11861488549846178 0.7838406925581115 0.12506467935841722 0.8475266610837873 0.9309373175874626
0 0.9522947756049731 0.9085078114990587 0.8985476268523461 0.12312801846468598 0.8648389327239983 0.12543485932517373 0.9185860814766252 0.9108146523595465
0 1.0143689989335123 0.923299084991448 0.9670582921064147 0.22072206519482523 0.9047433145786604 0.22491828219265156 0.9520540214057579 0.9274953019892743