0 0.7043775651367921 0.08140089590593444 0.7033962302377063 0.043020943161030036 0.025672322478134176 0.06034962845279505 0.026653657377219954 0.09872958119769945
0 0.7030528682677268 0.13225306750901067 0.7029768399129951 0.08084082045806729 0.02850880498829071 0.08183822278836574 0.02858483334302247 0.1332504698393091
0 0.6843899018910399 0.15524714206361495 0.6840639041768037 0.11808375016119159 0.03289421605525089 0.12379581838318965 0.03322021376948704 0.16095921028561305
0 0.6632802619271814 0.2094680464907877 0.6626699023397251 0.15061068655552376 0.03768714486369919 0.15709185082180893 0.0382975044511554 0.21594921075707285
0 0.6411828157896127 0.23948612605996722 0.6404906370434081 0.20336035367138358 0.05458406673846482 0.2145864686694065 0.05527624548466929 0.25071224105799017
0 0.6669672663593447 0.27601357053365916 0.6661793158648806 0.24027713200676576 0.03312309198606365 0.2542353490309232 0.03391104248052767 0.2899717875578166
0 0.6557161688930885 0.3005113705817853 0.6552572728625996 0.2754199969242498 0.05094707776071074 0.286472223617823 0.05140597379119964 0.3115635972753585
0 0.6969066829701822 0.3327769638689294 0.6962863944133322 0.2972406417826178 0.03507086407934849 0.3087821970983743 0.03569115263619854 0.3443185191846859
0 0.6990275858719206 0.3663084916700858 0.6984148097026384 0.32814427837062154 0.03725855551629853 0.33876000346256 0.03787133168558064 0.37692421676202426
0 0.6564490393288118 0.3961760522055594 0.6563468384394399 0.36612633734872924 0.06024249132786572 0.3681537241217323 0.06034469221723761 0.3982034389785625
0 0.47892680744573524 0.43353799029307777 0.4788394395598412 0.3956137505292195 0.06743482793432762 0.39656152301954706 0.06752219582022163 0.43448576278340534
0 0.5149808964907205 0.4468841705685106 0.5146680728655773 0.4274012530636278 0.08804406003915527 0.43425125744475335 0.08835688366429859 0.45373417494963614
0 0.6236146084857459 0.4799494320336352 0.6229746001063444 0.44271767083198776 0.09712015032082597 0.45175702979181587 0.09776015870022746 0.4889887909934633
0 0.5864858366545181 0.5081185726240672 0.586233490765145 0.4797235703235444 0.08695104292295372 0.4841606847148626 0.08720338881232689 0.5125556870153856
0 0.7000746098721021 0.5636022309836992 0.7000606174984603 0.52770901312753 0.04688848468679495 0.5279636414133348 0.04690247706043678 0.5638568592695041
0 0.5877984848443767 0.6036124261826509 0.5877483676403046 0.5655332297243674 0.048815707103840644 0.5662425356089804 0.04886582430791269 0.604321732067264
0 0.699087641522198 0.6434325356276338 0.6988546253659236 0.5725421445809022 0.051023436660581324 0.5746715605888821 0.05125645281685581 0.6455619516356137
0 0.65933218283675 0.6406745304760179 0.06081051992902133 0.6392158586719393 0.06075121708078333 0.6635489809296906 0.659272879988512 0.6650076527337692
0 0.6589357703450951 0.6644443809457827 0.06573625505150633 0.6595226978985902 0.06548430986653868 0.6898890908926731 0.6586838251601275 0.6948107739398657
0 0.7026632853729755 0.6929037438552479 0.054848311587922104 0.6880396052690051 0.05465709743564466 0.7135058597452428 0.702472071220698 0.7183699983314856
0 0.6996864928633831 0.7183620170906995 0.05469545607645696 0.7071036562139816 0.05391146120142021 0.7520186907223629 0.6989024979883464 0.7632770515990808
0 0.5712493022612583 0.7837442507897261 0.09008830815181311 0.7696975685834293 0.08935367167539768 0.7948621172013699 0.5705146657848428 0.8089087994076667
0 0.6958585992800289 0.7886184121632319 0.06127064535485159 0.777541636528136 0.05946404830951937 0.8810414960840381 0.6940520022346968 0.8921182717191339
0 0.6610328231129162 0.8922579586096985 0.06253079119579039 0.8706804471410626 0.06080216290013396 0.9186279386246682 0.6593041948172598 0.940205450093304
0 0.5872732380521113 0.9363812248081897 0.061825049779351104 0.9123092619150348 0.060542155416965636 0.9403125668990443 0.5859903436897259 0.9643845297921991