0 0.8803463421875 6.233817496838085e-17 0.1364127296875 1.6785379102068238e-17 0.1364127296875 0.09179687500000006 0.8803463421875 0.0917968750000001
0 0.77890085 0.04687500000000008 0.1624243953125 0.04687500000000004 0.1624243953125 0.09570312500000006 0.77890085 0.09570312500000008
0 0.7945078484375 0.09570312500000006 0.159823228125 0.09570312500000003 0.159823228125 0.12500000000000003 0.7945078484375 0.12500000000000006
0 0.9230433233671288 0.2015728243910812 0.9218038495067964 0.11243351981227168 0.13586037186382866 0.12336199183525087 0.13709984572416126 0.2125012964140604
0 0.7802095193756096 0.2498369865908389 0.7784468218479373 0.19349565001746458 0.1537395465494279 0.21304026923773117 0.15550224407710003 0.2693816058111055
0 0.8700033688886757 0.33032701488850474 0.8671834187684879 0.2462954253131886 0.14369411830080792 0.27057443455387176 0.14651406842099568 0.3546060241291879
0 0.7648282825984616 0.3750603478543822 0.7631180678108592 0.3325440406524204 0.16692289280267478 0.3565259401093229 0.16863310759027722 0.39904224731128474
0 0.8198774009967691 0.4190224274853496 0.817391164451793 0.36687161105332794 0.1553131460087481 0.39843549974573333 0.1577993825537241 0.450586316177755
0 0.6783442046795801 0.4515574082749471 0.6770923881882076 0.4248827564373315 0.172203152692386 0.44857673659338637 0.17345496918375852 0.475251388431002
0 0.7812285798618517 0.5027828189331428 0.7785241710122184 0.4439546570026326 0.147771049073851 0.47295121696516995 0.1504754579234842 0.5317793788956802
0 0.7808363654348159 0.5587719519695566 0.7784933579931684 0.5029946085181243 0.1453119959818659 0.5295923012604602 0.1476550034235133 0.5853696447118926
0 0.6968153315503252 0.6637068294246401 0.6953377417361486 0.6102937572621177 0.1486466638984198 0.6254171181812638 0.15012425371259636 0.6788301903437862
0 0.7797435455338817 0.6071154547816493 0.7777283058087439 0.5588054227567388 0.1477941708481139 0.5850829522839078 0.14980941057325184 0.6333929843088183
0 0.9155335691359007 0.7840358744274255 0.9118799707691544 0.5971871500801346 0.12574988043036356 0.6125589628883049 0.12940347879710992 0.799407687235596
0 0.9120859874395955 0.8878710356722417 0.9110203294224725 0.7885242076793398 0.5158979926178472 0.7927625441664418 0.5169636506349701 0.8921093721593436
0 0.7764302986363475 0.9117802024856502 0.776274889237271 0.8877712407689217 0.14150308428861622 0.8918801025315318 0.14165849368769282 0.9158890642482603
0 0.7609573228354205 0.9402241848072143 0.7606357994723718 0.9072524824794623 0.1595568583850538 0.9131139002696325 0.15987838174810237 0.9460856025973843
0 0.903756840625 0.94140625 0.11300223281250013 0.94140625 0.11300223281250013 1 0.903756840625 1