0 0.9538808805060061 0.06565510607869399 0.2589783949452634 -0.0444066346644065 0.24461819987437491 0.04626006913768731 0.9395206854351177 0.15632180988078778
0 0.8463514840534547 0.09608343693696397 0.23746488073905497 -0.0003547570879145645 0.22982647399850942 0.04787222996852869 0.838713077312909 0.1443104239934072
0 0.854127933632582 0.14675186858167008 0.22725733386631214 0.047465318613670426 0.2226742927733628 0.0764015010030937 0.8495448925396326 0.17568805097109336
0 0.976115472264374 0.19124492599789178 0.19971793225936574 0.07086129056293552 0.18620577969699595 0.15800604218712536 0.9626033197020043 0.2783896776220816
0 0.8218803214885876 0.2500412599712895 0.2033203089270975 0.16239442717829466 0.19552395026059177 0.21741656044895766 0.8140839628220817 0.30506339324195253
0 0.9023582972135257 0.3067674520719558 0.18389561470140064 0.21816523607109564 0.1735987327267252 0.3016611775830352 0.8920614152388502 0.3902633935838954
0 0.7861074903961217 0.37542556485621714 0.19337928719132585 0.3067260265180075 0.18849886588694942 0.348833490710624 0.7812270690917453 0.4175330290488336
0 0.8342884471664282 0.4179910079621198 0.17507649187942642 0.34789901745682117 0.16954562592467884 0.3999165580370655 0.8287575812116806 0.4700085485423641
0 0.6866112152523292 0.4540538861526892 0.1843019510712892 0.3979010653065533 0.18133339830572676 0.4244559477306812 0.6836426624867666 0.4806087685768171
0 0.7838386640312103 0.48807160760448765 0.15586575140566547 0.42100900651608936 0.14960978144052067 0.4795897894942424 0.7775826940660655 0.5466523905826407
0 0.7745665476115582 0.5464309744856881 0.14462630077979188 0.47621485896783405 0.13845128614893104 0.5316136831845506 0.7683915329806974 0.6018297987024046
0 0.6756537482572657 0.6393537467463782 0.13302123152112583 0.5707260851933933 0.12630570872517297 0.6238250973629015 0.6689382254613128 0.6924527589158864
0 0.7649939288925117 0.6013062851253325 0.13830642771963947 0.5318200155839814 0.13295911229040228 0.580046748238518 0.7596466134632746 0.649533017779869
0 0.8795542776228322 0.6468187890381292 0.09497943910593286 0.6228452377371706 0.08898587611172214 0.818994680065965 0.8735607146286215 0.8429682313669234
0 0.8607972137717788 0.8492327136513363 0.4698544636942084 0.7918644924846089 0.4554319408767672 0.8901485357865679 0.8463746909543375 0.9475167569532953
0 0.7120894580684457 0.9270667565325714 0.08470400764081443 0.8306056128533335 0.08108156580937076 0.8541660560886477 0.7084670162370019 0.9506271997678859
0 0.6930150162341095 0.9478169364868263 0.09954325792682821 0.8538202554741566 0.09434914566129224 0.8866145935918774 0.6878209039685735 0.9806112746045471
0 0.8190190951975215 0.9974360947353891 0.048715666611383754 0.8754320181777088 0.039549584722127995 0.9333043819971009 0.8098530133082656 1.0553084585547812