0 0.16094349601696895 0.8948390776813749 0.12022995875079046 0.2739067302605961 0.06351132004191634 0.2776256803529091 0.10422485730809483 0.898558027773688
0 0.200999821137259 0.9149739109030055 0.12246760618369286 0.3014312648493376 0.08498911209397365 0.30622843611839445 0.16352132704753983 0.9197710821720623
0 0.2345818804754211 0.9116402226920742 0.18511851335143287 0.2596130427741111 0.11776103735715793 0.2647228413626749 0.16722440448114623 0.9167500212806381
0 0.27218205865340495 0.9140046783671124 0.20335007848520625 0.3173239904924615 0.1636524304545449 0.3219034377202636 0.23248441062274355 0.9185841255949144
0 0.3338472445442688 0.9184144562074283 0.2634538638941245 0.3081985572164128 0.19809798585345534 0.3157378907674532 0.2684913665035996 0.9259537897584688
0 0.37311602066137045 0.9173696787949346 0.30470827967419545 0.2682850668925303 0.25842827294353055 0.27316256769175135 0.3268360139307055 0.9222471795941557
0 0.415906913250792 0.9173255615230872 0.35086061316255396 0.3031832216894478 0.3051979548850018 0.3080195385829434 0.37024425497323976 0.9221618784165827
0 0.4472118738551882 0.9152981210655277 0.38636717036342344 0.3042957193617178 0.3526357708822363 0.30765475198429326 0.413480474374001 0.9186571536881033
0 0.475300838218219 0.8782695811518897 0.4230340093220901 0.3120541724569458 0.38508311337051065 0.3155573851118749 0.4373499422666396 0.8817727938068188
0 0.5329803655252536 0.9010203963809609 0.47021201566397963 0.259693470294541 0.418554082992023 0.26474936777704683 0.48132243285329707 0.9060762938634668
0 0.56567579800991 0.894235421465261 0.5060520626741646 0.24564580597325966 0.4668967452386898 0.24924528741421503 0.5265204805744352 0.8978349029062164
0 0.6175949588924031 0.8991117702343716 0.562204158251429 0.23940667482035533 0.5057004368127432 0.24415089521737862 0.5610912374537175 0.903855990631395
0 0.6753729440426849 0.9061154699664383 0.6214971085715485 0.24738722261575505 0.5636539987556786 0.2521180746478521 0.617529834226815 0.9108463219985354
0 0.7197699444958906 0.88878477121859 0.6692812144281464 0.22415964456051968 0.6125754842722426 0.22846733650339246 0.6630642143399867 0.8930924631614628
0 0.7751091874139215 0.9147528563051219 0.7403995684520375 0.3174797251450559 0.6758787895846033 0.32122925200768726 0.7105884085464874 0.9185023831677531
0 0.8129127151182542 0.9102008454945038 0.7795597539162036 0.27378843528120256 0.7112940625993941 0.27736608857234063 0.7446470238014449 0.9137784987856417
0 0.8498351059530664 0.9056610878577201 0.8147123870283464 0.23547985861805892 0.7347440065869764 0.23967082492174646 0.7698667255116963 0.9098520541614077
0 0.9048878951077095 0.9010411336840967 0.8853812714305864 0.1876384314602501 0.8105628829079 0.1896841962779209 0.8300695065850231 0.9030868985017676
0 0.964732746270846 0.9003672998393861 0.9498408002907176 0.2337038017177741 0.88699420000002 0.23510767065495278 0.9018861459801485 0.9017711687765647
0 0.9954645141098846 0.8990443869193046 0.9873179101603554 0.2656553099372856 0.9515757406982557 0.2661150231048888 0.9597223446477848 0.8995041000869077