0 1 0.03998854531250012 0.3017262140625 0.03998854531250008 0.3017262140625 0.1469197343750001 1 0.14691973437500014
0 0.9843047625305585 0.02494280502415903 0.3114374958945774 0.02382689813259841 0.31139489743599935 0.04951282999940689 0.9842621640719805 0.050628736890967516
0 0.9054905169692775 0.7640333504509444 0.8782430932164033 0.2325062270739179 0.7942275859644925 0.23681307432069837 0.8214750097173666 0.7683401976977249
0 0.8913045600679832 0.14649449338267867 0.8910424498213384 0.1241046365490989 0.3091315087695802 0.1309168650246111 0.309393619016225 0.1533067218581909
0 0.9055698305679358 0.17250367491970633 0.9054806671383704 0.14387445533433568 0.2997746473982444 0.14576087860436276 0.29986381082780994 0.17439009818973342
0 0.8970518467807069 0.17138430710277092 0.30479280208897536 0.16870988464388906 0.3044954810313675 0.23455254348067917 0.896754525723099 0.23722696593956108
0 0.7752722070895424 0.2227542707220888 0.2923626634683332 0.21817997458785032 0.29214955908418544 0.2406774557024182 0.7750591027053945 0.24525175183665668
0 0.7789760475072024 0.24266697503253365 0.28602436410339516 0.23843012304298958 0.2858701517803319 0.25637250678527035 0.7788218351841392 0.2606093587748144
0 0.8300527044937006 0.2591026585653141 0.26751721138963785 0.25338927299541736 0.26671416275520554 0.3324568160537956 0.8292496558592684 0.3381702016236924
0 0.8170040767116239 0.33661823915572 0.259452986432699 0.3151210711211369 0.25782337630970936 0.35738668021628756 0.8153744665886341 0.3788838482508706
0 0.7829357580437949 0.37627919503737406 0.2573851232086204 0.3519009158590825 0.2557622141209172 0.3868878357759601 0.7813128489560918 0.4112661149542517
0 0.7858080282858776 0.41023563771687366 0.2658930018169552 0.382587143154523 0.264307483040041 0.4124019685153525 0.7842225095089633 0.44005046307770324
0 0.820407537167662 0.4382156204572582 0.2806828583305513 0.40047443080936124 0.2778217556427577 0.4413901450116941 0.8175464344798684 0.47913133465959107
0 0.727145008008268 0.46606472435617874 0.2308056980430749 0.4381600075575701 0.22922313481491624 0.4663089526376985 0.7255624447801092 0.4942136694363072
0 0.7536355900459483 0.498156984459154 0.21910057586359583 0.46077865804812196 0.2167844431082111 0.49390090225010885 0.7513194572905635 0.531279228661141
0 0.7933817124561535 0.5263889307832865 0.24846737857584605 0.48828480574031063 0.2446525708996566 0.5428390930099363 0.7895669047799642 0.580943218052912
0 0.8620859076104098 0.5879721318491213 0.23154217757101786 0.5438802183449526 0.2198252696473429 0.7114398055700254 0.850368999686735 0.7555317190741941
0 0.7635468458296604 0.7456595648460783 0.21350858744295714 0.6811727344882954 0.20467704772971823 0.7565010565005845 0.7547153061164215 0.8209878868583674
0 0.8230285032336159 0.8385913860100886 0.2294598204681757 0.7643878508226939 0.22428715562910365 0.8057650149586241 0.8178558383945438 0.879968550146019
0 0.9140901403864617 0.762479132004698 0.2449348951204537 0.6968208039003676 0.2290267501431996 0.8589482744181502 0.8981819954092078 0.9246066025224804
0 0.6882246964845949 0.9286949006774329 0.2790165344039128 0.8854402883547363 0.2734573079884467 0.938033080242264 0.6826654700691288 0.9812876925649604
0 0.7610239734375002 0.9301933390625001 0.4623460187500002 0.9301933390625001 0.4623460187500002 1 0.7610239734375002 1
0 0.6714116460637218 0.9770617316577568 0.2882868484335515 0.9302619099315299 0.28580764667224 0.9505577922244862 0.6689324443024103 0.9973576139507131