0 0.0764553830278972 0.2367350999959484 0.032695672869521346 0.23283204807593139 -0.0251780639736884 0.8816929912401079 0.01858164618468745 0.8855960431601251
0 0.28104949112728966 0.23594117039605395 0.2020147657138493 0.22732909192461276 0.12611801947638418 0.923848348982405 0.20515274488982455 0.9324604274538462
0 0.1983444471064521 0.26274667135933394 0.07451267802020282 0.25089793180011016 0.01271193687110972 0.8967805650609678 0.13654370595735899 0.9086293046201916
0 0.3406014946856709 0.18867752793918438 0.28656986163977394 0.18261784744683757 0.2026816193348992 0.930614170158384 0.2567132523807961 0.9366738506507307
0 0.46512208657250775 0.2071079440170606 0.34105381600027046 0.1918742773824523 0.251556025483382 0.9207753591640856 0.37562429605561937 0.9360090257986938
0 0.4372361984626035 0.3060092032547871 0.36163209578974553 0.29672618952890667 0.28229009913260394 0.9429150931187431 0.3578942018054618 0.9521981068446236
0 0.4474464733055557 0.3516894201951731 0.3945470404380632 0.3456513525034117 0.32516631226887177 0.9534950136620507 0.3780657451363643 0.9595330813538121
0 0.6001131502102224 0.21280171129908892 0.5375885625111118 0.2057044985258331 0.4518173680491066 0.9613262815454439 0.5143419557482172 0.9684234943186997
0 0.5299825699146048 0.28310312384492886 0.4572045268026709 0.2746570269628834 0.3761611492300851 0.9729888729369252 0.44893919234201907 0.9814349698189707
0 0.6828762943181041 0.22859735247714089 0.6033950595234246 0.21883828394006505 0.5129451560627534 0.9554936303803142 0.5924263908574326 0.96525269891739
0 0.7522786110021552 0.2082579275984256 0.6863673434882314 0.20016504052432643 0.5921090113141712 0.9678374534045396 0.658020278828095 0.9759303404786387
0 0.796408922716995 0.24264799133500065 0.7471737418964672 0.23568639168993308 0.6450108209014058 0.9582228983546072 0.6942460017219335 0.9651844979996748
0 0.8188676266018442 0.2901170697095014 0.7900896339105676 0.28585103153240526 0.6899713481682058 0.9612325390926608 0.7187493408594824 0.9654985772697572
0 0.8976205212459665 0.2510498160465919 0.8195285702253899 0.23987996943964945 0.715990144131075 0.9637500442784045 0.7940820951516514 0.9749198908853469
0 0.9676350335641117 0.26156964595687116 0.887011456822979 0.25062836169331193 0.7875468894535114 0.9835577863536663 0.8681704661946442 0.9944990706172255