0 0.7764046888987446 0.0745566077765246 0.7732844353978386 0.04235225761008873 0.05352896927085523 0.11208878392942814 0.05664922277176113 0.14429313409586403
0 0.8118839148276183 0.1322622721865033 0.8080864888254554 0.0717855921149492 0.04897706932515633 0.11945126828445067 0.05277449532731926 0.17992794835600479
0 0.6865483979987816 0.1421067736363995 0.6840024983332016 0.11513606616800123 0.05587286496344581 0.1744283567173214 0.058418764629025864 0.20139906418571965
0 0.8143775939965854 0.19274518589425163 0.808774463314639 0.12998317964086606 0.035197048542424544 0.19904495134509936 0.04080017922437096 0.26180695759848494
0 0.8869157151552967 0.2490958459821188 0.8816527715624336 0.18607031846380423 0.05261936992591225 0.2552987121197664 0.0578823135187755 0.31832423963808093
0 0.9640943753932587 0.3674861800407415 0.956593883127535 0.24610963845547057 0.04730483417047065 0.3022993715779817 0.05480532643619438 0.42367591316325265
0 0.7211554034806091 0.3832623081092585 0.7189241638113912 0.34519854519491616 0.08963599071173853 0.3820864571533155 0.09186723038095648 0.4201502200676579
0 0.8416780849835817 0.41170298058472377 0.8396331229377967 0.37491579385763857 0.04442867975917479 0.41912039468791906 0.046473641804959685 0.45590758141500426
0 0.9218442831243714 0.4891775036137485 0.91904959686127 0.4091481608198334 0.05338881935385372 0.4393777016225805 0.056183505616955155 0.5194070444164954
0 0.8195466107242142 0.5356082452603903 0.8175580385075758 0.4847469399843177 0.08184164307024547 0.5135119348139 0.08383021528688386 0.5643732400899726
0 0.9279661281067572 0.5866690232383729 0.9260394582548859 0.5353340839178946 0.06817994476340289 0.5675307141986216 0.07010661461527416 0.6188656535190998
0 0.9372866774483594 0.6332575924992245 0.9356507636004114 0.5864111468414845 0.08558747719719581 0.6160960094246398 0.0872233910451439 0.6629424550823799
0 0.9277220355373945 0.6586132737107596 0.9270307755927634 0.6322617893108287 0.09477172428818834 0.6540938552769109 0.09546298423281938 0.6804453396768418
0 0.9651816785909413 0.7612683014893691 0.9612963831056927 0.6500079938261996 0.09563560501676596 0.6802375337538434 0.09952090050201458 0.7914978414170128
0 0.8419014843231196 0.8167297563925286 0.8414219928384474 0.7648001987106021 0.1017623791968532 0.7716298445256004 0.10224187068152542 0.8235594022075269
0 0.8490090643147494 0.8630409133712214 0.847304987268282 0.8142425331781855 0.5873467951283888 0.8233204736039624 0.5890508721748564 0.8721188537969983
0 0.9440842156891069 0.9769797846050757 0.941289537767231 0.89695047779574 0.06523042863621072 0.9275430587908448 0.06802510655808656 1.0075723656001805