0 0.819624642148154 0.07360544758423208 0.09653470705187943 0.06739058601732081 0.09625568859950587 0.09985396954490101 0.8193456236957803 0.10606883111181228
0 0.8509200168848023 0.10523159762874842 0.08995467263033592 0.09287905835224457 0.0889711107852111 0.15347036361485075 0.8499364550396775 0.16582290289135462
0 0.7232438540946673 0.13681025831639482 0.09237758017841034 0.1291647800991203 0.09204859411606771 0.1563110494916025 0.7229148680323247 0.16395652770887698
0 0.8457085617474162 0.16403129395694035 0.06911759759039242 0.15328492116179476 0.06824369663348831 0.21643772626515823 0.8448346607905121 0.2271840990603038
0 0.9123537849710571 0.2275936340224885 0.08057544725132329 0.2108012121415602 0.0792975461052422 0.27409943669752357 0.911075883824976 0.29089185857845185
0 0.9805175450420984 0.29504621932442876 0.07018523061629114 0.2588071639826429 0.06535511317379936 0.3801406796855752 0.9756874275996067 0.4163797350273611
0 0.7339060317556962 0.3689303708817877 0.10420933016103337 0.339837679530859 0.10244960007369323 0.3779261539978184 0.732146301668356 0.40701884534874716
0 0.8508518579064214 0.41067019534503413 0.0552602319500997 0.3733841419246782 0.05351597416730132 0.4106022639355726 0.8491076001236231 0.4478883173559285
0 0.9262506026142339 0.4534484675928111 0.062172158147584214 0.393026208521335 0.05658618975726375 0.47290926737615646 0.9206646342239132 0.5333315264476325
0 0.817408717539538 0.5178331705355553 0.0824664955894044 0.47182215366489294 0.07928060180624333 0.522711006273288 0.8142228237563771 0.5687220231439504
0 0.9200178976216311 0.579505745837355 0.06342960304277752 0.5224791521564083 0.06000620698348684 0.5739014939589406 0.9165945015623403 0.6309280876398874
0 0.9242317997937782 0.6314756829695611 0.07572233506388801 0.5721421198377235 0.07245250027453154 0.6189029348035666 0.9209619650044217 0.6782364979354043
0 0.9108614154918356 0.6763082543250574 0.08089223723903663 0.6108112286526277 0.07881617300264687 0.6371188252279901 0.9087853512554458 0.7026158509004198
0 0.9430892487424549 0.6974048363769909 0.07901080302754285 0.6369825859358953 0.07124494563080372 0.7480395217506206 0.9353233913457156 0.8084617721917162
0 0.8118771238307856 0.7990805704166861 0.07556468175464365 0.7284000944243033 0.07060462693205856 0.7800713661294169 0.8069170690082006 0.8507518421217999
0 0.8125551259204375 0.8488243376189935 0.5530721081971277 0.8306795158876076 0.5496660300047411 0.8793886992042583 0.8091490477280509 0.8975335209356443
0 0.8973756937905131 0.9429012825266561 0.023026923636166107 0.8796793543569859 0.01732331219727683 0.9585593536136917 0.8916720823516238 1.021781281783362