0 0.10650701806835787 0.10254176494907204 0.06845010329586286 0.09749607383560273 -0.031711013641501404 0.8529571207133317 0.006345901130993603 0.858002811826801
0 0.16842037109755323 0.10846325932410941 0.10569792672504483 0.10011345638120199 0.004656427060738033 0.859121768953735 0.06737887143324643 0.8674715718966424
0 0.27355852561029725 0.11841773920317063 0.16911618833882858 0.10373932410353129 0.059299899924440645 0.8851227196963023 0.16374223719590933 0.8998011347959418
0 0.24831039539342306 0.31210129243747115 0.21929863461481994 0.3080239553159397 0.1381143246861218 0.8856803296661443 0.16712608546472493 0.8897576667876758
0 0.3399248785176852 0.15141275435579918 0.27223077165029885 0.14189896754280956 0.16640122024878687 0.8949153114154852 0.23409532711617326 0.9044290982284748
0 0.3465775292498168 0.2023131515894449 0.3078951821110048 0.19687670232714322 0.20967666712516814 0.8957377619688861 0.24835901426398016 0.9011742112311879
0 0.43977758649466886 0.2127818004625904 0.34500579966234746 0.19946250037905724 0.2453376068583281 0.9086388582316101 0.3401093936906495 0.9219581583151433
0 0.44087529844710865 0.33127524636794664 0.38285177781961915 0.3231205725322922 0.3009426106829844 0.9059345936342893 0.3589661313104739 0.9140892674699439
0 0.5094058073215115 0.22256740817107118 0.45331641202716366 0.2146845629096874 0.3569101068096205 0.9006515181033663 0.4129995021039684 0.90853436336475
0 0.5838382680785921 0.21202158354577394 0.5136315334007883 0.20169532424163344 0.4051948783658036 0.9389403657579887 0.47540161304360734 0.9492666250621292
0 0.5997029636839815 0.21159001678373382 0.5803617892297398 0.20887179203506698 0.48323056419171595 0.8999963833095826 0.5025717386459576 0.9027146080582493
0 0.6515209863436832 0.1899852539737739 0.6061134924171417 0.18318215952931274 0.49302498241912085 0.9379954100020529 0.5384324763456623 0.944798504446514
0 0.7821206571698136 0.29250106258424363 0.6408749721583952 0.2706079760197341 0.5347065777742099 0.9555651905801585 0.6759522627856283 0.9774582771446682
0 0.8883986787496448 0.2644145791296685 0.7811973836396714 0.24639594482367538 0.6563537120406612 0.9891494218309044 0.7635550071506347 1.0071680561368974
0 0.9468652325862429 0.21835531830844107 0.866114473154421 0.20486913971071563 0.7341272058247124 0.9951650708355213 0.8148779652565343 1.0086512494332467
0 0.9778826436241047 0.23074012337028615 0.9446171664825179 0.2248235699481261 0.8071233907348017 0.9978743189053281 0.8403888678763884 1.0037908723274882
0 1.0206014749349157 0.3425332890099881 0.9591597123447839 0.3315530286742705 0.839889526814841 0.9989479901192162 0.9013312894049728 1.009928250454934