0 0.7275865565315172 0.03781177433848949 0.21763536253880167 0.020051876637865167 0.21292818919961584 0.1552119268314038 0.7228793831923314 0.17297182453202814
0 0.6457096444566849 0.10017206772294593 0.21924615952020812 0.0835728587339899 0.21465899970465868 0.20142523122965197 0.6411224846411355 0.218024440218608
0 0.5919234207500074 0.18515008050360682 0.22521480662521146 0.1787491597790996 0.2246694190632009 0.20999440177374762 0.5913780331879969 0.2163953224982548
0 0.5939788027480482 0.21644071862694755 0.22987095979349775 0.21008519257149674 0.2286438374610543 0.2803869837385953 0.5927516804156048 0.2867425097940461
0 0.5413171237917028 0.24605520361340738 0.2235422979786458 0.2452807467976061 0.2234249297412282 0.29343923729107424 0.5411997555542853 0.29421369410687553
0 0.5900486504014999 0.2925555962063068 0.23114234647042423 0.2862908654937071 0.23008565815962895 0.34682851881565163 0.5889919620907047 0.3530932495282514
0 0.5215054765092464 0.3334146501275823 0.22462285641976615 0.33236092405562456 0.22444725800017054 0.3818349954300289 0.5213298780896508 0.38288872150198666
0 0.9136792091055052 0.382201755951097 0.1932658331916669 0.36962689714081415 0.19118654314577316 0.48874937669036234 0.9115999190596114 0.5013242355006453
0 0.9169702927449404 0.5054250174625999 0.1835065239368497 0.489676164406848 0.18073708119175202 0.6186560911435259 0.9142008499998427 0.634404944199278
0 0.7481024348108932 0.6273962659522753 0.20194067082132378 0.617862972711591 0.20061128769640701 0.6940232474657532 0.7467730516859764 0.7035565407064375
0 0.7780369319918014 0.7684224202544254 0.7779371099123691 0.6802086522476228 0.20794483475534503 0.680853651497197 0.2080446568347773 0.7690674195039995
0 0.8020208082821172 0.8450387281726155 0.801946435272922 0.7666015245049256 0.18760033855432232 0.7671840384876266 0.1876747115635177 0.8456212421553164
0 0.8334699913804566 0.9196904084261954 0.8322604859315605 0.8234913949322105 0.1853436017110086 0.8316250489898651 0.18655310715990484 0.9278240624838501
0 0.8079750307851983 0.9198845729338881 0.1958872612432425 0.9175070447837668 0.19562148567620463 0.9859301984775118 0.8077092552181604 0.9883077266276332