0 1.0044685406667366 0.018282240956563948 0.020593403775458315 -0.018973011643776856 0.012641105546760057 0.1910394822263955 0.9965162424380385 0.2282947348267363
0 0.911522521549801 0.2223284615913988 0.9109437243620256 0.14361522952984074 0.012490860624724685 0.15022176793844205 0.013069657812500001 0.22893500000000006
0 0.9914250247962656 0.22778955433015596 0.010920338507838523 0.21398679510204474 0.008413782545599805 0.39204466214169137 0.9889184688340269 0.40584742136980256
0 0.8953035893062428 0.36193952411778085 0.007059427520174194 0.35201132791484396 0.006043819559472306 0.44287454448686 0.8942879813455409 0.45280274068979687
0 0.8924545567857528 0.4530582251417723 0.004775638761460793 0.42821127144751925 0.002704599228807594 0.5022009505910172 0.8903835172530996 0.5270479042852703
0 0.8429952920717912 0.5276121837199096 0.44870437941066726 0.5138432421778327 0.44495541020625345 0.6211996780105782 0.8392463228673774 0.6349686195526549
0 0.8838391108880657 0.6287904381821261 0.0002807946750959939 0.595881627355391 -0.0024793664427989887 0.6699883254869003 0.8810789497701708 0.7028971363136354
0 0.9665135631767174 0.7652778059794076 0.9594564841207248 0.6548638646415044 -0.006768013351760032 0.7166198583310381 0.0002890657042326272 0.8270337996689415
0 0.8213040002969828 0.8156305306026719 0.8195212870739714 0.773226547200861 0.030359749360345113 0.806403824322284 0.03214246258335652 0.8488078077240948
0 0.8216270962141896 0.860031569078678 0.8201407672046672 0.815238401065422 -0.0010906439140598244 0.8424885404062147 0.00039568509546255014 0.8872817084194706
0 0.9898121965161387 0.8464908786724411 0.7087931543878302 0.8219281111349414 0.7039469547466917 0.8773727746500004 0.9849659968750002 0.9019355421875002
0 0.9955710100683891 0.8458068518619445 0.49001115838989107 0.7879305764166339 0.47944641863400206 0.8802155104921898 0.9850062703125001 0.9380917859375003