0 0.2302632 1 0.1641815699761971 0.048943150934344724 -0.028229174664318346 0.06231229459008976 0.03785245535948458 1.013369143655745
0 0.2963920093750001 0.9999999999999998 0.1677578774441164 0.13112679524473822 0.08989122836558935 0.14265472447050415 0.21852536029647304 1.0115279292257657
0 0.4170341278096069 0.999984317867556 0.343336866500266 0.033876120506482185 0.16209090662940037 0.04770203659160709 0.2357881679387413 1.0138102339526809
0 0.4977814818724603 0.9990772099863594 0.3987933148936833 0.11732635373472533 0.30920138176894796 0.12738423025758272 0.408189548747725 1.0091350865092168
0 0.5578562232275943 0.9945696064085242 0.47317057405140683 0.1106698795680934 0.3990308672336635 0.11777313914713643 0.483716516409851 1.001672865987567
0 0.6276809021162693 0.5376411622775712 0.5864411513362883 0.1452711964459767 0.47960773984501903 0.1564998419809055 0.5208474906250001 0.5488698078125
0 0.7172380886229482 0.9784828292899597 0.6481817832538127 0.0953476114017274 0.5749079419402461 0.10107722183830226 0.6439642473093816 0.9842124397265346
0 0.8948601761369787 0.9564234611946449 0.6977700021670247 0.001106980174703942 0.5894127573139227 0.023462030739938532 0.7865029312838768 0.9787785117598796
0 0.9105264187275935 0.9147597151284208 0.7678419620719985 0.13789562795859747 0.7260987558379008 0.14556248603447175 0.868783212493496 0.9224265732042951
0 0.9542559573135196 0.9477857859850722 0.8117659269198743 0.13139624733605776 0.7676155385368726 0.1391021155334818 0.9101055689305181 0.9554916541824964
0 0.8366192343750001 0.24597421093750005 0.8312852253365467 -0.0011781290952560086 0.7766963859375 0 0.7820303949759534 0.24715234003275605
0 0.8697413828125 0.4676848937500001 0.8666010219599979 -0.0006146530544240893 0.774942209375 0 0.778082570227502 0.46829954680442415