0 1.015912742402933 0.052383552325218366 0.05796294214553751 -0.05115053341222999 0.035380284222359504 0.15779565559115433 0.993330084479755 0.2613297413286027
0 0.9347484656824365 0.1725359523585001 0.03588448823296511 0.13330472485348643 0.03244269239080306 0.21216298387328067 0.9313066698402744 0.2513942113782944
0 1.0075023069053948 0.2625885917278122 0.03206298477952721 0.18056703711091251 0.017141845946086497 0.35801631391404387 0.9925811680719543 0.4400378685309435
0 0.903971260724391 0.3898508168843679 0.01858337402045825 0.31798602369194723 0.011231942362606578 0.4085570564696517 0.8966198290665393 0.48042184966207235
0 0.8947730502220688 0.48054881936421656 0.010989708068179505 0.3938410398744029 0.003762454281005917 0.46750601600694264 0.8875457964348952 0.5542137954967563
0 0.8402336444209675 0.5514710645155615 0.447863678001042 0.5102313187369716 0.43663503437903445 0.6170647251445283 0.8290050007989599 0.6583044709231182
0 0.8739201311824345 0.6552519742116585 0.00024065599995405363 0.5613729830417349 -0.007682203300840773 0.63510662109643 0.8659972718816398 0.7289856122663536
0 0.9469651593749999 0.683812946875 8.684541176432497e-17 0.683812946875 9.367351734473101e-17 0.7953243734375001 0.9469651593749999 0.7953243734375002
0 0.7990122061356608 0.794215495580737 0.009540756250000098 0.7940941265625001 0.00953427012435829 0.8362845561215833 0.799005720010019 0.8364059251398203
0 0.7969987529227712 0.8363475548410466 9.992007221626409e-17 0.815859865625 -0.0011588543546902723 0.8609408635729748 0.7958398985680809 0.8814285527890215
0 0.9644490579166349 0.8798144151853112 0.6858279742012228 0.835708584000668 0.6771259553470879 0.8906801344403572 0.9557470390625001 0.9347859656250002
0 0.9667535538633395 0.8779484895154568 0.46394414777615356 0.8049504942349064 0.4504556751628142 0.8978589484694497 0.9532650812500002 0.9708569437500001