0 0.8920853603580292 0.01737651986406653 0.8856730285168188 -0.043968612789735476 0.02482531617618266 0.04601474786948905 0.031237648017393115 0.10735988052329107
0 0.8871260964307149 0.059456916896010736 0.8823715094031053 0.015346302612333829 0.032912118362807094 0.1069076799975474 0.03766670539041667 0.15101829428122432
0 0.892717635704693 0.10464013613056791 0.887525537542529 0.05756625054222577 0.03906362943209777 0.15114886983756695 0.0442557275942617 0.1982227554259091
0 0.8820323215828733 0.14111500688817383 0.8774858120292108 0.10099714042157726 0.04531795968603747 0.19530572221216647 0.049864469239699866 0.23542358867876306
0 0.893386367549352 0.18345258727764788 0.8886152491333075 0.14027736720463335 0.05059283932300331 0.2328838240042134 0.055363957739047856 0.27605904407722787
0 0.9201441773306274 0.21487948595649137 0.9152679145043772 0.17406314040055798 0.056665394411707856 0.27663899559355126 0.06154165723795803 0.31745534114948465
0 0.9045226329596154 0.2616911675962193 0.8987053594079898 0.21468155048318643 0.062498576331187675 0.3181591770119513 0.06831584988281332 0.3651687941249841
0 0.8935532073915271 0.3013774322393303 0.8883669964871054 0.26113832967712397 0.06385485804338549 0.3674054571960433 0.06904106894780715 0.4076445597582496
0 0.9149525133838313 0.33628982273384916 0.9103411917601875 0.2999542407880059 0.06938101149695983 0.4066798704931031 0.0739923331206037 0.44301545243894636
0 0.9049475786298119 0.3820174976327358 0.8984218173381038 0.33431862690527414 0.08041643248976202 0.44623129476176554 0.08694219378147014 0.49393016548922714
0 0.9270200258064776 0.4202630559512305 0.9213117545504416 0.37964659406986173 0.08206585209197996 0.4975949096011858 0.08777412334801601 0.5382113714825546
0 0.9256477137373306 0.45004071246496896 0.9218421992188975 0.422963069554647 0.08804594686005518 0.540145490279939 0.09185146137848814 0.567223133190261
0 0.930165243037556 0.48113546535422813 0.9250941897960384 0.4462672645280083 0.09174933974220317 0.5674646880552274 0.09682039298372078 0.6023328888814472
0 0.9234760465522834 0.5119560544953192 0.9182593766060695 0.47794347221608513 0.10204462131121472 0.603130173673992 0.1072612912574286 0.6371427559532262
0 0.9553645254466273 0.5402609048119732 0.9502070430828751 0.5069235504731545 0.1013996968756018 0.6382389774202146 0.10655717923935408 0.6715763317590333
0 0.9381862959357299 0.5751722007044219 0.9328557514284388 0.5417810026219259 0.10625147913310258 0.6737394562389942 0.11158202364039382 0.7071306543214901
0 0.9496877191021351 0.6157904365003795 0.9428213981892603 0.5736529400125929 0.11093557795469051 0.7092090475344619 0.11780189886756547 0.7513465440222484
0 0.9540042406675612 0.6475039464004766 0.9483298766029218 0.6131912149292793 0.11169052759861162 0.7515479138425769 0.11736489166325093 0.7858606453137742
0 0.9591622901226318 0.6820642739426439 0.9525601447986359 0.6434160132528998 0.12147550387821282 0.785387255372825 0.12807764920220882 0.8240355160625693
0 0.9691443604505412 0.7146886377037165 0.9633914536891381 0.6810117293664136 0.1270553041489315 0.8238800663677145 0.13280821091033462 0.8575569747050172
0 0.9904843850534235 0.7492288101083939 0.9827950513335935 0.7059682930438257 0.13135951193181777 0.8573065674711027 0.13904884565164755 0.9005670845356709
0 0.9562070444404929 0.7809270456974787 0.9509560579087131 0.7506780740840855 0.1367584709772161 0.8920164513957977 0.14200945750899607 0.9222654230091909
0 0.9658893526473612 0.8103413061525286 0.9604853857749818 0.7793489402781756 0.14083814431386696 0.922266281853522 0.14624211118624633 0.953258647727875
0 0.9709178146892737 0.8440558591620213 0.9641786145253928 0.8071372708892575 0.14534336074165272 0.9566092559966061 0.15208256090553368 0.9935278442693699
0 0.9767815792275076 0.8845947886250389 0.9695527364349866 0.84340673299814 0.15042265349553557 0.9871708050347647 0.1576514962880566 1.0283588606616638
0 0.982224481045316 0.9214187492531061 0.9745640567061503 0.8796431092872188 0.32425330936222535 0.9988909839108574 0.331913733701391 1.0406666238767446