0 0.8169519794185348 0.02154543267848816 0.8164813053617503 -0.005942689292289913 0.23101900068980347 0.004082074070125426 0.23148967474658783 0.0315701960409035
0 0.7997008460251787 0.08650419678431875 0.7991863791834166 0.02002808568277919 0.05526701567383049 0.02578536960219869 0.055781482515592576 0.09226148070373826
0 0.8117957668336617 0.20554515901131407 0.8100304055583525 0.07990601499450507 0.06760307089136632 0.09033789493613173 0.06936843216667547 0.21597703895294074
0 0.7771090659234317 0.20489821407334513 0.07541514458133816 0.19659947720029264 0.07495545774765784 0.23546797753338514 0.7766493790897513 0.24376671440643757
0 0.763034083809646 0.24159580334246647 0.08027654712448676 0.23159220531209707 0.07980706272682189 0.2636350772756298 0.7625645994119812 0.27363867530599917
0 0.7898872058815061 0.2727558982849419 0.08637598309600583 0.2611807605259443 0.085890153121391 0.2907084297963558 0.7894013759068912 0.30228356755535335
0 0.7518190491555524 0.2967099162471743 0.09788275232746305 0.29066617193878935 0.09732086294046731 0.3514628976456047 0.7512571597685567 0.3575066419539896
0 0.771852539203711 0.3810673861871594 0.7712147406100176 0.3431591237474693 0.10368081846003566 0.3543902424901778 0.10431861705372907 0.3922985049298679
0 0.7653551120040604 0.42440830246024036 0.7631061705427469 0.37292858122276157 0.10887997545197145 0.40150908593120277 0.11112891691328493 0.4529888071686815
0 0.7901580797048078 0.4464808922696359 0.7886772930153414 0.4180569539026181 0.11014341546863274 0.4534061698082185 0.11162420215809914 0.4818301081752363
0 0.7593780119580146 0.48652865785545707 0.7560369814517658 0.4384306473028313 0.1183606209222218 0.4827255391115437 0.12170165142847052 0.5308235496641694
0 0.7593035949379505 0.5107278172611387 0.7566740900727299 0.4824767464736762 0.1250148441641115 0.5412692458013632 0.12764434902933214 0.5695203165888257
0 0.7541316371137265 0.5411714289884018 0.7495132713706149 0.5002889889877591 0.12827252031830305 0.570468679897594 0.13289088606141472 0.6113511198982365
0 0.7677790187223852 0.5809159770082262 0.7630821172598778 0.5396606599881728 0.13754280499365973 0.6108780623222969 0.14223970645616696 0.6521333793423503
0 0.810898009387356 0.6389278604574977 0.8030431492952508 0.5749551588751309 0.1342515163953168 0.6570724460501275 0.14210637648742203 0.7210451476324942
0 0.8266241700602386 0.7209586214038418 0.8137724691731026 0.6290030682348842 0.13653117676362975 0.723654258059949 0.14938287765076558 0.8156098112289065
0 0.808357458652608 0.7594077133219328 0.8025957773600476 0.7195781579568015 0.15275766218546055 0.8135827250946985 0.15851934347802082 0.8534122804598298
0 0.8172232728388164 0.7952184991675461 0.8115973347017927 0.756474172592886 0.15745743062680898 0.8514597087640391 0.1630833687638325 0.8902040353386992
0 0.8149073767636734 0.8456090313655773 0.8073455963658043 0.7933356859731611 0.16594781663425504 0.8861192857523801 0.17350959703212418 0.9383926311447961
0 0.8386454266073098 0.8904805626021297 0.8300225234206742 0.8355704626893182 0.17605773037635625 0.9382669630934917 0.18468063356299172 0.9931770630063032
0 0.7718418861526364 0.9326463453860312 0.7669975852202408 0.9007608242525962 0.19240835945047435 0.9880569706913688 0.19725266038286993 1.019942491824804
0 0.8328105552955247 0.9628909147966731 0.8244796431038057 0.8950410804581672 0.31700173757421 0.957351532818479 0.3253326497659289 1.0252013671569848