0 0.9387835504579239 0.04336386996430204 0.3968372781014187 -0.013596978119234543 0.392549977854215 0.027193959263538448 0.9344962502107201 0.08415480734707503
0 0.9182716784803407 0.08277501750483261 0.22320084117229438 -0.03791556617424248 0.21107114908885097 0.03194071404018088 0.9061419863968974 0.15263129771925596
0 0.9516115404812412 0.14543043695721997 0.2059553287970622 0.030333364278400565 0.199224083817589 0.07394172472140044 0.944880295501768 0.18903879740021984
0 0.9146822726194215 0.17926314830507117 0.20068302456863263 0.07241720107693125 0.1920437479691906 0.13014926444226768 0.9060429960199794 0.23699521167040763
0 0.9350496283319115 0.23598605717532636 0.19130509943769114 0.12771307571321816 0.18414020638635403 0.17692987878896155 0.9278847352805745 0.2852028602510697
0 0.9082315927711463 0.2744767715902027 0.18604789175264833 0.1763350283943617 0.17946065084932275 0.22480775630965016 0.9016443518678207 0.3229494995054912
0 0.9212819967404968 0.3209113134780198 0.17726339447277376 0.22302984624952601 0.17402428170524264 0.24765105618971056 0.9180428839729657 0.3455325234182044
0 0.9407465284879981 0.345837510177475 0.171020116271981 0.24669079871744906 0.16764979673460206 0.27285630564476826 0.9373762089506192 0.3720030171047942
0 0.942221102336697 0.3694444631772906 0.1647076492554713 0.27157343625773456 0.1601024866814578 0.3081580718502954 0.9376159397626835 0.4060290987698515
0 0.9275924476841679 0.4022167018056487 0.16079913986373204 0.30860859316285083 0.15653204604666088 0.3435626054830631 0.9233253538670967 0.437170714125861
0 0.9093993759005012 0.43321681966410386 0.16067256977682992 0.34524690483815906 0.15589211418628332 0.38593416994700713 0.9046189203099546 0.473904084772952
0 0.890330887931683 0.47043367779382433 0.15281093566772674 0.3844232954345926 0.14914237956868232 0.415880350325298 0.8866623318326387 0.5018907326845298
0 0.9093902150171903 0.5027377835750458 0.14949531675521305 0.41601102203151274 0.14533630749282983 0.4524520220649676 0.905231205754807 0.5391787836085008
0 0.8727745491034102 0.529360815486174 0.14557118807007463 0.45292860936688284 0.14210051370508642 0.4859498472902334 0.869303874738422 0.5623820534095245
0 0.884110419213523 0.5634754292174239 0.14202526909475516 0.4864848308668783 0.13883893688551843 0.5171967601995193 0.8809240870042861 0.5941873585500649
0 0.8844943052607175 0.5954007143379272 0.13883400162125517 0.5170286572878686 0.13475085836399275 0.5558771698268342 0.8804111620034549 0.6342492268768928
0 0.8512723868175284 0.6271033852957211 0.13435292475242272 0.5564003661121 0.1281886329843837 0.6189054866767199 0.8451080950494895 0.6896085058603411
0 0.8813817426028481 0.6944970961918857 0.1234556027759218 0.623988664523912 0.11942643460913968 0.6672999650750743 0.877352574436066 0.737808396743048
0 0.8624791918777438 0.7321688467457602 0.12161017197749716 0.6686045307256122 0.11539133508648211 0.7410877080936409 0.8562603549867289 0.8046520241137889
0 0.847990437128959 0.7973781475181267 0.11743224125449023 0.7433821851173794 0.11402108436800087 0.7895346844902578 0.8445792802424699 0.8435306468910051
0 0.8248338212403125 0.839545014106155 0.11211162616528361 0.7896821106229435 0.10775236472331096 0.851991807146628 0.8204745597983398 0.9018547106298396
0 0.8148931821287697 0.8981984582402897 0.10537600948163428 0.8486977797296339 0.10049449785874875 0.9186668474095507 0.8100116705058842 0.9681675259202065
0 0.8075929513141202 0.9664334426789164 0.10273253442438506 0.9172576718945289 0.0987852011218162 0.9738367341618102 0.8036456180115514 1.0230125049461978