0 0.13595075073341492 0.9997580207908621 0.0037740592235105397 0.14603176280734903 -0.0414416920108903 0.1530322132988383 0.09073499949901409 1.0067584712823512
0 0.19007026162426538 0.9975143544328657 0.06163806188257041 0.14046753894931013 0.0036937448360542607 0.14915074734162584 0.13212594457774923 1.0061975628251816
0 0.26438847871605764 0.9847393948803885 0.1441765058061221 0.12938675504004069 0.06294357852074887 0.14080329834555586 0.1831555514306844 0.9961559381859036
0 0.2991163402303688 0.965199092310218 0.18294510336723008 0.13859780056207854 0.14619687338783988 0.143762427537447 0.2623681102509786 0.9703637192855865
0 0.33872261842315793 0.9523029848755344 0.22406665977568338 0.1364834484623733 0.18345019558166314 0.14219172024452612 0.29810615422913767 0.9580112566576873
0 0.3894285090708284 0.9341820215424729 0.2793183824051831 0.15070775421708338 0.22903133169195602 0.1577751382456331 0.33914145835760134 0.9412494055710227
0 0.4328299127403672 0.9096551814756746 0.31707315920368534 0.12680335370808452 0.2752632202290571 0.13298559998969703 0.391019973765739 0.9158374277572872
0 0.46275246368522077 0.8945577735814894 0.3556728900808967 0.132647017695818 0.31892466097362765 0.13781164448855335 0.42600423457795167 0.8997224003742247
0 0.5058870780960761 0.8921192300529915 0.39565619998509716 0.12326740401255257 0.3531922943964742 0.12935548684271472 0.4634231725074532 0.8982073128831537
0 0.5439853904848444 0.883141230039157 0.4409465566659745 0.14998182398259247 0.40226421004981355 0.15541827320738633 0.5053030438686834 0.8885776792639509
0 0.5700593358872208 0.8759120844899992 0.47326043711477556 0.16379970658417184 0.4445886199954504 0.16769712559985792 0.5413875187678957 0.8798095035056853
0 0.6002923617784865 0.8680229512613715 0.5020458398493703 0.1414369995802563 0.46998820116381806 0.14577172624931536 0.5682347230929343 0.8723576779304306
0 0.6463866015961874 0.8543808975566517 0.5486060745698825 0.12388172980715165 0.5013437890288128 0.13020799463084853 0.5991243160551176 0.8607071623803485
0 0.6983789193451939 0.8436734992146924 0.6050789970702186 0.11976246815512033 0.5494836702386163 0.1269277681017839 0.6427835925135916 0.850838799161356
0 0.7826824798170031 0.8325922491858719 0.7002831533226181 0.15533464191149848 0.6111124278557879 0.16618370088486759 0.6935117543501729 0.843441308159241
0 0.8492336407531218 0.8265078335114684 0.762767536202656 0.11582451157709847 0.6977945635380758 0.1237295230976713 0.7842606680885416 0.8344128450320412
0 0.969485381724683 0.764051541728976 0.864052284153176 0.11912003524845705 0.7627214054154386 0.13568555936630403 0.8681545029869457 0.7806170658468231
0 0.9979349307589404 0.7494995893117171 0.8953013476902416 0.13341644933066654 0.8614670803620994 0.13905291600381436 0.9641006634307981 0.755136055984865
0 0.8785669942704784 0.7707433949422804 0.8152541027189024 0.2220876416060134 0.7849553460759306 0.22558400864822384 0.8482682376275067 0.7742397619844908
0 0.8525170545079368 0.7850521331866217 0.787078731081816 0.21506591499492486 0.7739112030110622 0.21657763744209238 0.8393495264371831 0.7865638556337892