0 0.04353764527732047 0.8814997645910172 0.0068611701373058765 0.18319183971208003 -0.017947217491749982 0.18449482393970235 0.018729257648264615 0.8828027488186395
0 0.10258604127632101 0.8796728460600345 0.06614210365354926 0.17492981672018743 -0.00004648622996880486 0.17835258607104387 0.03639745139280293 0.8830956154108911
0 0.1447374260849683 0.8828766971100315 0.10338995943167775 0.1295206734802346 0.059828302200959346 0.13191152735703895 0.10117576885424992 0.8852675509868358
0 0.20247889643829603 0.8777572015759862 0.1538882278670042 0.15763519277098675 0.09560644743033024 0.16156779119502698 0.14419711600162208 0.8816898000000263
0 0.24968433162987208 0.8760897866379533 0.20029654951148151 0.12615736466142738 0.1510339211205425 0.1294016195919431 0.20042170323893305 0.8793340415684691
0 0.2977600212929204 0.870516256791744 0.23999074401039092 0.1441600550459416 0.19123816436198432 0.1480374932576319 0.24900744164451377 0.8743936950034344
0 0.32087435237531314 0.8713286696313768 0.26208900044652494 0.1232018075709691 0.23727176977904801 0.12515186405559744 0.29605712170783627 0.8732787261160052
0 0.34702269965034926 0.8722686520103426 0.28283841391197606 0.0988503250198531 0.25648678619623855 0.10103718864068237 0.3206710719346117 0.874455515631172
0 0.38244906715431787 0.872460960040826 0.31787752897028887 0.09145147620501308 0.2806567968638336 0.09452877548778946 0.3452283350478626 0.8755382593236023
0 0.4184514780119393 0.8684172912751775 0.3490240339494527 0.09910071798190315 0.31395946307745864 0.10226514159800848 0.3833869071399453 0.8715817148912828
0 0.46066803688694635 0.8601387225874054 0.3890501410036741 0.10974874384568087 0.3478330831154614 0.11368253699867928 0.4194509789987338 0.8640725157404038
0 0.49068124722952333 0.8606154490904829 0.4198302902568326 0.12151177755078987 0.38838608328529584 0.12452603961031894 0.4592370402579866 0.863629711150012
0 0.5273772090129262 0.8566844380103223 0.45183727822510616 0.09566452799754477 0.4158710885267573 0.0992345837145749 0.4914110193145773 0.8602544937273524
0 0.5606683651563419 0.852999712403291 0.4842362127895365 0.1257963464154383 0.451214977766479 0.12926701801112586 0.5276471301332845 0.8564703839989786
0 0.5921357070215068 0.8496378550468418 0.5117828680813888 0.10789421962067522 0.48159740696219827 0.11116420048711022 0.5619502459023162 0.8529078359132768
0 0.6305956865280169 0.8456500554825743 0.5522236314609622 0.09998975056926242 0.5133751184093882 0.10407289377011324 0.591747173476443 0.8497331986834252
0 0.6945776492284641 0.8387790716673941 0.6094523958243634 0.1230965247769082 0.546740842151668 0.1305556097035243 0.6318660955557688 0.84623815659401
0 0.74347161762671 0.8373070274339673 0.6488743097808554 0.08187240412238325 0.6053695333486127 0.08732017498425505 0.6999668411944673 0.8427547982958391
0 0.816043978243227 0.8260020193179379 0.7185106631649638 0.08841114951325632 0.6462053632730115 0.09797224345420703 0.7437386783512746 0.8355631132588887
0 0.8634618720096328 0.8173431273941475 0.7637021763221826 0.09158672185650463 0.7178734720495383 0.09788616001110458 0.8176331677369886 0.8236425655487475
0 0.92589725305104 0.8104402492751598 0.8235748659850408 0.10318365786454749 0.7617658002225881 0.11212588792354128 0.8640881872885874 0.8193824793341535
0 0.9921820200447131 0.8037876975138815 0.893492878249505 0.09945699428503851 0.8240921535930286 0.10918125864681501 0.9227812953882367 0.813511961875658
0 1.0338442448781953 0.7958025905774948 0.9597399739461003 0.09074755108669447 0.8956399297710427 0.09748473722713863 0.9697442007031375 0.802539776717939