0 0.1619518580873141 0.8949292766572693 0.13827296578073053 0.10238645651337056 0.02124380494025782 0.10588295011073638 0.04492269724684139 0.8984257702546351
0 0.1359924640625 0.054184585937500016 7.337209146135925e-18 0.05418458593750001 5.923042083748757e-17 0.901665046875 0.13599246406250004 0.901665046875
0 0.23530340934206945 0.8952176647906228 0.20073325035155007 0.10674433266381175 0.10484850199465412 0.11094834421423756 0.13941866098517347 0.8994216763410485
0 0.3215858859669327 0.8849462208985278 0.2852929424346985 0.12058779959904002 0.19044199139964196 0.1250914723708289 0.2267349349318762 0.8894498936703167
0 0.36954242443833757 0.7839354520130062 0.35353965690306677 0.1087193242145065 0.2872725914262403 0.11028986792697346 0.30327535896151114 0.7855059957254731
0 0.4339066262690957 0.7717492388821006 0.4229530638596562 0.12726364781098493 0.35064747967642457 0.12849254065184074 0.3616010420858641 0.7729781317229564
0 0.4884896990445271 0.7736535046334054 0.48802065093751673 0.12207081731902611 0.42265878728102396 0.12211786868950544 0.42312783538803433 0.7737005560038848
0 0.5348256340961914 0.11786762007080694 0.4853078637718988 0.11717774369330644 0.4761940292072883 0.7713482320046836 0.525711799531581 0.7720381083821841
0 0.6106768555604934 0.1414503846302227 0.5340298113302084 0.13877381297860047 0.5119946115960371 0.7697798716524138 0.5886416558263219 0.7724564433040361
0 0.6503378556867219 0.17407527563658182 0.6084658267669407 0.17219906683901468 0.5823597858498747 0.754817004500225 0.624231814769656 0.7566932132977922
0 0.6183120944652565 0.7540157625633179 0.6126348620446658 0.5914411948798579 0.5833558339718101 0.5924636416855739 0.5890330663924008 0.7550382093690339
0 0.6865853137350757 0.1493308476910104 0.6090100845147759 0.14740424892308593 0.5939159663096347 0.7551746363730717 0.6714911955299346 0.7571012351409963
0 0.7329149593386478 0.23109941746012458 0.6836923255664227 0.2283055375500358 0.653225887407153 0.7650638722381656 0.7024485211793781 0.7678577521482544
0 0.7956966111898189 0.7408948572670734 0.7751619565703949 0.15285918339429502 0.6717093899783066 0.15647182599209958 0.6922440445977306 0.7445074998648779
0 0.8196809667847693 0.18950923617238677 0.7764118580910736 0.18678317094444136 0.7414697720220509 0.7413967966956256 0.7847388807157467 0.744122861923571
0 0.8696136577852991 0.19247017462908023 0.8189171436946037 0.18853443152237054 0.776212646659041 0.7386133053209735 0.8269091607497365 0.7425490484276832
0 0.9262711353214463 0.19349191289992956 0.8739154112969889 0.18852486992913814 0.8203393152280627 0.7532502642104749 0.8726950392525202 0.7582173071812663
0 0.9732550081609359 0.1202608700764732 0.6611448164869603 0.08476879610914724 0.6529938228719466 0.15644700183635596 0.9651040145459222 0.1919390758036819
0 0.9339559561179056 0.3218116479349991 0.9002975945959145 0.31958037746946044 0.8717537832254635 0.7501592504301778 0.9054121447474547 0.7523905208957165
0 1.014195144054261 0.31606328325017363 0.915307792615191 0.3126100563821156 0.8964276422397894 0.8532661258296363 0.9953149936788593 0.8567193526976944