0 0.18308414199776718 0.9120801128896254 0.1179592159166846 0.12186270132959302 0.0012734300073014612 0.1314792360590158 0.06639835608838406 0.9216966476190482
0 0.1152320953125 0.07417433437500001 9.869150808261495e-18 0.07417433437500001 6.191581208300374e-17 0.9241608171875001 0.11523209531250007 0.9241608171875001
0 0.2563502610465894 0.908529182446778 0.18056197325076478 0.12294568725868053 0.08502865312572071 0.13216215731447503 0.16081694092154533 0.9177456525025727
0 0.3419769268723544 0.8937561395407518 0.2657302904219683 0.1323446693272707 0.1712450323688132 0.14180628555256866 0.24749166881919935 0.9032177557660498
0 0.38458124694654217 0.7903739501733976 0.3332623261027261 0.11692070291389367 0.26716827515461217 0.12195724462284827 0.31848719599842823 0.7954104918823521
0 0.4482194659149571 0.7748358753430888 0.4035511391837005 0.13180679554391334 0.3314089634033873 0.13681818675481344 0.37607729013464386 0.7798472665539891
0 0.5028273916547596 0.7738808743290033 0.4682577841928772 0.12321570686430565 0.40298795764199424 0.1266834693876339 0.43755756510387667 0.7773486368523315
0 0.5399139353487177 0.770319638710859 0.5147786435054875 0.11656868600586749 0.46529262978826325 0.11847131481549895 0.4904279216314934 0.7722222675204904
0 0.6071701431522019 0.7669434731780267 0.591312740349108 0.13576224040294219 0.5148967642710037 0.13768206762583726 0.5307541670740976 0.7688633004009218
0 0.6374958457013538 0.7498396329987568 0.6330742392602365 0.16665386739093874 0.591161402785625 0.16697164275283993 0.5955830092267422 0.7501574083606579
0 0.6314441100024208 0.7474756671326077 0.6172661670668018 0.585421025440259 0.5880807758198632 0.5879744161196717 0.6022587187554823 0.7500290578120203
0 0.6696052792892947 0.7484542785231567 0.6695372083587688 0.1417754186164326 0.5904785416226547 0.14178428920244857 0.5905466125531805 0.7484631491091727
0 0.7185225877530037 0.21927810810259035 0.6692211916988172 0.21906417082078256 0.666888268589011 0.7566813884867216 0.7161896646431976 0.7568953257685294
0 0.814089490443431 0.72377194000486 0.7560897435794486 0.13781216377655997 0.6534374209490438 0.14797294437806602 0.7114371678130262 0.733932720606366
0 0.802993023950882 0.173203944157787 0.7596405438700291 0.17274614491641171 0.7537725768488087 0.7284284187409151 0.7971250569296616 0.7288862179822905
0 0.853012247719217 0.17354754884708473 0.8021792309428287 0.1722704489393093 0.7883221502745792 0.7238304402855487 0.8391551670509676 0.725107540193324
0 0.909645550873674 0.17160266399293073 0.8571016234427875 0.1693825151921439 0.8331543965393463 0.7361379291263197 0.8856983239702328 0.7383580779271066
0 0.9527324173448429 0.09601303598983421 0.6391924505983053 0.07690418816690806 0.6348039751066619 0.14891075143374546 0.9483439418531994 0.1680195992566716
0 0.9240355771272377 0.2993443485957993 0.8903065676465619 0.29887767858745434 0.8843366321503 0.730360326608033 0.9180656416309757 0.7308269966163777
0 1 0.29073347812500006 0.9126796734375 0.29073347812500006 0.9126796734375 0.8307031359374999 1 0.8307031359374999