0 0.9041869137449179 0.03596019505818428 0.901147189358662 -0.00979485325274827 0.013607229171237346 0.04916862641455944 0.0166469535574933 0.09492367472549199
0 0.8963700921034071 0.09464147909233567 0.8927701058928266 0.03616086767903968 0.023150287626142733 0.0896934706828449 0.026750273836723452 0.14817408209614089
0 0.9002150107630393 0.17783159408509686 0.8959218267585076 0.09591276492406334 0.03334689901397155 0.14111840226567224 0.03764008301850321 0.22303723142670578
0 0.8876601094815124 0.2156498711884355 0.8857179548185525 0.17859135258888675 0.05213714001296853 0.22227747193765493 0.05407929467592826 0.2593359905372037
0 0.8861824359290923 0.2567992243078922 0.8840358438603824 0.21583980862208496 0.06132782320918283 0.2589561100249325 0.06347441527789262 0.29991552571073976
0 0.8671967541872927 0.31060096745093346 0.8645390689043758 0.2598893108195585 0.07444942780327116 0.3012961539562984 0.07710711308618813 0.35200781058767333
0 0.8877196452306106 0.35029548199002775 0.8852049006871023 0.30810582555960775 0.09524319569746365 0.3551920560549762 0.09775794024097188 0.3973817124853962
0 0.8785340309421356 0.3882390122245607 0.8765918746355537 0.3511804957803307 0.10824782020611745 0.39144773781039244 0.11018997651269935 0.4285062542546224
0 0.8843931773291758 0.42888766902377257 0.8820292347789664 0.38605474059220074 0.10649586621870336 0.42885630462664787 0.10885980876891273 0.4716892330582197
0 0.8538330967916407 0.4716773670802915 0.851788723437687 0.4326683995436449 0.11243878447002224 0.47141608782975125 0.114483157823976 0.5104250553663979
0 0.8372514567874699 0.5026639754874692 0.8358677821724158 0.47376158113224925 0.1180286265191618 0.5081274473356457 0.11941230113421593 0.5370298416908657
0 0.857020253026214 0.533288880498406 0.855496028664251 0.5009754338199879 0.12311220784177934 0.5355219578449428 0.12463643220374224 0.5678354045233609
0 0.8704507291109447 0.5812019814688244 0.8682677172406036 0.5335681723224914 0.13202618346051312 0.5673094169654007 0.13420919533085418 0.6149432261117337
0 0.8696323765157633 0.6378190242172106 0.8673397944224088 0.5818107559757257 0.13805183712244404 0.6116626432827239 0.1403444192157985 0.6676709115242089
0 0.8258979734363443 0.729560582676627 0.8228619396558685 0.6397836184474357 0.1409999290394143 0.6628424968092587 0.14403596281989 0.75261946103845
0 0.8598118853539386 0.7952507271307034 0.8575997228672299 0.7298360283005444 0.14208474662691545 0.7540329659525364 0.1442969091136243 0.8194476647826955
0 0.8477013550689287 0.8958628325154017 0.8400304359630042 0.7934737667961929 0.18836398777878247 0.8422961734951198 0.19603490688470707 0.9446852392143285
0 0.8307358076447657 0.9257469680825976 0.8280696401281092 0.8915501996871406 0.2053857762588916 0.9400980470098949 0.20805194377554806 0.9742948154053519
0 0.7493786126932427 0.838276123988648 0.7485362610930804 0.8077879343291319 0.19645022692640526 0.8230413999989912 0.19729257852656762 0.8535295896585074
0 0.7588292652569357 0.8108199533382658 0.7584709211079916 0.7975707757044137 0.18495034684703882 0.8130825114336091 0.18530869099598293 0.8263316890674611