0 0.07083476791777735 0.11530601230993273 0.0333662285166251 0.1106928208148861 -0.03695263099840213 0.6818256171039454 0.0005159084027501093 0.686438808598992
0 0.12841127107574463 0.14479424338084862 0.06538092891588074 0.13692434494285513 -0.02672346533540835 0.8745922487698176 0.036306876824455526 0.882462147207811
0 0.2542184460268685 0.1540015151596899 0.1287763670546323 0.1345708181744612 0.015427100248757264 0.8663390964259744 0.14086917922099343 0.8857697934112032
0 0.28484795946652214 0.19048615805147395 0.2465036473534578 0.1845023158589047 0.13830502190544136 0.8778364197454129 0.17664933401850566 0.8838202619379822
0 0.31241710921571614 0.20851229795328985 0.2810146027515577 0.2036039720175095 0.17556759192473737 0.8782332616041991 0.2069700983888958 0.8831415875399793
0 0.34240779354185413 0.18551905725942658 0.31326499922451045 0.18103097521837377 0.20617367678259635 0.8764149620861679 0.23531647109994003 0.8809030441272206
0 0.39032331245493984 0.23050640368961517 0.33003888227115424 0.2218463496372835 0.23702882964882455 0.8693085929233284 0.29731325983261014 0.8779686469756601
0 0.42005939095034917 0.21424089095528184 0.3824312836526764 0.2095966720031286 0.3006503367152828 0.8721972681353964 0.33827844401295554 0.8768414870875496
0 0.46207425084862946 0.22670697396920936 0.410782533766775 0.22176943625280318 0.34803420511421984 0.8736063852470254 0.3993259221960743 0.8785439229634315
0 0.48738393599996516 0.2052172986146476 0.459030530543751 0.20272782666276395 0.39960206699826467 0.8795779198200913 0.42795547245447885 0.882067391771975
0 0.5227582053621869 0.24127139023486435 0.4746632992216549 0.23788595654804995 0.4297797171676477 0.8755211506875652 0.47787462330817965 0.8789065843743795
0 0.5467115001073299 0.24471295326114545 0.5183694102207933 0.24338507886135102 0.4886797697438997 0.8770793945476452 0.5170218596304363 0.8784072689474398
0 0.5761390400921088 0.2540715100251658 0.5350117148107151 0.2529551941162963 0.5180484179285761 0.8779171992023687 0.5591757432099699 0.8790335151112382
0 0.6173961427785434 0.2460883164873732 0.575888638918338 0.2449978778342909 0.5593547150785378 0.8743610296860256 0.6008622189387431 0.8754514683391079
0 0.680844466967033 0.21146265089038868 0.616401156738074 0.21033778850872253 0.6046414762251314 0.8840493036600339 0.6690847864540903 0.8851741660417002
0 0.7642655669584029 0.2073060106921206 0.6714163083201528 0.20723490004607908 0.6708925871916518 0.8910582263891385 0.7637418458299019 0.8911293370351799
0 0.8024479745021134 0.8873428727998405 0.7997982406345037 0.23074603042810674 0.7595544326903294 0.23090843660186486 0.762204166557939 0.8875052789735985
0 0.839516870591224 0.8879436876147997 0.836494398923835 0.22695039669301634 0.7973441503447659 0.22712941593379635 0.800366622012155 0.8881227068555797
0 0.8886578516213792 0.8843347474942984 0.8865570782364272 0.2362905202785841 0.8337425390739787 0.23646172985588051 0.8358433124589307 0.8845059570715949
0 0.9444935229778455 0.8808876820737401 0.9338107665579513 0.21899463693181245 0.8782349720772317 0.21989161368604368 0.8889177284971257 0.8817846588279712
0 0.9727528232471429 0.872581240171861 0.9662689390991772 0.2910163942789087 0.9340195284841277 0.291375943938323 0.9405034126320932 0.8729407898312752
0 1 0.2343901281250001 0.9353883265625 0.2343901281250001 0.9353883265625 0.8730862703125 1 0.8730862703125