0 0.8259424 7.958603064443442e-17 0.2397062515625 4.368941950801157e-17 0.2397062515625 0.027139768750000064 0.8259424 0.0271397687500001
0 0.8075209852959079 0.025508650226070982 0.0636209083868566 0.018019033972166025 0.06295091917990853 0.08456517007320533 0.8068509960889598 0.09205478632711028
0 0.8173182916112797 0.08593594677252056 0.07487388447947918 0.08280776161288013 0.07434645381888931 0.2079883133132776 0.8167908609506898 0.21111649847291805
0 0.7822170968980218 0.20977937949275507 0.08077488021971004 0.1892356587541127 0.07963691448572531 0.22809021762906764 0.781079131164037 0.24863393836771
0 0.7675037972547751 0.24622574616617232 0.08502483555398277 0.22430789632631534 0.08399619706359104 0.25633768638407023 0.7664751587643834 0.27825553622392724
0 0.7938090109144904 0.2778497406260074 0.09060694960872186 0.2539983988926983 0.08960586463396489 0.28351309142709064 0.7928079259397335 0.30736443316039974
0 0.7553285958557163 0.3011357309139469 0.10159737597599669 0.28368013956550814 0.0999745224814455 0.34445779948557176 0.7537057423611652 0.36191339083401053
0 0.7739378530907932 0.3502457269681862 0.1063541327586313 0.347448002820369 0.10619543877065747 0.38531503948607204 0.7737791591028194 0.38811276363388925
0 0.7666339551837099 0.42905090612905106 0.7652838018836239 0.37753977538117883 0.11065844861191909 0.3946980976351773 0.1120086019120052 0.44620922838304955
0 0.7910479255201278 0.4515530011375038 0.7900634304183404 0.423107546795328 0.11101596654925616 0.44660933003346936 0.11200046165104356 0.47505478437564513
0 0.759573613906549 0.4910574840984793 0.757072518484142 0.44290848867618404 0.11872022776988048 0.4760676434661337 0.12122132319228748 0.5242166388884291
0 0.7590768758655215 0.5152516542693936 0.7569408204745958 0.4869589938721339 0.12435170878377104 0.5347185669661876 0.12648776417469684 0.5630112273634472
0 0.7533743916921656 0.5456003671363799 0.7494702265662104 0.5046435539175016 0.1270992879133462 0.5639704087953752 0.1310034530393015 0.6049272220142535
0 0.7663260554470451 0.5855770388016299 0.7623498738533095 0.5442460345458668 0.13566292115886425 0.6045354267638271 0.13963910275259983 0.6458664310195903
0 0.808426032083435 0.6443326151205275 0.8016888454785676 0.5802325713790862 0.13156592882725157 0.6506653335763929 0.13830311543211893 0.7147653773178341
0 0.8227181632629058 0.7266253464179241 0.8114732651839539 0.6344595043816057 0.13268322941379337 0.7172767889699221 0.1439281274927453 0.8094426310062405
0 0.803783206370501 0.7647497822750003 0.7987175238591308 0.7248257366580477 0.14733777457519054 0.8074747506349121 0.15240345708656095 0.8473987962518648
0 0.812022685422575 0.800709845257616 0.8070737853423445 0.7618732327967294 0.15137578464988727 0.8454279942090958 0.15632468473011785 0.8842646066699824
0 0.8088277046245823 0.8510522825828015 0.8021793712167972 0.79865492640176 0.15925998379274348 0.880230462906989 0.16590831720052857 0.9326278190880307
0 0.831779024664322 0.896331267230311 0.8241157481221093 0.8412790402217964 0.1684582551067939 0.9325466411704972 0.17612153164900682 0.9875988681790118
0 0.7642497623758 0.9373247461140546 0.7599626782829996 0.9053595365839133 0.18378317479902204 0.9826351127585241 0.18807025889182252 1.0146003222886653
0 0.8246813061793787 0.9686287586949327 0.8175358056884552 0.9006438634806202 0.29196527914310877 0.9558835522909968 0.29911077963403226 1.0238684475053093