0 0.9636043620595919 0.08858881312201841 0.17691081875875955 -0.00800501977795029 0.16262925335563774 0.10830898240580748 0.9493227966564701 0.2049028153057762
0 1.01598363222322 0.059599910456167915 0.17775994362247727 -0.04332101732340602 0.1594319367738834 0.10594861944309245 0.9976556253746262 0.20886954722266635
0 0.9445087371634567 0.16876171198337425 0.15809253089766823 0.10438298291851078 0.15018758171751462 0.2009456245748395 0.936603787983303 0.26532435363970297
0 0.9185448752137988 0.251453373219125 0.15669602122181212 0.17768387397927837 0.14742398009326696 0.27344016866391335 0.9092728340852536 0.34720966790375996
0 0.9174914451156393 0.3505466562973788 0.24759956198757513 0.268294273400533 0.239506675692453 0.3342055412476869 0.9093985588205173 0.41645792414453275
0 0.8895505154845409 0.4101990196446292 0.25073138957797364 0.32855011061625483 0.24156742882283097 0.4002487220135971 0.8803865547293983 0.4818976310419714
0 0.884838710243282 0.4825329490460481 0.24027430848754308 0.3886652545183809 0.23089880250761516 0.45304435143258487 0.875463204263354 0.5469120459602521
0 0.8802318538822387 0.5451804567683044 0.23404384831827155 0.4420613265988201 0.2263470352799762 0.4902928066184857 0.8725350408439434 0.59341193678797
0 0.851100698709512 0.5896223991137874 0.2293627548114344 0.4800940424955801 0.21615918127136186 0.5550441551273906 0.8378971251694395 0.664572511745598
0 0.8068593394063667 0.6580015282880045 0.23496728409405346 0.5436968103349502 0.22679841053216315 0.5845675108148248 0.7986904658444764 0.6988722287678792
0 0.3956350133054151 0.5678650827256957 0.23417389319101406 0.5480401567661488 0.23060350349535677 0.5771186572701134 0.3920646236097578 0.5969435832296602
0 0.8305043823572733 0.6626030446666077 0.22671291876836283 0.5822831118715239 0.21684842929726722 0.6564377373554088 0.8206398928861777 0.7367576701504925
0 0.7396577567841429 0.7236349930166873 0.2138198515262967 0.6114919566638315 0.2035227128852068 0.6597751670108685 0.729360618143053 0.7719182033637242
0 0.8124283826539568 0.7232270141164434 0.22635794605329326 0.6634434212030722 0.21592015086985467 0.7657672007251621 0.8019905874705181 0.8255507936385333
0 0.7661256948296291 0.8219017576551655 0.22348241076529093 0.7020078599908484 0.21411902005207217 0.744386839952151 0.7567623041164102 0.8642807376164681
0 0.7575563575679648 0.863600178396343 0.22032881464032178 0.7382380848091556 0.20877105718936675 0.7877677748411099 0.7459986001170098 0.9131298684282971
0 0.7491458830272903 0.91767479748701 0.19903741774019731 0.7790112414589586 0.1861429577753932 0.8301663667502016 0.7362514230624863 0.968829922778253
0 0.884910416505426 0.7241173280455843 0.8153897849628946 0.7048537443140225 0.7343194806443007 0.9974295616755482 0.8038401121868322 1.01669314540711
0 0.6134408542386536 0.9341677321074503 0.1954138392376902 0.8275494908475862 0.18705707907227895 0.8603145361695341 0.6050840940732424 0.9669327774293983
0 0.6187856430635195 0.9477687889921518 0.09085418198453946 0.8347990012898798 0.06933961084845863 0.9353410949361299 0.5972710719274386 1.0483108826384018