0 0.9707760025405999 0.02369409847565309 0.1021885271948199 -0.026733435675592415 0.09845270365743244 0.03761413930089632 0.9670401790032125 0.08804167345214182
0 0.9534804236283883 0.08112928240553105 0.10015593189282401 0.038678655605300774 0.09795156136237794 0.08298997688076307 0.9512760530979423 0.12544060368099336
0 0.9519408367020008 0.12443411240479221 0.09932139763169011 0.08321630117704301 0.09703037117623305 0.1306077960954336 0.9496498102465438 0.1718256073231828
0 0.9352708257332492 0.16606554216566505 0.09861971869689885 0.1273666432519001 0.09674975120427343 0.16779441811736442 0.9334008582406238 0.2064933170311294
0 0.940103767925392 0.20549896914609875 0.09791196393800114 0.16586969765984322 0.09587024939083487 0.20925972713090318 0.9380620533782256 0.24888899861715874
0 0.9611431097473441 0.24623788275400238 0.09712032215611902 0.20923653878163823 0.09534215252024544 0.25075878961514986 0.9593649401114706 0.287760133587514
0 0.9383952802921398 0.27980136880887113 0.09629937166897139 0.252642790657994 0.09475445041671125 0.3005455880152714 0.9368503590398796 0.32770416616614856
0 0.9209693046227801 0.326348840479708 0.08998445776808309 0.30070881306279096 0.08874577394058032 0.3408541480876533 0.9197306207952775 0.36649417550457036
0 0.9365649247313718 0.36644658640676336 0.08924255572796058 0.3414573576644705 0.0881789308763676 0.3775222213814277 0.9355012998797788 0.4025114501237206
0 0.9194399225432012 0.39883269879351047 0.0939944865407614 0.3812390037560105 0.09296938012824171 0.4293340405193307 0.9184148161306813 0.44692773555683074
0 0.9349526723007633 0.44915562606041093 0.0876374029642633 0.43135740125622535 0.08678384062448172 0.4719927124619499 0.9340991099609817 0.48979093726613543
0 0.9286998528085828 0.4899021818821809 0.08683764653259207 0.4752074212313192 0.08636043224669951 0.5025470071649198 0.9282226385226903 0.5172417678157816
0 0.9282641984926171 0.51247883507833 0.08614169141246564 0.5038801081637605 0.08578152593550192 0.5391531732858179 0.9279040330156534 0.5477519002003876
0 0.9165493154002222 0.5432093356690537 0.09078314364571138 0.5398555650528547 0.09064202005454329 0.5746030480978341 0.9164081918090542 0.5779568187140331
0 0.9435889402482234 0.5799917144461305 0.08479471603321923 0.5738370610464719 0.08455394068791905 0.6074338312380544 0.9433481649029231 0.6135884846377129
0 0.9210319736073618 0.642794134983032 0.9209905903804548 0.6089801575804986 0.08392033643534194 0.6100046057796489 0.08396171966224898 0.6438185831821822
0 0.9260377023629973 0.6847115221007314 0.9258476739514636 0.6420186780796577 0.08299810243363433 0.6457702521176485 0.0831881308451681 0.688463096138722
0 0.9253399937717754 0.7167098390925057 0.9251031843675837 0.6819318880347919 0.07712049885249124 0.6877059566160162 0.07735730825668294 0.7224839076737299
0 0.9250281130783995 0.7516515682516298 0.9245531711067482 0.7124463281847417 0.08149136671923507 0.7226593873298072 0.08196630869088625 0.7618646273966952
0 0.9297837121974825 0.78543581377501 0.9293698626070899 0.7512735707922849 0.08098086688098706 0.7615511582022301 0.08139471647137955 0.7957134011849553
0 0.9454577331469152 0.8228890528907282 0.9446305037913605 0.7789582684328062 0.08000302666117388 0.7952394534725648 0.08083025601672844 0.8391702379304867
0 0.9066888473147161 0.8480211689136483 0.9061650671536514 0.8180138107718312 0.07988154086063563 0.8324366372146486 0.08040532102170037 0.8624439953564658
0 0.9116054050805943 0.8794016431454331 0.9111162442598234 0.8479454772741176 0.07920302260206905 0.8608821891410703 0.07969218342283994 0.8923383550123857
0 0.9112978404794323 0.9134877376198247 0.9104169507692426 0.8759694357026744 0.07828034733012493 0.8955071155545065 0.07916123704031457 0.9330254174716568
0 0.9107740190053635 0.9543975509015326 0.9100446794029114 0.9126136954690842 0.07778506833732787 0.9271408349010312 0.07851440793977994 0.9689246903334794
0 0.910180345140013 0.9934189190299023 0.9093994347821004 0.950093864779627 0.07734155195513054 0.965091252095727 0.07812246231304316 1.0084163063460023