0 0.08336485319006895 0.9475707334263438 0.0383600975048856 0.07937368276353834 -0.022771380219586045 0.08254255694660972 0.022233375465597303 0.9507396076094151
0 0.127299908067656 0.9434353920811585 0.08032127613476839 0.09034820288218064 0.036022276419708885 0.09278770312196617 0.0830009083525965 0.9458748923209441
0 0.174784518659656 0.9393258902366529 0.12573521594020604 0.08712903345886444 0.07845411058774318 0.08985035920760263 0.12750341330719311 0.9420472159853912
0 0.21222790736393674 0.935671776858436 0.16160087273578647 0.0997086510344099 0.12130004125025699 0.10214932279149244 0.17192707587840728 0.9381124486155187
0 0.25309549448776625 0.9323065201621361 0.20447465632287282 0.09058594296303726 0.16110890529462987 0.09309090627242839 0.20972974345952333 0.9348114834715272
0 0.2947583753186552 0.9283038012430842 0.2372588805328634 0.06550956230794844 0.1962432685331359 0.06824297992003762 0.25374276331892764 0.9310372188551733
0 0.34276097278564394 0.924036022538464 0.28318884026271707 0.08355963037923961 0.23593919542955133 0.08690863831083814 0.2955113279524782 0.9273850304700625
0 0.38521648407697323 0.9255348068089461 0.32224661848547037 0.09659104159132295 0.28179123468727585 0.09966419345893628 0.34476110027877865 0.9286079586765595
0 0.4207980291737397 0.9224414964984027 0.3582311151720664 0.07704823518744068 0.3217039949511839 0.07975157964756183 0.38427090895285715 0.9251448409585237
0 0.4723207088078669 0.9121740544930541 0.40337250858074974 0.08943265999821969 0.3553974742119671 0.09345311198677272 0.4243456744390842 0.916194506481607
0 0.5165847689791971 0.9136607641791489 0.44272083586613464 0.06939208084614057 0.40186128764904117 0.07296682783855853 0.4757252207621037 0.9172355111715669
0 0.54577016326982 0.9111073720495089 0.47238585919212833 0.07232095458099497 0.4451461592730289 0.07470411956819303 0.5185304633507205 0.913490537036707
0 0.5810918558426421 0.9079827527361747 0.5036744250524721 0.06943699068950149 0.4685886123432577 0.0726762336742884 0.5460060431334277 0.9112219957209616
0 0.6164004508974668 0.8993779715400747 0.5341026931725378 0.07773004416967245 0.4998637040364975 0.08115948388320324 0.5821614617614265 0.9028074112536055
0 0.6507499858074179 0.9018832329130031 0.5640376659984636 0.04736662789904446 0.530476078570757 0.050772299696703604 0.6171883983797113 0.9052889047106623
0 0.6865185699498628 0.8987260427927259 0.5980020697200513 0.06634843198378897 0.5643776545696048 0.06992411147437413 0.6528941547994164 0.9023017222833112
0 0.7309993792575809 0.8948287732217018 0.6391665875437564 0.05698856542570883 0.596727484205916 0.06164016999312096 0.6885602759197404 0.8994803777891139
0 0.7654433090058304 0.8970715096414332 0.6710625428763042 0.05433771544814153 0.63649986188079 0.05820851347988493 0.7308806280103163 0.9009423076731767
0 0.8041265247572316 0.8883713526716418 0.7058454580855253 0.05099548369620416 0.6669046339258579 0.05556588735516098 0.7651857005975641 0.8929417563305986
0 0.8378496260818041 0.885401651264548 0.7389475275167187 0.04273452082891701 0.7050156890737203 0.046717030540016205 0.8039177876388057 0.8893841609756471
0 0.8811273971839878 0.8814205450918667 0.7745572193948352 0.023231434450551747 0.730953561604791 0.028646149581893654 0.8375237393939436 0.8868352602232086
0 0.9029509467807768 0.8795995946297538 0.8044180751053199 0.05912075628228346 0.7739357447351116 0.0627814375897819 0.8724686164105686 0.8832602759372523
0 0.9341232162821358 0.8769948007712675 0.8342987547707116 0.05099114230575904 0.8030660439815215 0.05476568798012684 0.9028905054929455 0.8807693464456353
0 0.9746428891223431 0.8732698818125304 0.8682302769934085 0.04773405444739718 0.8310095818717477 0.05253184911827433 0.9374221940006823 0.8780676764834074
0 1.009795821744726 0.8701725313194695 0.909020533956206 0.04399996920244185 0.8675105977852041 0.04906328884718607 0.9682858855737242 0.8752358509642137
0 1.0417557323225173 0.7865857686629196 0.9467311956229179 0.04048865624883302 0.9045700806586054 0.04585838674311058 0.999594617358205 0.7919554991571972