177.13793103448273 629.6551724137933 172.57241379310344 574.8689655172415 159.8275862068965 575.9310344827586 164.39310344827584 630.7172413793104 book-spine 0
206.58461538461538 625.6769230769231 199.66153846153844 570.2923076923078 183.78461538461536 572.2769230769231 190.7076923076923 627.6615384615385 book-spine 0
320.0334763948498 299.62060085836913 308.09699570815457 298.567381974249 301.842060085837 369.456652360515 313.7785407725322 370.5098712446352 book-spine 0
381.0000000000001 467 365.0000000000001 467 365.0000000000001 530 381.0000000000001 530 book-spine 0
145.13508442776737 387.5534709193246 138.23452157598499 308.19699812382737 125.33208255159474 309.31894934333957 132.23264540337712 388.6754221388368 book-spine 0
113.4 290.8 109.30344827586208 221.15862068965515 93.7103448275862 222.0758620689655 97.80689655172412 291.71724137931034 book-spine 0
165.79376854599406 471.97774480712167 147.37982195845697 406.2136498516321 134.99109792284867 409.68249258160245 153.40504451038575 475.446587537092 book-spine 0
465.5430563978168 154.5648878107944 456.6540327471194 82.18283808368707 445.6446331109763 83.53486961795026 454.5336567616737 155.91691934505758 book-spine 0
316.456 475.9920000000001 302.552 473.46400000000006 291.1120000000001 536.384 305.0160000000001 538.912 book-spine 0
408.764705882353 293.9411764705883 391.8235294117647 289.7058823529412 374.11764705882354 360.52941176470597 391.0588235294118 364.76470588235304 book-spine 0
165.7227722772277 633.2277227722772 159.980198019802 575.8019801980198 142.45544554455446 577.5544554455446 148.1980198019802 634.980198019802 book-spine 0
553.0409836065573 253.4508196721312 546.6639344262295 183.30327868852459 533.6803278688525 184.48360655737704 540.0573770491803 254.63114754098365 book-spine 0
410.88561816652657 265.201850294365 392.35323801513886 198.2001682085786 371.75862068965523 203.8965517241379 390.29100084104294 270.8982338099243 book-spine 0
83.12473066794351 292.99808474982046 72.46995451280824 217.23078764663637 61.46875748144602 218.77783097917165 72.12353363658129 294.5451280823558 book-spine 0
346.1151750972763 268.55719844357975 318.060700389105 202.42879377431905 304.6038910505836 208.13774319066147 332.6583657587548 274.26614785992217 book-spine 0
322.46422893481713 165.80286168521462 317.0015898251192 97.51987281399046 307.0254372019078 98.31796502384736 312.4880763116057 166.60095389507154 book-spine 0
544.1889924286546 293.3747815958067 529.1473500291206 282.17355853232397 482.3447874199185 345.0227140361096 497.38642981945253 356.2239370995924 book-spine 0
347.05389541088584 162.06350053361797 339.31376734258276 95.49839914621131 330.82390608324437 96.48559231590181 338.56403415154745 163.05069370330844 book-spine 0
73.73497036409822 292.5977984758679 63.1337849280271 220.50973751058427 48.883149872988994 222.60541913632517 59.484335309060114 294.69348010160877 book-spine 0
445.3921815889029 260.6986128625473 424.71122320302646 190.90037831021442 411.500630517024 194.81462799495586 432.18158890290044 264.6128625472888 book-spine 0
553.5069356872636 148.73139974779318 544.3783102143759 63.53089533417402 531.3493064312736 64.92686002522069 540.4779319041613 150.12736443883986 book-spine 0
478.40721649484533 153.45876288659792 468.5970285021225 73.57580351728319 454.45936931473625 75.31200727713764 464.2695573074591 155.19496664645237 book-spine 0
147.18887015177063 177.45699831365937 138.30016863406405 108.88701517706576 117.46509274873523 111.58785834738616 126.35379426644181 180.15784148397978 book-spine 0
514.5078407720146 289.928829915561 493.40289505428234 282.11218335343796 467.2509047044632 352.7225572979494 488.35585042219543 360.5392038600724 book-spine 0
585.9230769230769 249.38461538461536 577.8 184.39999999999998 564.5076923076923 186.06153846153845 572.6307692307693 251.04615384615383 book-spine 0
224.00000000000006 310 197.00000000000006 310 197.00000000000006 381 224.00000000000006 381 book-spine 0
409.733794295592 264.5894554883319 383.7929991356958 195.92264477095938 363.43215211754546 203.61452031114953 389.37294727744165 272.28133102852206 book-spine 0
233.73076923076923 464.6538461538462 220.0769230769231 396.3846153846155 203.73076923076925 399.6538461538462 217.3846153846154 467.9230769230769 book-spine 0
556.7529411764705 509.3882352941176 543.2235294117646 448.5058823529413 535.3882352941176 450.24705882352947 548.9176470588235 511.1294117647059 book-spine 0
126.1 178.70000000000002 112.84 85.88000000000001 88.75999999999999 89.32000000000001 102.02 182.14000000000001 book-spine 0
405.66185567010314 526.560824742268 402.8536082474227 464.779381443299 391.4226804123711 465.29896907216494 394.23092783505155 527.080412371134 book-spine 0
569.953095684803 251.96060037523455 563.1200750469044 173.38086303939969 545.2120075046904 174.93808630394 552.045028142589 253.5178236397749 book-spine 0
226.67149358709145 379.47579644187 220.9933802234175 309.9189077368639 193.50310302027307 312.1630119983451 199.18121638394706 381.7199007033513 book-spine 0
210.92602739726027 173.7972602739726 202.79999999999998 96.6 191.3479452054795 97.80547945205478 199.47397260273974 175.00273972602741 book-spine 0
237.43668639053266 483.16804733727804 227.34674556213025 482.4721893491124 222.91124260355033 546.7869822485208 233.0011834319527 547.4828402366865 book-spine 0
330.37704918032784 610.1475409836066 325.4098360655738 555.5081967213115 304.0409836065574 557.4508196721312 309.00819672131155 612.0901639344263 book-spine 0
60.30189673340359 293.9973656480507 49.65437302423604 228.59114857744996 32.005795574288726 231.4641728134879 42.65331928345627 296.8703898840886 book-spine 0
209.79622641509434 281.9132075471698 196.53962264150942 211.21132075471695 179.51320754716983 214.40377358490565 192.76981132075468 285.1056603773585 book-spine 0
125.47540983606558 390.22950819672127 118.8688524590164 317.5573770491804 101.01639344262296 319.18032786885254 107.62295081967213 391.8524590163934 book-spine 0
178.75986322987896 175.15018411362445 167.35954760652282 97.88137822198843 144.27196212519726 101.28774329300367 155.67227774855337 178.5565491846397 book-spine 0
284 295 272 295 272 374 284 374 book-spine 0
92.41075794621025 290.73838630806847 81.92176039119803 220.81173594132028 71.50611246943765 222.37408312958433 81.99511002444987 292.30073349633255 book-spine 0
196.47920133111478 282.9001663893511 181.78702163061564 212.3777038269551 166.3727121464226 215.58901830282866 181.0648918469218 286.1114808652247 book-spine 0
81.46325671738427 482.0598899320168 71.62965360958239 414.45386856587896 56.673357073486564 416.62932988022015 66.50696018128845 484.235351246358 book-spine 0
21.549222797927456 399.51295336787564 16.91088082901555 327.6186528497409 1.2341968911917185 328.63005181347154 5.872538860103624 400.5243523316062 book-spine 0
326.3572009764036 298.2489829129374 314.7949552481693 297.5882831570383 310.7314890154598 368.69894222945493 322.29373474369413 369.35964198535396 book-spine 0
424 84.00000000000006 397 84.00000000000006 397 160.00000000000006 424 160.00000000000006 book-spine 0
531.5264750378215 511.19364599092285 517.4296520423601 452.4568835098336 500.1830559757943 456.59606656580934 514.2798789712557 515.3328290468986 book-spine 0
541.5882352941176 510.3529411764705 526.2941176470588 449.17647058823536 515.7058823529411 451.82352941176475 530.9999999999999 512.9999999999999 book-spine 0
175.23076923076923 174.84615384615384 165.79999999999998 99.39999999999999 143.0307692307692 102.24615384615385 152.46153846153845 177.69230769230768 book-spine 0
57.24166099387338 395.8366235534378 47.612661674608574 322.6562287270252 37.73110959836623 323.9564329475834 47.36010891763104 397.1368277739959 book-spine 0
364.5937633489962 268.15420760358825 342.9363519863307 201.73814609141397 331.1072191371209 205.59547202050413 352.76463049978645 272.0115335326784 book-spine 0
296.764192139738 166.23144104803492 287.4192139737992 96.14410480349343 278.2489082969432 97.3668122270742 287.59388646288204 167.45414847161572 book-spine 0
509.02 151.14 497.9 73.29999999999997 479.69999999999993 75.89999999999998 490.81999999999994 153.73999999999998 book-spine 0
432.8356840620593 295.72566995768693 416.11001410437234 292.5613540197462 403.3984485190409 359.7510578279267 420.12411847672786 362.91537376586746 book-spine 0
303 301 285 301 285 371 303 371 book-spine 0
146.5902636916836 178.25963488843814 135.88539553752537 111.88945233265721 124.69269776876268 113.6947261663286 135.3975659229209 180.06490872210952 book-spine 0
565.1028084252758 298.44784353059185 553.6539618856569 290.71213640922775 516.0536609829488 346.3605817452358 527.5025075225677 354.0962888665999 book-spine 0
284 306 256 306 256 376 284 376 book-spine 0
294.64669843430903 274.91490810074885 285.8243703199455 207.86521443158614 261.8706603131382 211.01701837985024 270.6929884275017 278.06671204901295 book-spine 0
45.400000000000006 486.20000000000005 36.81538461538461 417.5230769230769 21.553846153846145 419.4307692307692 30.13846153846154 488.10769230769233 book-spine 0
237.50000000000003 279.5 223.00000000000006 207 210.30769230769232 209.53846153846155 224.8076923076923 282.03846153846155 book-spine 0
507.57803468208095 516.757225433526 497.971098265896 454.31213872832365 486.0982658959538 456.13872832369935 495.7052023121388 518.5838150289018 book-spine 0
303 301 284 301 284 371 303 371 book-spine 0
155 107.00000000000003 136 107.00000000000003 136 178 155 178 book-spine 0
269 307 255.00000000000006 307 255.00000000000006 376 269 376 book-spine 0
41.07011235955056 185.8238202247191 35.36584269662922 118.79865168539327 23.536629213483153 119.80539325842697 29.240898876404493 186.8305617977528 book-spine 0
196.16551724137935 627.8137931034483 192.91034482758624 572.4758620689654 181.0103448275862 573.1758620689653 184.2655172413793 628.5137931034483 book-spine 0
627.6882352941176 365.34705882352955 617.2058823529412 358.6764705882354 576.4000000000001 422.80000000000007 586.8823529411765 429.47058823529414 book-spine 0
264.17647058823536 485.2941176470589 250.05882352941177 481.764705882353 234.58823529411768 543.6470588235295 248.70588235294127 547.1764705882354 book-spine 0
486.28712871287127 152.8712871287129 478.9207920792079 79.20792079207922 468.62376237623766 80.23762376237624 475.99009900990103 153.90099009900993 book-spine 0
532.1166095051445 254.81185693287608 525.5688388045075 181.14943655071045 515.6472317491426 182.031357177854 522.1950024497796 255.6937775600196 book-spine 0
90.12799999999999 181.704 77.424 111.83200000000001 63.872 114.296 76.576 184.168 book-spine 0
607.4615384615383 289.3076923076924 584.3846153846154 273.92307692307696 540.3846153846154 339.92307692307696 563.4615384615383 355.3076923076924 book-spine 0
366.3642352941176 450.58494117647064 361.74917647058817 379.820705882353 351.7915294117646 380.4701176470588 356.406588235294 451.2343529411765 book-spine 0
598.1326079564774 249.43216592995577 591.5124107446446 177.93403604216255 573.5368922135328 179.59843590615438 580.1570894253656 251.0965657939476 book-spine 0
117.23861386138611 178.9138613861386 102.59405940594058 114.05940594059408 85.46732673267326 117.92673267326734 100.11188118811879 182.78118811881188 book-spine 0
15.000000000000028 217 2.66973002214123e-14 217 3.0738634658598566e-14 283 15.000000000000034 283 book-spine 0
208.48000000000002 380.3599999999999 198.64 311.47999999999996 180.43999999999994 314.08 190.27999999999997 382.9599999999999 book-spine 0
235.1315570358035 380.4462947543714 233.64904246461282 307.8030807660283 201.6827643630308 308.45545378850954 203.16527893422148 381.0986677768527 book-spine 0
367.7415384615384 609.3476923076922 364.5507692307692 551.9138461538462 349.0430769230769 552.7753846153846 352.2338461538461 610.2092307692307 book-spine 0
600.1538461538462 579.2307692307693 593.4 525.1999999999999 575.8 527.3999999999999 582.5538461538462 581.4307692307692 book-spine 0
391.0000000000001 379 353 379 353.00000000000006 508 391.0000000000001 508 book-spine 0
121.7439024390244 477.69512195121945 113.9390243902439 407.4512195121951 103.29268292682926 408.6341463414634 111.09756097560975 478.8780487804878 book-spine 0
229.1228493812255 172.00030184123153 218.27346815575012 94.6984606097193 202.58255357681864 96.90069423483249 213.43193480229402 174.20253546634473 book-spine 0
125.4864864864865 178.9189189189189 110.02702702702705 86.16216216216216 95.27027027027029 88.62162162162161 110.72972972972974 181.3783783783784 book-spine 0
146.32307692307694 287.5846153846154 137.7076923076923 218.66153846153844 112.72307692307692 221.7846153846154 121.33846153846153 290.70769230769235 book-spine 0
202.49655172413793 174.44137931034481 197.9620689655172 97.3551724137931 144.44137931034481 100.50344827586207 148.97586206896554 177.58965517241379 book-spine 0
210.55219364599094 466.4674735249622 194.63993948562785 400.16641452344936 179.51134644478066 403.7972768532527 195.42360060514375 470.09833585476554 book-spine 0
353 116.00000000000006 340 116.00000000000003 340 164.00000000000006 353 164.00000000000006 book-spine 0
94.35245901639345 391.87704918032796 87.86885245901641 320.55737704918033 76.95901639344261 321.54918032786884 83.44262295081967 392.86885245901647 book-spine 0
256 307 246.00000000000006 307 246.00000000000006 376 256 376 book-spine 0
134.00682593856655 178.05802047781566 125.87713310580205 108.9556313993174 114.21501706484642 110.32764505119452 122.34470989761091 179.43003412969279 book-spine 0
116.15384615384615 290.23076923076917 107.29230769230769 219.3384615384615 90.92307692307692 221.38461538461536 99.78461538461536 292.276923076923 book-spine 0
252.32830188679247 377.55094339622644 249.20000000000005 305.6 232.23207547169812 306.3377358490566 235.36037735849055 378.28867924528305 book-spine 0
104.096 180.52800000000002 91.552 111.536 80.728 113.50400000000002 93.27199999999999 182.49600000000004 book-spine 0
327.04827586206886 165.8206896551724 322.98275862068965 96.70689655172413 313.7206896551724 97.25172413793105 317.7862068965517 166.36551724137928 book-spine 0
157.42075471698115 386.677358490566 154.2811320754717 314.466037735849 137.96415094339622 315.17547169811314 141.10377358490564 387.38679245283015 book-spine 0
523.6786516853933 587.1258426966293 518.5056179775282 532.808988764045 491.2292134831461 535.4067415730337 496.40224719101127 589.723595505618 book-spine 0
284.1082191780822 615.9219178082192 282.1 561.7 272.113698630137 562.0698630136986 274.12191780821917 616.2917808219178 book-spine 0
30.15580286168521 486.9475357710651 24.769475357710647 419.6184419713831 7.7980922098569145 420.97615262321136 13.184419713831478 488.3052464228934 book-spine 0
288.7205240174673 166.90393013100436 279.6200873362446 98.65065502183404 264.2270742358079 100.70305676855895 273.32751091703057 168.95633187772927 book-spine 0
511.2224399804019 257.0024497795199 504.41597256246945 180.42969132778052 490.5257226849584 181.66438020578147 497.3321901028908 258.23713865752086 book-spine 0
487 190.00000000000006 468 190.00000000000006 468 260.0000000000001 487 260.0000000000001 book-spine 0
38.00000000000004 320 17.000000000000043 320 17.000000000000046 393 38.00000000000004 393 book-spine 0
388.3563115487914 159.74932855863923 381.44046553267674 94.74037600716204 375.2130707251567 95.4028648164727 382.1289167412714 160.41181736794988 book-spine 0
104.10922946655376 291.5427603725656 95.48518204911093 232.89923793395423 85.32260795935647 234.39373412362403 93.9466553767993 293.0372565622354 book-spine 0
371.16995708154514 161.92618025751074 364.8506437768241 90.30729613733908 347.1939914163091 91.86523605150215 353.5133047210302 163.48412017167385 book-spine 0
166.52060555088312 284.4179983179142 144.21614802354924 210.81328847771238 129.11774600504629 215.38856181665267 151.42220353238017 288.9932716568545 book-spine 0
185.89118198874297 382.74859287054403 179.78236397748594 312.4971857410882 164.8949343339587 313.7917448405253 171.00375234521573 384.0431519699812 book-spine 0
399.14826752618853 159.29734085414987 391.7252215954875 94.3456889605157 376.7775987107172 96.05398871877517 384.20064464141825 161.00564061240934 book-spine 0
33.05658536585366 185.81073170731707 30.514146341463416 104.45268292682927 12.968780487804876 105.0009756097561 15.511219512195115 186.3590243902439 book-spine 0
500.2174721189591 257.6672862453531 490.6933085501859 184.6486988847584 477.910780669145 186.31598513011153 487.4349442379182 259.3345724907063 book-spine 0
496.2470588235294 592.7882352941176 492.58070588235296 536.5708235294119 481.77882352941174 537.2752941176473 485.4451764705882 593.492705882353 book-spine 0
454.55838926174494 261.76912751677855 444.64697986577175 194.86711409395974 433.7020134228188 196.48859060402683 443.61342281879195 263.39060402684566 book-spine 0
252.47939262472886 277.9891540130152 231.01409978308027 208.82321041214752 221.29501084598698 211.83947939262475 242.76030368763557 281.0054229934924 book-spine 0
313.53793103448277 615.4551724137931 308.84827586206893 559.1793103448276 290.1448275862069 560.7379310344828 294.83448275862065 617.0137931034483 book-spine 0
576.3089887640449 508.0056179775281 561.7977528089887 445.1235955056179 550.6235955056179 447.7022471910111 565.1348314606741 510.5842696629213 book-spine 0
78.45851528384279 181.93886462882094 69.2532751091703 112.8995633187773 58.445414847161565 114.34061135371178 67.65065502183405 183.37991266375542 book-spine 0
410.2682926829268 158.41463414634146 403.0121951219512 93.10975609756099 390.719512195122 94.47560975609758 397.9756097560976 159.78048780487805 book-spine 0
221.311027332705 279.96418473138556 200.33081998114983 214.92554194156457 178.30065975494816 222.03204524033933 199.2808671065033 287.0706880301603 book-spine 0
191.69230769230774 174.5384615384615 183.13846153846157 106.1076923076923 166.03076923076924 108.24615384615385 174.58461538461538 176.67692307692306 book-spine 0
314.5254553946754 165.83418963101352 307.605791686128 102.17328351237741 295.3162073797291 103.50910789350772 302.2358710882765 167.17001401214384 book-spine 0
298.94594594594605 477.3243243243244 286.78378378378386 475.2972972972974 275.56756756756766 542.5945945945947 287.72972972972985 544.6216216216217 book-spine 0
225.00000000000006 310 196.00000000000006 310 196.00000000000006 381 225.00000000000006 381 book-spine 0
304.8531791907516 476.1456647398845 293.99884393063587 474.29248554913306 283.17919075144516 537.664739884393 294.0335260115608 539.5179190751445 book-spine 0
145.17472118959108 287.6728624535316 136.1022304832714 218.11710037174726 107.45910780669146 221.85315985130114 116.53159851301115 291.40892193308554 book-spine 0
108.3360655737705 390.6967213114754 101.827868852459 319.10655737704917 86.13934426229508 320.5327868852459 92.64754098360656 392.12295081967216 book-spine 0
128.5678832116788 635.5883211678831 122.27445255474451 581.0452554744526 109.36934306569341 582.5343065693431 115.66277372262772 637.0773722627737 book-spine 0
492.44233576642335 151.83357664233577 484.0116788321168 78.76788321167882 476.76204379562046 79.60437956204379 485.192700729927 152.67007299270074 book-spine 0
49.389741914407054 184.7393008820647 41.49820320156812 112.4001960143744 32.40640313622999 113.39202874877492 40.297941849068934 185.73113361646523 book-spine 0
531.0737704918033 149.81147540983608 523.483606557377 66.31967213114757 510.860655737705 67.46721311475412 518.4508196721312 150.95901639344262 book-spine 0
619.2150943396226 576.9471698113207 616.8056603773584 521.5301886792452 604.1773584905661 522.0792452830187 606.5867924528302 577.4962264150943 book-spine 0
391.67387033398825 292.8349705304519 381.3005893909627 290.47740667976433 364.54223968565816 364.2141453831042 374.9155206286837 366.5717092337918 book-spine 0
344.81379310344823 608.8344827586207 341.62758620689647 554.6689655172413 332.42413793103447 555.2103448275861 335.6103448275861 609.3758620689655 book-spine 0
542.0994610485056 254.3689367956884 535.9985301322881 185.73346398824106 521.1161195492406 187.0563449289564 527.2170504654581 255.69181773640372 book-spine 0
537 200.00000000000003 168 200 168.00000000000006 461.0000000000001 537 461.0000000000001 book-spine 0
198.34664712348848 174.00513008427995 191.78563576401612 105.77061194576768 174.6746060828142 107.41590326126786 181.23561744228655 175.65042139978016 book-spine 0
438.21747211895917 156.66728624535318 427.2602230483272 72.66171003717471 413.45167286245356 74.46282527881041 424.4089219330856 158.46840148698888 book-spine 0
70.13018867924528 638.9943396226415 67.911320754717 587.9603773584906 54.19811320754718 588.5566037735849 56.41698113207548 639.5905660377358 book-spine 0
550 566 540 566 540 583 550 583 book-spine 0
412.9763313609468 264.34319526627223 387 201.99999999999994 370.1715976331361 209.0118343195266 396.14792899408286 271.35502958579883 book-spine 0
435.37956204379566 262.04379562043795 411.6131386861315 196.6861313868613 400.3722627737227 200.77372262773724 424.13868613138686 266.1313868613139 book-spine 0
412.6187648456057 598.9441805225654 410.8171021377673 546.6959619952495 398.624703087886 547.1163895486936 400.4263657957245 599.3646080760095 book-spine 0
347.8180112570357 298.5928705440901 336.33958724202625 297.59474671669795 330.2307692307692 367.84615384615387 341.7091932457787 368.844277673546 book-spine 0
262.1230769230769 169.98461538461538 251.89230769230767 88.13846153846154 234.53846153846155 90.30769230769229 244.76923076923075 172.15384615384613 book-spine 0
79.4943396226415 481.96981132075473 66.76981132075471 414.1056603773585 54.15094339622641 416.4716981132075 66.8754716981132 484.33584905660376 book-spine 0
531.0041968714231 511.0190766882869 518.0694391453643 452.2247233880198 504.7348340328119 455.1583365127814 517.6695917588706 513.9526898130484 book-spine 0
415 379 397 379 397 446 415 446 book-spine 0
581.4426229508198 577.8688524590164 576.9754098360656 528.7295081967213 564.172131147541 529.8934426229508 568.6393442622951 579.0327868852459 book-spine 0
446.0000000000001 542 435.0000000000001 542 435.0000000000001 607 446.0000000000001 607 book-spine 0
306.3846153846154 166.07692307692307 297.4923076923077 94.93846153846152 278.16923076923075 97.35384615384615 287.0615384615385 168.4923076923077 book-spine 0
140.93962264150943 476.6113207547169 137.9 406.70000000000005 123.40566037735852 407.3301886792453 126.44528301886793 477.2415094339623 book-spine 0
11.213883677298313 187.4596622889306 3.9268292682926873 103.65853658536585 -4.574108818011256 104.39774859287054 2.7129455909943694 188.1988742964353 book-spine 0
332.87527839643656 271.6436525612472 309.3496659242762 204.42761692650336 295.8975501113586 209.13585746102453 319.42316258351894 276.35189309576833 book-spine 0
541.0765997197572 148.90471742176553 533.5824381130313 79.95843063988792 522.6249416160673 81.14946286781878 530.1191032227931 150.0957496496964 book-spine 0
474.94210943695475 516.4956383822365 464.6074544012688 456.21015067406813 454.6431403647898 457.91831879460744 464.97779540047577 518.2038065027757 book-spine 0
358.7945205479452 268.4520547945206 328.2602739726027 187.02739726027403 315.5479452054794 191.7945205479453 346.08219178082186 273.2191780821919 book-spine 0
610.2137931034482 578.5655172413794 605.5448275862069 522.5379310344829 590.8137931034482 523.7655172413794 595.4827586206895 579.7931034482759 book-spine 0
235.2014598540146 171.74598540145985 227.31386861313868 103.38686131386862 219.41897810218978 104.2978102189781 227.3065693430657 172.65693430656935 book-spine 0
326.37697160883295 474.52523659305996 313.6009463722397 472.9921135646688 305.93059936908514 536.9116719242902 318.7066246056783 538.4447949526814 book-spine 0
66.49625935162095 166.92518703241893 63.892768079800504 114.85536159600997 57.50872817955111 115.17456359102243 60.11221945137157 167.2443890274314 book-spine 0
352.53491124260347 453.7562130177514 347.6189349112426 382.47455621301765 333.4792899408284 383.4497041420118 338.3952662721893 454.7313609467455 book-spine 0
69.07423580786026 183.05676855895197 59.67685589519651 112.5764192139738 39.56768558951965 115.25764192139738 48.96506550218341 185.73799126637556 book-spine 0
80.37804878048782 482.4024390243903 72.75609756097562 413.80487804878055 58.048780487804876 415.43902439024396 65.67073170731707 484.0365853658537 book-spine 0
361.72 292.96000000000004 350.65999999999997 291.38 340.0999999999999 365.3 351.15999999999997 366.88 book-spine 0
455.1825348696179 155.486355366889 445.5379017586415 76.95148574893872 427.92631898120067 79.11431170406304 437.57095209217704 157.6491813220133 book-spine 0
420.00000000000006 462 404 462 404.00000000000006 525 420.0000000000001 525 book-spine 0
127.94507702612191 178.27327528466174 113.4246483590087 99.44809109176155 88.2779638312123 104.08037508372405 102.79839249832551 182.90555927662425 book-spine 0
384.32925036746695 160.70406663400294 377.70896619304267 86.22586967172953 364.8108770210681 87.37236648701617 371.4311611954924 161.8505634492896 book-spine 0
475.2034035656402 260.0397082658023 469.3322528363047 191.54294975688813 452.8249594813615 192.95786061588328 458.69611021069693 261.45461912479743 book-spine 0
338.50987124463524 164.7785407725322 332.09785407725326 92.10901287553648 315.2 93.60000000000001 321.61201716738196 166.26952789699573 book-spine 0
131.7337883959044 475.7372013651877 123.68600682593856 407.3310580204777 112.13993174061432 408.68941979522174 120.1877133105802 477.0955631399317 book-spine 0
300 304 283 304 283 372 300 372 book-spine 0
514.2705882352941 302.71764705882356 495.3117647058823 290.6529411764706 459.4882352941176 346.94705882352946 478.4470588235294 359.0117647058824 book-spine 0
423.84403669724776 264.1467889908257 402.2660550458716 192.22018348623857 388.8715596330275 196.2385321100918 410.44954128440367 268.16513761467894 book-spine 0
394.0513866231647 528.7985318107668 392.22430668841764 464.85073409461666 378.6353996737357 465.2389885807504 380.46247960848285 529.1867862969006 book-spine 0
70.21656050955416 395.06369426751587 57.17961783439491 322.42929936305734 43.93949044585988 324.80573248407654 56.97643312101911 397.4401273885351 book-spine 0
366 345 363 345 363 356 366 356 book-spine 0
518.97339055794 151.03175965665238 512.3836909871245 76.34849785407727 498.52103004291854 77.5716738197425 505.110729613734 152.25493562231762 book-spine 0
170.76551724137929 384.18620689655177 164.9655172413793 314.58620689655174 150.97931034482758 315.75172413793103 156.7793103448276 385.35172413793106 book-spine 0
182.75294117647059 284.38823529411764 166.77647058823533 212.49411764705883 148.35294117647058 216.58823529411765 164.32941176470587 288.48235294117643 book-spine 0
302.43922204213936 166.7909238249595 296.4878444084278 97.3581847649919 287.49675850891407 98.12884927066452 293.4481361426256 167.5615883306321 book-spine 0
216.92841765339074 626.3073196986006 212.96124865446717 569.4445640473629 199.88536060279873 570.3568353067816 203.85252960172227 627.2195909580194 book-spine 0
608.8552229688454 248.74954184483818 602.503665241295 176.3417837507636 590.5430665852169 177.3909590714722 596.8946243127673 249.79871716554675 book-spine 0
245.5220061412487 171.54554759467757 236.63357215967244 102.66018423746164 225.81371545547591 104.05629477993858 234.70214943705219 172.94165813715455 book-spine 0
523.1069418386492 255.72983114446532 516.7542213883677 182.67354596622886 503.8086303939962 183.79924953095684 510.16135084427765 256.85553470919325 book-spine 0
496.7527881040893 513.7713754646842 489.0799256505577 454.94609665427515 474.75836431226764 456.8141263940521 482.43122676579924 515.6394052044611 book-spine 0
246.78217821782187 482.17821782178225 238.26732673267338 481.32673267326743 231.851485148515 545.4851485148515 240.36633663366345 546.3366336633663 book-spine 0
274.70347003154575 169.1955835962145 264.9227129337539 87.68927444794954 251.2791798107255 89.32649842271294 261.05993690851733 170.83280757097793 book-spine 0
124.06940752123785 556.8230761267524 117.76840715506658 495.08369914409434 112.96814307926749 495.573604730732 119.26914344543874 557.31298171339 book-spine 0
130.79880530272817 560.6555329793281 122.92543512092706 493.6039979225737 115.05354406603774 494.5283363773681 122.92691424783885 561.5798714341224 book-spine 0
135.18932246154674 560.1027398278718 128.54254590545855 493.9141802770406 119.21092789416198 494.85127847420296 125.85770445025018 561.0398380250341 book-spine 0
141.9296774381769 557.5348541912036 136.21613453212717 492.22875749624836 124.19854741216605 493.2801600928208 129.91209031821577 558.586256787776 book-spine 0
147.13751241943183 556.053212460924 140.22424910253227 492.1103096372247 128.37662454354307 493.3912297180957 135.28988786044266 557.3341325417949 book-spine 0
155.27642136844804 554.6140788933375 149.72002739498268 491.2058582233093 140.65740857379603 492.000005733991 146.2138025472614 555.4082264040192 book-spine 0
164.90274777585313 555.9973387960629 155.7245881149687 490.15504527438634 145.8615292993266 491.5299173165466 155.03968896021107 557.372210838223 book-spine 0
176.31291000704965 552.2960008154042 170.7515486034146 488.72929044720814 158.52312571244084 489.79913783586926 164.08448711607588 553.3658482040653 book-spine 0
179.41849577679812 552.0050749031167 173.28157129990018 488.645676813855 167.38276890586673 489.2170285925655 173.51969338276467 552.5764266818272 book-spine 0
183.86788436361422 551.3050094499104 177.95574267297997 488.5727807054882 172.89254649971664 489.0499570115583 178.80468819035087 551.7821857559804 book-spine 0
188.2656896488877 551.3490857099462 184.67626302884042 486.7773980107733 178.0986549866967 487.1430356802222 181.68808160674394 551.7147233793951 book-spine 0
113.00000000000006 495 101.00000000000006 495 101.00000000000006 561 113.00000000000006 561 book-spine 0
120.00000000000006 496 107.00000000000006 496 107.00000000000006 562 120.00000000000006 562 book-spine 0
203.14695246946567 486.0431730782499 193.25307401877043 485.8640546481866 192.14911834778948 546.8427223362746 202.04299679848472 547.021840766338 book-spine 0
206.72840635507623 486.30620980249705 198.53431995762202 486.185979580152 197.6200729898338 548.4949273351234 205.81415938728804 548.6151575574685 book-spine 0
211.08457998223884 485.89966376726386 203.6202252779435 485.4812609734738 200.12691422163894 547.8023381835201 207.5912689259343 548.2207409773102 book-spine 0
214.95706262305993 484.5368167509244 206.4982082333816 484.49637980205836 206.19660501911196 547.5876303664876 214.65545940879028 547.6280673153536 book-spine 0
222.44229738776764 483.23695674184614 215.8623063590793 482.83292847969665 211.8852225881514 547.6035843586325 218.46521361683978 548.0076126207819 book-spine 0
274.0717076730732 478.36268009143816 263.2673247903596 476.50362899910135 251.96493056822186 542.1905782016917 262.76931345093544 544.0496292940284 book-spine 0
336.0249631118653 470.9911037327207 327.43755382296825 470.6353916265883 324.7831996616834 534.7153742520735 333.3706089505805 535.0710863582059 book-spine 0
341.0540960000002 470.8023550000001 334.5087608042571 470.7153356341963 333.6856629895062 532.6262797863388 340.2309981852493 532.7132991521426 book-spine 0
347.247476092998 532.3076576066437 346.149804569722 469.225096710672 339.24266646080935 469.34528474206775 340.34033798408535 532.4278456380395 book-spine 0
354.44138209701816 531.8748475339806 352.6682984983344 469.1570473730929 345.1564382439628 469.36941381736335 346.9295218426465 532.087213978251 book-spine 0
360.0145441505997 530.6917699685091 359.31696996437734 468.53821843978733 352.8599036301278 468.6106886797449 353.5574778163502 530.7642402084666 book-spine 0
366.78180782492564 530.1241544294762 364.5785249675531 467.8490113296358 357.2186352764674 468.10940284351034 359.42191813383994 530.3845459433508 book-spine 0
427.6326146913924 522.7621123872949 421.0863537597725 460.7280047490342 413.8648902216095 461.49006269471556 420.4111511532294 523.5241703329764 book-spine 0
433.3193813971924 521.2208768901588 428.31876468980965 460.32463725483007 420.72875891517367 460.94790578361057 425.7293756225565 521.8441454189393 book-spine 0
439.37410799102673 520.528821063895 431.4585027774842 459.9714120716754 421.9886931654414 461.20923376160226 429.90429837898387 521.7666427538218 book-spine 0
449.0292945334395 520.02566863104 442.3643774182084 459.1899579301159 432.18572774210156 460.3050900729741 438.8506448573328 521.1408007738984 book-spine 0
456.8211913489306 523.7992501705734 449.0122521724763 458.84274337906186 442.43030002719655 459.63401228349653 450.23923920365087 524.590519075008 book-spine 0
463.8863067153784 518.4059629987873 455.89770366080586 459.4070747445393 449.26837079855636 460.3047036714595 457.2569738531289 519.3035919257076 book-spine 0
466.0933282950457 518.6672813180351 460.94639302342273 457.62100793564576 453.8333741606295 458.2207209999193 458.9803094322524 519.2669943823086 book-spine 0
472.9107070374897 517.1662013217359 463.43608080688136 455.56622118308735 455.72317082421137 456.75253551422264 465.1977970548197 518.3525156528713 book-spine 0
477.73413749669174 516.6335140478833 470.0585045895187 454.8399410925049 464.21596399999993 455.56566699999996 471.891596907173 517.3592399553784 book-spine 0
484.3019845440032 514.6631975619144 473.7124714823937 454.58721782865956 467.1838861950041 455.73800287588824 477.7733992566135 515.8139826091431 book-spine 0
105.52579892873544 567.0093140154373 100.21517922446546 496.41934628578775 70.73386757379869 498.63728234094185 76.04448727806866 569.2272500705914 book-spine 0
245.57833516970618 463.17197552131563 235.18966261527765 394.31158828632897 223.01573789868775 396.1482163196762 233.40441045311627 465.0086035546627 book-spine 0
233.82877526798808 464.51911357488854 223.1737390973151 395.50392136018587 215.27383045549465 396.72356314661675 225.92886662616766 465.7387553613194 book-spine 0
251.58457946106614 462.046841728291 240.80714461290353 394.18302356877325 234.30947060989604 395.21491744287573 245.08690545805865 463.0787356023935 book-spine 0
257.41093634334027 462.0732387222081 248.29270098819057 393.45424725173905 240.2226641933638 394.52661064914656 249.3408995485135 463.14560211961566 book-spine 0
265.8190013454897 460.0840869083329 255.76604762375234 396.25472849494093 247.52642808467863 397.5524465978641 257.57938180641605 461.3818050112562 book-spine 0
271.1412721150441 460.3070125948359 262.6786120633699 392.41459531398016 255.5371356979921 393.30476669346194 263.9997957496663 461.19718397431774 book-spine 0
285.26793651426505 458.7434422650591 277.482819058105 390.9485495278302 268.8568456801316 391.9390993054001 276.6419631362917 459.733992042629 book-spine 0
276.4004496415832 460.1840037364502 269.9867548329699 392.373730480115 263.11444025379444 393.0237341775341 269.5281350624077 460.8340074338693 book-spine 0
292.8307089058609 458.2007248781223 283.9995472510563 390.0737158645496 275.8146076241314 391.1347124652633 284.645769278936 459.26172147883597 book-spine 0
297.84818457224105 457.63665858772686 291.03662041708657 389.21927299031444 280.29494797413906 390.28870279006344 287.10651212929355 458.7060883874759 book-spine 0
303.027660712501 456.4556258618135 298.02832396744367 389.98682130535735 290.8475671434695 390.526909572131 295.84690388852687 456.9957141285871 book-spine 0
309.3553615186966 456.25401193569485 304.82180714945434 388.8604794234053 296.8087837464221 389.3995144896119 301.34233811566435 456.7930470019014 book-spine 0
313.9096662793955 455.2357719142992 309.53374583140186 389.84449963841877 302.3257473002735 390.32685190139966 306.70166774826714 455.7181241772801 book-spine 0
325.1218893642771 454.56562273787824 320.93163587533843 393.140485374156 310.3700335017728 393.8609687640842 314.56028699071146 455.2861061278064 book-spine 0
330.6051236031882 453.57708572054463 325.48500715219376 386.7905315010196 319.7911724900475 387.2270429644958 324.9112889410419 454.01359718402085 book-spine 0
337.5403384591951 453.24541028697075 333.7802173063582 385.29192212737655 324.95844640307644 385.7800637706872 328.7185675559133 453.73355193028135 book-spine 0
389.0996647494587 447.3803090188266 387.3952156046771 380.7336204738945 381.73769511033913 380.87830817224363 383.44214425512087 447.5249967171757 book-spine 0
384.9186449458706 448.0196978233966 382.2761414859541 379.10539715070195 374.7787144089171 379.39288431661896 377.4212178688336 448.30718498931355 book-spine 0
397.87986742427086 447.89542684372685 396.72242828209573 379.1556994888849 387.32967807926656 379.31385456391604 388.4871172214416 448.053581918758 book-spine 0
423.3775309411678 376.83572838782607 414.90559267841616 376.76149759363784 414.30932915320693 444.81287477659714 422.7812674159586 444.8871055707855 book-spine 0
430.2815214575451 375.89600313200174 422.85443546246995 375.863103151214 422.5536866087287 443.75638290922376 429.98077260380387 443.7892828900115 book-spine 0
437.530148040123 375.05020644247804 429.8847016707364 374.7147751773564 426.88249544151597 443.1437175629588 434.5279418109026 443.4791488280805 book-spine 0
462.77286206874817 371.7480048785371 454.6716753839131 370.862512204548 447.3337288075719 437.99584582151175 455.43491549240696 438.8813384955008 book-spine 0
469.08594407616624 373.597335009964 461.66004089223514 372.56513449309625 452.4473229003254 438.84368284761933 459.8732260842565 439.87588336448704 book-spine 0
476.18335403917524 375.5624657802822 466.0344230238603 373.90485842347937 455.48156317425116 438.5162069364013 465.6304941895661 440.17381429320415 book-spine 0
484.9960290184092 369.7481184264051 476.38288918001604 368.3229668574105 464.9088354827126 437.6683131056177 473.5219753211058 439.0934646746123 book-spine 0
499.7515704805128 375.1781191784356 486.98103065887835 370.2038656035545 463.0625225084444 431.61051812156677 475.8330623300788 436.5847716964479 book-spine 0
478.8125671356203 436.8769729264198 478.5204239379491 429.5189806438088 475.2161172812537 429.6501754963849 475.5082604789249 437.0081677789959 book-spine 0
504.6844498691294 382.6650555197657 497.1628695225167 379.8124816110177 477.16863339284157 432.53267689055133 484.6902137394544 435.38525079929934 book-spine 0
455.34852258605906 293.12829127202974 444.932672144589 289.7996424380951 423.4355250949858 357.0674978826953 433.8513755364559 360.39614671663 book-spine 0
472.11005622413234 292.87884918717884 457.7581296460927 286.26407439890147 425.17047504478273 356.9687682332801 439.5224016228223 363.5835430215575 book-spine 0
472.83455933682 290.83937868014635 464.36945382284927 287.8540317389048 440.57025969685856 355.3378764608839 449.03536521082924 358.32322340212545 book-spine 0
485.55188064434094 290.2179114386734 470.76862614495906 285.0253514447118 446.4309522043326 354.3148788080264 461.2142067037144 359.507438801988 book-spine 0
505.38398084172275 290.83797111281916 492.0990461704587 283.5676779708911 455.47987533127286 350.4815262597414 468.764810002537 357.7518194016694 book-spine 0
445.88319366217877 291.12213700223845 430.4284948204305 287.6147886598618 414.285716788075 358.7459534617568 429.74041562982325 362.25330180413346 book-spine 0
436.7914566144847 290.1536043924441 426.26611387480324 287.70155609247877 409.837459984495 358.22105317968703 420.3628027241764 360.6731014796523 book-spine 0
381.633594824275 267.7426775498075 358.3322856122023 199.16925824303627 347.9811359553679 202.68658815443126 371.2824451674405 271.2600074612025 book-spine 0
371.20658216464096 267.76104703088697 348.6283874428657 200.31615294445493 337.60029257970234 204.00797389848623 360.1784873014776 271.45286798491827 book-spine 0
281.16562540882063 275.25395230907253 260.0818350174017 205.99914244637122 247.6955500157406 209.76999731148646 268.7793404071595 279.02480717418774 book-spine 0
270.0944869510721 276.86073529913904 246.90941496902013 207.93587375546127 237.51930338649083 211.0945367993105 260.7043753685428 280.01939834298827 book-spine 0
259.90352020656894 277.3534089223938 238.91848510788867 208.23433272024542 225.65162785098113 212.2622433996525 246.63666294966137 281.3813196018009 book-spine 0
281.4009775866901 274.9338524225548 260.5611984587462 205.93991026252283 244.82555120680374 210.6928987554124 265.66533033474764 279.6868409154444 book-spine 0
270.136048267127 276.84401553531274 246.85551413301278 207.8438329262812 237.2336563629521 211.09022996147064 260.51419049706635 280.09041257050217 book-spine 0
316.679232 272.3302479999999 295.1684371037613 204.39710903066685 284.76406044223927 207.69161912963705 306.274855338478 275.6247580989701 book-spine 0
308.0770162366977 273.19315436317606 288.3371131934397 205.7313687976969 281.75426085764855 207.6575684345339 301.4941639009066 275.11935400001306 book-spine 0
304.33268240374804 273.6866766595426 282.48475308055504 204.7731476309073 271.0909480652308 208.38537080690526 292.93887738842386 277.2988998355406 book-spine 0
281.4065181138629 275.2933845341513 260.19856770041207 206.06235978601163 245.77593826995934 210.4805293986294 266.98388868341016 279.711554146769 book-spine 0
25.91089708820207 185.75563372573635 18.537235215052345 101.47440002288938 -1.692674109067708 103.24429000345691 5.680987764082021 187.5255237063039 book-spine 0
38.70436513532047 295.7187682270943 30.636061655705063 225.06370985161345 18.152074712071716 226.4892920761941 26.220378191687125 297.1443504516749 book-spine 0
39.26127510662596 295.8453525461915 29.785419132687792 224.2338396202845 17.030833108630077 225.9215657306967 26.50668908256824 297.5330786566038 book-spine 0
628.4895920292713 275.36627486817304 619.1076171401625 272.73848359458356 600.3867791957766 339.57728972905613 609.7687540848855 342.20508100264556 book-spine 0
614.4459171983744 286.8844749378593 602.0424873849146 281.87502163924734 577.8843538860231 341.69067325151445 590.2877836994829 346.70012655012647 book-spine 0
623.9719534942438 282.85877435048803 613.5994638503587 278.538445842523 588.0632208530486 339.8473059315208 598.4357104969338 344.1676344394858 book-spine 0
480.66592250605413 595.5169021818716 476.4616040951121 536.9578176450547 464.96007606772866 537.7835833895498 469.1643944786706 596.3426679263667 book-spine 0
467.6080336042095 595.975666208686 464.1518369799536 537.9527838107684 454.93892286980395 538.5015611436263 458.39511949405994 596.5244435415439 book-spine 0
491.5199763402234 594.1085498556288 485.29431848261885 537.2823514652089 477.6775706916686 538.1168128065841 483.9032285492732 594.943011197004 book-spine 0
454.5349281850256 602.667950983457 452.5753896534553 540.0884545408348 443.2681543559546 540.3798900304855 445.22769288752494 602.9593864731077 book-spine 0
394.1124067485887 601.0456495752164 392.86051275691926 547.6159775838557 387.0639796729772 547.7517943439038 388.3158736646466 601.1814663352645 book-spine 0
387.38160004562246 602.8077595518532 387.2800311108824 547.8440228258528 381.0371711513211 547.8555591709704 381.13874008606115 602.8192958969709 book-spine 0
379.08978416833554 603.8608401167702 378.5794921692439 548.6117087200988 372.05842424989544 548.6719386042736 372.5687162489871 603.921070000945 book-spine 0
270.8299845957887 620.0303301092243 265.72514821852104 561.6817830346648 257.9242580290935 562.3642724883126 263.0290944063611 620.7128195628721 book-spine 0
224.98435108439904 623.1113749619706 220.31617745208655 567.1086489894764 207.45150049797695 568.1809993921137 212.11967413028947 624.1837253646079 book-spine 0
230.00051431147614 622.0090811310778 225.2000324724642 567.1393097808852 219.71832539079455 567.6188968949701 224.5188072298065 622.4886682451627 book-spine 0
243.88794662197859 620.4754147878895 239.11513202747426 565.9218958026902 230.89257261473392 566.641276555744 235.66538720923825 621.1947955409432 book-spine 0
236.5386392502649 621.5246171069581 230.20763306953486 566.9440286679101 222.04636840548352 567.8906842190569 228.3773745862136 622.4712726581049 book-spine 0
144.8449844898761 633.3150911529107 138.6504474991618 577.6323948513348 131.70858845928632 578.404656351998 137.90312545000063 634.0873526535739 book-spine 0
116.44352359094236 637.9375121294119 109.05081143005435 580.9072447943091 93.62459159388575 582.9069128356542 101.01730375477375 639.937180170757 book-spine 0
80.45275356001922 639.5662457126028 75.03273174534274 584.8641580492423 65.8555099183585 585.773460502313 71.27553173303498 640.4755481656736 book-spine 0