134.54678111587984 638.8635193133048 126.2961373390558 545.3562231759656 113.42575107296139 546.4918454935622 121.6763948497854 639.9991416309014 book-spine 0
72.00000000000006 373 36.00000000000004 373 36.00000000000005 505 72.00000000000006 505 book-spine 0
151.91052709286876 638.6661745164624 143.82843643880113 543.990255425956 124.74796988040751 545.6190757419164 132.83006053447514 640.2949948324228 book-spine 0
553.7831858407079 299.7477876106194 544.8185840707964 165.2787610619469 524.8407079646017 166.61061946902657 533.8053097345132 301.079646017699 book-spine 0
238.0896834701055 102.13540445486518 225.25849941383353 -3.080304806565067 197.59671746776087 0.29308323563891747 210.42790152403282 105.50879249706917 book-spine 0
173.08196721311475 638.9016393442623 164.27868852459017 542.0655737704918 142.54918032786884 544.0409836065573 151.35245901639342 640.8770491803278 book-spine 0
475.95051546391755 303.91134020618557 469.6927835051547 166.24123711340204 445.65154639175256 167.33402061855668 451.9092783505155 305.00412371134024 book-spine 0
125.58415841584159 638.8415841584159 116.29702970297029 545.9702970297029 70.75247524752474 550.5247524752474 80.03960396039604 643.3960396039604 book-spine 0
427.8076923076923 98.96153846153848 423.0542986425339 -0.8597285067873273 404.19230769230774 0.0384615384615401 408.94570135746613 99.85972850678735 book-spine 0
521.4823529411765 464.2705882352941 511.964705882353 340.54117647058825 489.86470588235295 342.24117647058824 499.38235294117646 465.97058823529414 book-spine 0
461.5520540236354 637.8418683173887 452.6186831738886 517.8794597636465 434.2101294316263 519.2503095104108 443.143500281373 639.212718064153 book-spine 0
462.87953555878096 97.84760522496373 454.8548621190132 -1.1233671988388991 439.8991291727141 0.08925979680697083 447.92380261248195 99.0602322206096 book-spine 0
369.77798933739535 476.3354912414319 357.08187357197266 346.83511043412034 330.78560548362526 349.413175932978 343.48172124904795 478.91355674028944 book-spine 0
53.66785946649317 105.53318152244631 39.73845152895251 -3.912166558230317 5.42160052049447 0.4554326610279762 19.351008458035125 109.90078074170462 book-spine 0
325.4067996849567 638.4845103701759 316.5966132843266 528.9864793909162 284.26568653189815 531.5878183250196 293.0758729325282 641.0858493042793 book-spine 0
176.2926829268293 103.6341463414634 164.52439024390245 -2.2804878048780513 141.80487804878047 0.24390243902439224 153.5731707317073 106.15853658536587 book-spine 0
358.4984615384615 309.97230769230765 350.8184615384615 171.73230769230764 324.0123076923077 173.22153846153844 331.6923076923076 311.46153846153845 book-spine 0
331.34834595456357 311.1390992427262 322.8612993224392 169.68832204065365 292.1319250697489 171.53208449581507 300.61897170187325 312.98286169788764 book-spine 0
60.61706783369803 103.73960612691468 40.748358862144414 -0.5711159737417928 18.9671772428884 3.577680525164114 38.83588621444201 107.88840262582058 book-spine 0
509.98084232932945 636.112057168922 503.9367492777862 513.719172875171 467.69180477421315 515.5090466778165 473.7358978257564 637.9019309715675 book-spine 0
572.5123287671233 625.8328767123289 568.1356164383561 507.6616438356165 556.4849315068492 508.0931506849315 560.8616438356164 626.264383561644 book-spine 0
436.85753424657537 471.6465753424657 423.0712328767124 340.6767123287671 392.7232876712329 343.87123287671227 406.5095890410959 474.8410958904109 book-spine 0
614.0926099158092 295.9401309635173 606.818521983162 163.18802619270346 583.3410664172125 164.47446211412534 590.6151543498597 297.2265668849392 book-spine 0
406.17253121452893 472.7695800227014 392.46969353007944 343.57139614074913 375.98842224744607 345.31940976163446 389.69125993189556 474.51759364358674 book-spine 0
465.6461538461539 468.8307692307693 450.2325791855204 341.66877828054294 421.9511312217195 345.0968325791855 437.36470588235295 472.25882352941187 book-spine 0
585.1587764020393 94.93736343772761 579.9541150764749 -1.34887108521486 552.978878368536 0.10924981791696808 558.1835396941004 96.39548434085944 book-spine 0
48.625783348254245 638.08236347359 39.47179946284692 552.0349149507609 13.426141450313345 554.8057296329454 22.58012533572068 640.8531781557745 book-spine 0
569.7721335268506 298.8563134978229 558.7605224963716 163.04644412191584 542.4354136429608 164.37010159651675 553.4470246734398 300.1799709724238 book-spine 0
381.039175257732 638.8618556701032 375.8494845360825 524.6886597938144 346.5917525773196 526.0185567010309 351.78144329896907 640.1917525773197 book-spine 0
584.8452830188679 612.4415094339623 580.2377358490567 506.46792452830186 565.8735849056604 507.09245283018856 570.4811320754717 613.0660377358491 book-spine 0
558.1104580812446 95.79827139152982 554.3004321521175 -0.722385479688846 530.7713050993949 0.20639585133967486 534.581331028522 96.72705272255837 book-spine 0
19.000000000000007 3.0000000000000018 4.898587196589414e-16 3.0000000000000004 6.8580220752251786e-15 107 19.000000000000014 107 book-spine 0
511.75840474620964 96.90408701384312 506.42089650626235 -0.9502307185234002 488.9456163480554 0.002966381015163222 494.28312458800264 97.8572841133817 book-spine 0
79.99999999999999 638.9999999999999 72.88076311605722 550.0095389507154 40.368839427662955 552.6104928457869 47.488076311605724 641.6009538950714 book-spine 0
47.90276356192425 502.49641760491295 30.55168884339816 368.02558853633565 6.881269191402254 371.07983623336736 24.232343909928346 505.55066530194466 book-spine 0
591.3512953367875 297.9450777202072 582.6922279792745 163.72953367875647 559.498445595855 165.22590673575132 568.1575129533679 299.441450777202 book-spine 0
112.01763789342473 321.8632595824244 97.43041445933312 180.47940168276722 69.78815830476783 183.3313804923652 84.37538173885946 324.71523839202246 book-spine 0
355.4814688881333 638.3998639918395 345.10404624277453 526.3236994219653 316.42400544032637 528.9792587555253 326.80142808568513 641.0554233253995 book-spine 0
265.2343639128231 101.90025342118601 256.8378104409528 -2.007095793208311 227.09265078560566 0.3965534718702486 235.48920425747588 104.30390268626456 book-spine 0
227.08325709057644 315.87374199451057 218.3568161024703 171.88746569075943 196.9807868252516 173.18298261665146 205.70722781335775 317.1692589204026 book-spine 0
563.1888982338098 629.8862910008411 556.9039529015979 508.9010933557612 549.9616484440706 509.26173254836 556.2465937762826 630.2469301934399 book-spine 0
249.3942701227831 314.8226466575716 238.93860845839018 173.6712141882674 215.6589358799454 175.3956343792633 226.11459754433832 316.5470668485675 book-spine 0
191.86223662884927 490.7260940032415 180.3484602917342 356.39870340356566 142.7957860615883 359.6175040518639 154.30956239870338 493.9448946515397 book-spine 0
186.21649910480653 318.0670706514254 176.19887067896985 176.15066795207272 148.31428177936922 178.11899187439747 158.3319102052059 320.0353945737502 book-spine 0
447.1519337016575 98.88674033149171 441.8922651933702 -1.0469613259668478 421.31767955801104 0.03591160220994638 426.5773480662984 99.9696132596685 book-spine 0
23.00000000000005 374 4.5863022628068376e-14 374 5.388445916248354e-14 505 23.000000000000064 505 book-spine 0
506.06953339432766 302.1473010064044 497.8353156450138 166.28270814272645 468.00548947849956 168.09057639524246 476.23970722781337 303.9551692589204 book-spine 0
533.8727480697742 300.87303402916785 524.5481841578496 163.33571632828136 497.3511581355448 165.17958249928506 506.67572204746926 302.71690020017155 book-spine 0
275.19375672766415 313.7771797631862 265.3379978471475 172.51130247578038 238.67707212055973 174.37136706135624 248.53283100107637 315.63724434876207 book-spine 0
534.4689984101749 632.3624801271859 524.751987281399 510.89984101748814 492.6772655007948 513.4658187599364 502.39427662957064 634.9284578696343 book-spine 0
155.3624730925616 492.88722793590057 142.24025352786418 360.2070078928486 108.68930877780437 363.5252331977996 121.81152834250182 496.2054532408515 book-spine 0
159.00000000000003 180 121.00000000000003 180 121.00000000000003 321 159.00000000000006 321 book-spine 0
367.71311475409834 99.84426229508196 358.41803278688525 -2.401639344262289 330.8278688524591 0.10655737704917811 340.12295081967216 102.35245901639342 book-spine 0
639 7.66628896266243e-14 610 7.488715176786064e-14 610 95.00000000000009 639 95.00000000000009 book-spine 0
288.4527106313072 483.40436517249475 276.5414222013612 354.3654071814128 244.24735977470075 357.34639755925843 256.1586482046468 486.3853555503403 book-spine 0
639 344.0000000000001 611 344.0000000000001 611 389.0000000000001 639 389.0000000000001 book-spine 0
154.49411764705886 103.57647058823531 141.4769230769231 -3.815384615384618 104.89321266968327 0.6190045248868792 117.91040723981902 108.0108597285068 book-spine 0
302.0572987721692 312.7735334242838 291.57435197817193 171.2537517053206 265.3847203274216 173.193724420191 275.86766712141883 314.7135061391542 book-spine 0
283.70814479638005 101.8710407239819 278.8122171945701 -0.9434389140271477 257.4321266968326 0.07466063348416441 262.32805429864254 102.8891402714932 book-spine 0
426.7447392497713 638.2881976212261 419.5974382433669 520.3577310155537 401.451967063129 521.4574565416286 408.5992680695334 639.3879231473011 book-spine 0
409.65302510784215 636.5093463112488 404.84382258599715 522.2907864174317 373.8146222762969 523.5972790620506 378.62382479814187 637.8158389558677 book-spine 0
256.01261226829735 485.4154404739155 243.21115994649344 353.7433594496465 213.20313395757694 356.6608064207912 226.00458627938085 488.33288744506024 book-spine 0
118.35978784956608 103.79527483124397 104.51108968177437 -3.7984570877531354 70.57820636451302 0.5691417550626809 84.42690453230472 108.16287367405978 book-spine 0
582.4477466504264 459.8852618757612 576.7196102314252 337.685018270402 557.9015834348356 338.5671132764921 563.6297198538368 460.76735688185136 book-spine 0
390.30910374029634 473.8764996471418 377.9643613267466 343.0222300635145 356.9064925899788 345.00882145377557 369.25123500352856 475.8630910374029 book-spine 0
599.2117647058824 458.75294117647064 589.8235294117648 336.7058823529412 573.3823529411765 337.97058823529414 582.7705882352941 460.01764705882357 book-spine 0
536.8632124352332 95.87979274611396 530.579274611399 -1.521243523316059 503.6269430051814 0.2176165803108816 509.9108808290156 97.61865284974091 book-spine 0
194.7460567823344 638.5504731861198 182.94479495268138 540.2066246056783 161.45425867507885 542.7854889589906 173.25552050473186 641.1293375394323 book-spine 0
615 337.0000000000001 589 337.0000000000001 589 458.0000000000001 615 458.0000000000001 book-spine 0
342.8764705882354 478.3941176470588 332.80000000000007 347.40000000000003 305.5 349.5 315.5764705882353 480.49411764705883 book-spine 0
560.2739778372182 636.7432174245318 550.2701566679405 509.19449751623995 523.0064959877722 511.3328238440963 533.0103171570499 638.8815437523882 book-spine 0
27.188493565480698 638.5571536714609 15.613928841786532 555.2202876608629 -6.705526116578341 558.3202119606358 4.869038607115826 641.6570779712338 book-spine 0
542.9670012547052 464.2947302383941 533.2355081555835 340.5657465495609 511.22559598494365 342.29686323713935 520.9570890840653 466.0258469259725 book-spine 0
83.58835312634139 104.48333094863357 70.58506224066389 -3.4439834024896276 40.325511518099866 0.2017456002289313 53.32880240377736 108.12905995135213 book-spine 0
483.3233421750664 467.389124668435 468.653050397878 339.5480106100796 449.7220159151194 341.720424403183 464.3923076923078 469.5615384615385 book-spine 0
310.1639344262295 100.80327868852459 300.89344262295083 -1.1721311475409841 273.2131147540984 1.3442622950819647 282.48360655737713 103.31967213114754 book-spine 0
428.0655737704919 305.72131147540983 415.72131147540983 169.9344262295082 388.9426229508197 172.3688524590164 401.2868852459018 308.155737704918 book-spine 0
474.00186451211937 625.0248601615909 465.92479801118714 517.330640149161 450.58607830950905 518.481044126787 458.6631448104413 626.1752641392169 book-spine 0
210.25609756097563 103.3048780487805 198.3658536585366 -3.707317073170735 163.35365853658539 0.1829268292682933 175.2439024390244 107.19512195121952 book-spine 0
125.55898745935903 495.81490942870414 107.38968880631677 364.59219693451007 73.53111936832327 369.2803065490014 91.70041802136555 500.50301904319554 book-spine 0
207.72899185973705 316.4850344395741 195.0371947401378 175.28879148403257 173.52561051972452 177.2224170319349 186.21740763932377 318.4186599874765 book-spine 0
60.40445859872611 323.82484076433116 46.36580276740611 175.63902921150887 28.734570612782782 177.30935646826265 42.773226444102775 325.49516802108496 book-spine 0
257.59836065573774 638.5819672131147 248.15573770491807 534.7131147540983 220.56557377049182 537.2213114754098 230.00819672131146 641.0901639344262 book-spine 0
225.30055817947618 487.88535852297116 210.2468870759983 343.37011592958345 178.075139544869 346.7213396307428 193.12881064834693 491.2365822241305 book-spine 0
442.2861685214626 638.3418124006358 435.93799682034967 519.8426073131956 418.6305246422893 520.7697933227345 424.97869634340213 639.2689984101747 book-spine 0
604.3820239859857 610.5708125589543 598.2945694650316 505.86659479854455 578.072227462606 507.04231235682516 584.1596819835601 611.7465301172349 book-spine 0
379.98769230769227 308.7784615384615 372.32615384615383 170.8707692307692 349.8953846153846 172.11692307692306 357.55692307692306 310.02461538461534 book-spine 0
339.9258426966293 100.72134831460676 330.13258426966297 -2.107865168539327 300.96853932584276 0.6696629213483121 310.76179775280906 103.49887640449441 book-spine 0
631.9010309278351 295.82268041237114 625.7443298969073 160.37525773195878 607.101030927835 161.22268041237112 613.2577319587629 296.6701030927835 book-spine 0
502.270492781291 466.7614843097483 488.5680706359623 342.0694427872569 467.9597900011931 344.3340890108579 481.6622121465218 469.0261305333493 book-spine 0
497.70119003346963 96.74098177761249 488.2658981033841 -1.6556340647080674 467.8237262923018 0.3045741911491291 477.2590182223874 98.70119003346969 book-spine 0
613.3843416370107 94.62989323843416 607.805107808248 -1.611890307724508 579.797781034122 0.011722838601642138 585.3770148628847 96.2535063847603 book-spine 0
21.14117647058823 325.835294117647 9.788235294117658 178.24705882352944 -8.870588235294106 179.68235294117648 2.482352941176469 327.2705882352941 book-spine 0
392.551724137931 99.62068965517244 384.0827586206896 -2.0068965517241395 358.42758620689654 0.13103448275862561 366.89655172413785 101.75862068965517 book-spine 0
566.8966613672495 461.20826709062 557.0524642289347 338.1558028616852 533.0063593004769 340.0794912559618 542.8505564387917 463.1319554848966 book-spine 0
400.4232365145228 307.9128630705394 391.91244813278 168.90331950207468 371.6211618257261 170.14564315352698 380.13195020746883 309.1551867219917 book-spine 0
42.09655172413793 325.1586206896552 30.206896551724128 182.48275862068968 9.103448275862059 184.24137931034488 20.99310344827586 326.9172413793104 book-spine 0
451.0573248407643 305.60509554140134 446.2076433121019 169.81401273885348 417.6369426751592 170.83439490445858 422.48662420382163 306.62547770700644 book-spine 0
294.19058823529406 638.9223529411765 287.2178823529411 532.0075294117647 248.7077647058823 534.5190588235295 255.68047058823527 641.4338823529413 book-spine 0
477.3509117792016 97.89551503203552 472.9664859536718 -0.7540660423854142 454.7801872843766 0.05421389847215252 459.16461310990644 98.70379497289306 book-spine 0
131.7254372019078 320.758505564388 119.01526232114466 177.31510333863275 98.4174880763116 179.1402225755167 111.1276629570747 322.58362480127187 book-spine 0
317.46584255042296 480.5419648666233 303.9798308392974 349.053350683149 275.96681847755366 351.9264801561483 289.45283018867923 483.41509433962256 book-spine 0