215.20041580041578 638.910187110187 211.627027027027 551.362162162162 181.55467775467775 552.5896049896049 185.12806652806654 640.13762993763 book-spine 0
401.4423580786027 546.4676855895198 385.14628820960706 543.3471615720525 367.0480349344979 637.8602620087338 383.34410480349345 640.980786026201 book-spine 0
180.25888324873097 338.62436548223354 170.47715736040607 201.68020304568526 149.72588832487307 203.16243654822335 159.50761421319794 340.1065989847716 book-spine 0
507.0635155096012 136.65140324963073 502.7237813884785 23.818316100443127 476.4165435745938 24.8301329394387 480.7562776957164 137.6632200886263 book-spine 0
589 193.00000000000006 575 193.00000000000006 575 330.0000000000001 589 330.0000000000001 book-spine 0
57.15574174470183 342.50418925579095 50.926071956628874 202.33661902414983 28.81419418432725 203.31936914736326 35.0438639724002 343.4869393790044 book-spine 0
397 199.00000000000006 372 199.00000000000006 372 335 397 335 book-spine 0
632.1148587055607 135.83318140382863 627.5845031905196 24.084412032816775 597.8091157702825 25.291522333637197 602.3394712853235 137.04029170464904 book-spine 0
536 367.0000000000001 509 367.0000000000001 509.00000000000006 490.0000000000001 536 490.0000000000001 book-spine 0
639 196.00000000000006 632 196.00000000000006 632 327.0000000000001 639 327.0000000000001 book-spine 0
418.24019024970266 333.8478002378122 414.94946492271106 198.9280618311534 392.6700356718193 199.47146254458977 395.96076099881094 334.3912009512486 book-spine 0
638 537 610 537 610 639 638 639 book-spine 0
614.0266370699222 198.20088790233083 590.0865704772475 197.402885682575 585.7069922308547 328.7902330743618 609.6470588235294 329.5882352941177 book-spine 0
358.8689655172414 638.4275862068965 351.0206896551724 544.248275862069 305.751724137931 548.0206896551725 313.59999999999997 642.2 book-spine 0
97.38421485338449 339.72184160043855 81.15894765689228 200.64812277336256 59.503699643738 203.1745683748972 75.7289668402302 342.2482872019732 book-spine 0
235.19519378018612 337.3915655554247 227.7037342443162 199.5487100954176 198.14972317116263 201.15490634939331 205.6411827070326 338.99776180940034 book-spine 0
205.63213797455052 374.1682616468609 187.08697023872128 372.2563886844043 173.8163844778631 500.98107056472827 192.3615522136924 502.89294352718485 book-spine 0
207.00648942851163 338.3619426418255 198.9562486916475 199.49528993091894 170.83336822273395 201.12560184216034 178.8836089595981 339.99225455306686 book-spine 0
452.2786307576138 492.7596274855274 445.3122325698464 368.7577397432671 420.2116788321167 370.1678832116789 427.1780770198842 494.16977095393923 book-spine 0
598.5657534246576 489.2753424657534 593.9794520547946 365.44520547945206 562.0972602739727 366.62602739726026 566.6835616438357 490.4561643835616 book-spine 0
589.0349127182045 638.6982543640897 584 538 573.077306733167 538.5461346633416 578.1122194513715 639.2443890274313 book-spine 0
380.7207491192287 136.70183571296127 367.70832560726876 17.96347116632672 338.52456888559243 21.16169108103096 351.53699239755247 139.9000556276655 book-spine 0
197.9054704595186 135.89628008752732 155.98687089715537 -12.431072210065643 108.5374179431072 0.9785557986870899 150.45601750547044 149.30590809628006 book-spine 0
565.3271916790491 492.977117384844 563.1473997028232 366.5491827637444 533.1907875185736 367.06567607726595 535.3705794947995 493.49361069836556 book-spine 0
300.8103448275862 335.77586206896547 292.8724137931035 200.83103448275858 281.91034482758624 201.47586206896548 289.848275862069 336.4206896551724 book-spine 0
260.6908256880734 336.7972477064221 256.6577981651376 203.70733944954128 229.98532110091742 204.51559633027523 234.01834862385323 337.605504587156 book-spine 0
546.9883575883576 638.714760914761 542.908523908524 538.7588357588359 515.0365904365904 539.8964656964657 519.116424116424 639.8523908523908 book-spine 0
329.92036753445626 334.8652373660031 320.41592649310866 199.42695252679943 289.28851454823894 201.61133231240433 298.79295558958654 337.049617151608 book-spine 0
140.016558514209 133.9610651152383 82.36383978518685 -9.017677332736636 56.04609532333852 1.5943164018796239 113.6988140523607 144.57305884985456 book-spine 0
628.2503542749173 487.5162966461975 625.5526688710439 363.4227680680208 593.7416154936232 364.11431270666037 596.4393008974965 488.20784128483706 book-spine 0
575.6680412371135 136.69690721649485 570.6680412371135 26.696907216494843 535.0597938144331 28.315463917525776 540.0597938144331 138.3154639175258 book-spine 0
407 368 374 368 374.00000000000006 495 407.0000000000001 495 book-spine 0
73.84771573604061 339.8680203045685 64.22335025380711 205.1269035532995 47.59390862944162 206.31472081218277 57.218274111675115 341.05583756345186 book-spine 0
271.0413793103449 373.29655172413794 239.79655172413794 371.45862068965516 232.27241379310345 499.36896551724135 263.5172413793104 501.2068965517241 book-spine 0
284.6528662420382 136.21974522292993 241.59554140127386 -10.175159235668794 204.78025477707004 0.6528662420382148 247.83757961783436 147.04777070063693 book-spine 0
172.80000000000007 387.40000000000003 132.8 367.40000000000003 68.00000000000003 497 108.00000000000006 517 book-spine 0
353.4902723735408 334.84435797665367 344.9688715953307 198.50194552529183 321.5603112840467 199.96498054474705 330.08171206225677 336.307392996109 book-spine 0
285.00000000000006 371 265 371 265.00000000000006 499 285.0000000000001 499 book-spine 0
639 24.000000000000078 628 24.000000000000078 628 135.00000000000006 639 135.00000000000006 book-spine 0
583 639 577.7191862352558 537.6083757169138 541.1205497240559 539.514554701872 546.4013634887999 640.9061789849584 book-spine 0
275.05853658536586 637.8731707317072 272.27609756097564 548.8351219512194 211.49170731707318 550.7346341463415 214.2741463414634 639.7726829268292 book-spine 0
519 541 504.0000000000001 541 504.0000000000001 639 519 639 book-spine 0
375.71351351351353 334.4810810810811 370.212474012474 199.70561330561333 345.8041580041579 200.7018711018711 351.3051975051975 335.4773388773389 book-spine 0
540 199.00000000000006 516 199.00000000000006 516 331.0000000000001 540 331.0000000000001 book-spine 0
517 198.00000000000006 493 198.00000000000006 493 333.0000000000001 517 333.0000000000001 book-spine 0
482.4500143499473 136.55735195637612 474.56471826269967 21.65732325648139 445.29082560030616 23.666315890175063 453.17612168755386 138.5663445900698 book-spine 0
159.6639899623588 338.95784190715176 150.71844416562107 198.06549560853196 131.88958594730235 199.26097867001255 140.83513174404013 340.1533249686323 book-spine 0
403.280487804878 136.52439024390245 390.7317073170732 23.58536585365853 368.890243902439 26.012195121951216 381.43902439024384 138.95121951219514 book-spine 0
469.0463753966317 332.9680253844276 466.9677813033927 199.93800341713452 445.91042226019044 200.26702465218455 447.98901635342935 333.29704661947767 book-spine 0
303.0000000000001 549 272.0000000000001 549 272.0000000000001 639 303.0000000000001 639 book-spine 0
600.6286085825749 537.0262678803641 584.0361508452537 536.7586475942784 582.3872561768532 638.9901170351105 598.9797139141743 639.2577373211963 book-spine 0
455.24038155802856 136.71287758346583 445.1599364069952 22.947853736089037 417.8050874403816 25.371701112877588 427.885532591415 139.13672496025438 book-spine 0
239.41176470588235 135.64705882352942 202.88235294117644 -10.470588235294116 160.76470588235293 0.05882352941176805 197.29411764705884 146.1764705882353 book-spine 0
303.00884596656397 372.0180977114106 284.12749553643897 371.8479954552833 282.9738678785912 499.9006654763837 301.8552183087162 500.070767732511 book-spine 0
332 368 303 368 303.00000000000006 498 332 498 book-spine 0
144.14815450643778 338.8942489270386 131.1587982832618 197.86695278969955 105.33836909871243 200.24515021459226 118.32772532188841 341.2724463519313 book-spine 0
118.6950103950104 339.4222453222453 104.7735966735967 202.1968814968815 82.28045738045738 204.47879417879417 96.20187110187109 341.704158004158 book-spine 0
539.5745856353592 135.91712707182322 533.6629834254144 23.59668508287292 502.38121546961327 25.243093922651934 508.2928176795581 137.56353591160223 book-spine 0
602.053253328333 135.94374648415524 598.9810613163322 23.80873804612788 571.5769735608476 24.55953497093568 574.6491655728482 136.69454340896303 book-spine 0
610 537 599 537 599 639 610 639 book-spine 0
426.19488817891374 493.87220447284335 421.0958466453674 366.3961661341852 401.8865814696485 367.16453674121396 406.9856230031948 494.6405750798721 book-spine 0
446.35177182368193 638.9602420051858 443.523768366465 542.8081244598097 413.314606741573 543.696629213483 416.14261019878995 639.8487467588591 book-spine 0
576 198.00000000000006 556 198.00000000000006 556 330.0000000000001 576 330.0000000000001 book-spine 0
161.01855670103095 638.4082474226805 157.17113402061855 553.7649484536083 127.0061855670103 555.1360824742268 130.8536082474227 639.7793814432989 book-spine 0
448.62146341463415 332.88682926829273 444.38243902439024 197.23804878048782 414.0370731707317 198.18634146341464 418.2760975609756 333.83512195121955 book-spine 0
351.3580698835274 136.84126455906824 334.86006655574045 -4.308319467554078 289.28785357737104 1.0183028286189781 305.785856905158 142.16788685524128 book-spine 0
633 197.00000000000006 609 197.00000000000006 609 329.0000000000001 633 329.0000000000001 book-spine 0
482.3427584718325 492.1025253615368 476.76429958989854 365.65745737103384 446.19145262249083 367.0062594431254 451.7699115044247 493.4513274336283 book-spine 0
539 541 458.0000000000001 541 458.0000000000001 640 539 640 book-spine 0
222.7347731133221 373.9949041494783 203.43072069885955 372.48677505459847 193.4003882552779 500.8750303324436 212.70444066974045 502.3831594273235 book-spine 0
309.3111760409057 131.40759678597516 261.8108108108108 -7.13513513513513 235.96347699050395 1.7268078889700575 283.4638422205989 140.26953981008035 book-spine 0
373.00000000000006 371 335 371 335.00000000000006 497 373.0000000000001 497 book-spine 0
149.10549237841758 137.3259133801113 109.95160900072584 -5.47060246794096 88.37986934430197 0.4442293733365581 127.53375272199372 143.24074522138883 book-spine 0
461 639.0000000000001 457.78829915560914 541.5784077201448 442.1130277442702 542.0951749095296 445.32472858866106 639.516767189385 book-spine 0
511.02578249336875 490.8752254641911 505.91639257294435 366.9725198938993 477.8918832891246 368.1281697612733 483.001273209549 492.0308753315651 book-spine 0
428.8414634146342 136.5731707317073 415.6341463414634 17.707317073170735 389.9512195121951 20.560975609756106 403.1585365853659 139.4268292682927 book-spine 0
495.4137120470127 331.92830558276205 491.4202742409402 197.48256611165527 465.8289911851126 198.2427032321254 469.8224289911851 332.6884427032322 book-spine 0
394.0000000000001 546 358.2556922271657 540.1402774142895 342.571316409317 635.8149699031668 378.31562418215134 641.6746924888773 book-spine 0
290.9265319941316 336.4188014896738 283.6536508294775 199.6886355941767 254.99006884098858 201.21329421058567 262.26295000564267 337.94346010608274 book-spine 0
310.8559201141227 137.45078459343796 283.94436519258204 -2.4893009985734693 261.5791726105563 1.8116975748930173 288.49072753209697 141.75178316690443 book-spine 0
187.00000000000006 553 158.00000000000006 553 158.00000000000006 639 187.00000000000006 639 book-spine 0
639 363.0000000000001 626 363.0000000000001 626 486.0000000000001 639 486.0000000000001 book-spine 0
557 194.00000000000006 540 194.00000000000006 540 331.0000000000001 557 331.0000000000001 book-spine 0
507.1986681465039 638.9600443951166 503.91675915649284 540.5027746947836 481.8412874583796 541.2386237513873 485.1231964483907 639.6958934517203 book-spine 0
242.3115879828327 374.46866952789696 216.65836909871248 372.20515021459227 205.36909871244637 500.15021459227466 231.02231759656655 502.4137339055794 book-spine 0
215.79484173505278 397.3177022274326 173.78546307151237 364.4407971864009 86.48651817116064 475.98944900351705 128.49589683470106 508.8663540445487 book-spine 0