256.10861394446425 310.67010887224995 238.02327421371126 307.7272606668478 210.74854280971715 475.34473499011574 228.83388254047014 478.28758319551787 book-spine 0
609.4789783889981 229.5724950884087 589.5131630648332 27.062082514734776 531.8622789783892 32.7459724950884 551.8280943025542 235.2563850687623 book-spine 0
464.20000000000005 159.40000000000006 459.1 157.70000000000005 457.8 161.60000000000002 462.9000000000001 163.30000000000007 book-spine 0
261.7587705681466 521.44768705371 231.55231294629002 513.7587705681465 200.0533995653524 637.5045017075443 230.259857187209 645.1934181931076 book-spine 0
71.00804308797137 520.0509156193896 64.00854578096954 519.9915978456014 63.00021543985642 638.974578096948 69.99971274685825 639.0338958707362 book-spine 0
399.2775385125062 328.53213516647344 376.49329136988575 323.20871293688924 342.703743581249 467.8279774722545 365.4879907238695 473.1513997018387 book-spine 0
506.7181303116148 522.3385269121814 490.4291784702549 516.4745042492917 446.97167138810187 637.1898016997167 463.26062322946177 643.0538243626063 book-spine 0
646.4556213017752 367.1065088757398 633.3905325443786 361.6627218934912 586.0828402366863 475.2011834319527 599.1479289940828 480.6449704142012 book-spine 0
643.3894287239721 525.0089695675388 625.6369460758142 517.4292578750668 574.2344901227976 637.8192205018687 591.9869727709556 645.3989321943407 book-spine 0
106 40.00000000000001 36 40 36.000000000000014 243 106.00000000000001 243 book-spine 0
412.0405651777577 521.1672743846857 390.9147675478579 515.0642661804924 355.25660893345497 638.4963536918871 376.3824065633548 644.5993618960804 book-spine 0
644.579185520362 298.7782805429865 590.9230769230769 279.6153846153847 523.5475113122172 468.26696832579194 577.2036199095023 487.4298642533937 book-spine 0
238.36894779550994 313.2799567216662 216.7108466324047 309.96754124966185 191.25236678387887 476.42683256694613 212.9104679469841 479.7392480389505 book-spine 0
226.44943820224728 522.7191011235956 199.50000000000006 516.5000000000001 171.82584269662925 636.4213483146068 198.77528089887647 642.6404494382023 book-spine 0
484 107.00000000000006 455 107.00000000000006 455 235.00000000000006 484 235.00000000000006 book-spine 0
29.000000000000043 338 4.1576758831052646e-14 338 5.088407450457253e-14 490 29.00000000000005 490 book-spine 0
215.48670427074944 314.74133763094284 185.11200644641423 311.26994359387595 166.22078968573734 476.5680902497986 196.5954875100726 480.0394842868655 book-spine 0
65.3101717305152 638.9849405548217 63.93976221928666 519.7593130779393 40.42562747688243 520.0295904887715 41.79603698811096 639.255217965654 book-spine 0
79.00000000000001 107 58.000000000000014 107 58.00000000000003 243 79.00000000000003 243 book-spine 0
413.17647058823536 330.29411764705884 394.5882352941177 325.64705882352945 358.764705882353 468.9411764705883 377.3529411764706 473.58823529411774 book-spine 0
314.7108610373659 317.19301026270955 285.103221460554 309.69497166858184 243.8346475413084 472.6529302215002 273.4422871181203 480.1509688156279 book-spine 0
315.07307932542165 236.92317301686447 311.161773891318 80.47095565271707 282.1299188007495 81.19675202998127 286.0412242348532 237.64896939412867 book-spine 0
463.9411764705883 315.2352941176472 439.23529411764713 309.0588235294118 398.0588235294118 473.764705882353 422.764705882353 479.9411764705883 book-spine 0
98.95568685376662 241.84785819793206 93.67651403249631 104.58936484490397 79.12112259970458 105.14918759231904 84.4002954209749 242.40768094534712 book-spine 0
10.00000000000007 520 6.368163355566237e-14 520 7.096828201058912e-14 639 10.000000000000075 639 book-spine 0
558.8298446995274 568.1222147197839 540.0418636056719 559.5334233625929 504.4550979068197 637.3794733288319 523.2430790006752 645.9682646860231 book-spine 0
170.0451712253428 240.06475031165212 162.6216909877539 65.08271613991346 136.98903717826502 66.1701620591039 144.41251741585393 241.15219623084258 book-spine 0
97.80273972602741 241.67397260273972 92.63287671232877 102.0876712328767 57.05205479452054 103.40547945205479 62.221917808219175 242.9917808219178 book-spine 0
577.3679408813065 526.7283094608157 543.5922817261198 511.0848462731503 487.90283733236015 631.3234193960404 521.6784964875468 646.9668825837059 book-spine 0
359.9976757699013 522.0993608367229 336.0348634514818 515.5095874491575 302.7024985473562 636.7181871005231 326.6653108657757 643.3079604880885 book-spine 0
76 37.00000000000001 26.000000000000007 37 26.000000000000018 243 76.00000000000001 243 book-spine 0
639 434.0000000000001 619 434.0000000000001 619 476.0000000000001 639 476.0000000000001 book-spine 0
331.35692017005204 522.6666036844592 308.0963627775153 516.0878601794993 273.45677846008505 638.5635333018422 296.71733585262166 645.1422768068021 book-spine 0
618.1403881946292 541.205530444031 600.8534964105291 533.4881680404148 554.6224408402021 637.0457325179475 571.9093326243021 644.7630949215636 book-spine 0
488.0700451904455 520.6639767591996 469.38831504196276 514.6717236927051 429.64848289218867 638.566494512589 448.33021304067154 644.5587475790835 book-spine 0
100.00000000000007 520 69.00000000000007 520 69.00000000000009 639 100.00000000000009 639 book-spine 0
225.00110578695168 239.01916697382975 214.92959823074085 64.4463693328419 185.08661997788425 66.16807961666053 195.1581275340951 240.7408772576484 book-spine 0
195.36204907314823 239.47665564187372 185.6559495423429 65.84531959080071 160.6781016844858 67.24159680024614 170.38420121529114 240.87293285131915 book-spine 0
283.11199999999997 314.384 256.36 309.52000000000004 226.168 475.576 252.91999999999996 480.43999999999994 book-spine 0
144.26903235891825 241.2801313115523 136.71939971861812 70.65843364076912 106.89284039393468 71.97819290292325 114.44247303423481 242.59989057370643 book-spine 0
639 87.00000000000009 625 87.00000000000009 625 230.00000000000006 639 230.00000000000006 book-spine 0
343.550499445061 236.5149833518313 337.219755826859 46.59267480577137 308.85127635960043 47.53829078801332 315.18201997780244 237.46059933407327 book-spine 0
177.70774134091087 290.0048767375777 144.94762307042475 287.7666077874203 131.656977190692 482.29333384532674 164.41709546117812 484.5316027954841 book-spine 0
30.447972088966416 638.9832533798517 25.99023113824685 519.7386829481029 14.632272132577427 520.1632795464458 19.090013083296995 639.4078499781946 book-spine 0
566.1858384673811 319.939910540974 548.6906911975694 312.41699721495496 479.69980589079256 472.86091653304084 497.19495316060426 480.3838298590598 book-spine 0
546.6038039110636 318.16287168497195 527.5172783284223 310.7961425127245 465.4717385480848 471.55049557996256 484.558264130726 478.9172247522101 book-spine 0
20.462402765773547 638.7216940363007 16.9636992221262 519.7657735522903 6.5021607605877385 520.0734658599827 10.00086430423509 639.0293863439931 book-spine 0
423.4252228458237 234.6936282601519 416.6315615714758 47.8679432155827 382.2043578738858 49.119841531858704 388.99801914823377 235.9455265764279 book-spine 0
116.30521671424864 241.30781209447184 110.01323643913832 111.27355307552557 91.81391123799635 112.15416558525826 98.10589151310667 242.18842460420456 book-spine 0
385.3336585365854 235.67707317073172 379.83024390243907 59.56780487804877 353.54341463414636 60.389268292682914 359.04682926829264 236.49853658536585 book-spine 0
145.23446234791192 305.5261427162118 109.51430450509703 302.92831305491615 96.81979611969749 477.47780335415985 132.53995396251236 480.0756330154554 book-spine 0
603.7455621301776 525.810650887574 577.0473372781065 514.6863905325445 526.4556213017752 636.1065088757397 553.1538461538463 647.2307692307693 book-spine 0
284.2365145228216 522.8630705394191 263.7593360995851 517.4024896265561 231.57676348547724 638.0871369294606 252.0539419087137 643.5477178423237 book-spine 0
304.21761658031096 523.3730569948186 282.9533678756477 517.7772020725389 251.30829015544043 638.0284974093264 272.5725388601037 643.6243523316061 book-spine 0
109.43811764705892 300.6155294117648 77.29223529411767 298.51905882352946 65.54070588235294 478.7091764705882 97.68658823529418 480.8056470588235 book-spine 0
75.88721311475416 301.199344262295 31.977049180327917 298.9475409836065 22.749508196721354 478.8845901639343 66.6596721311476 481.1363934426229 book-spine 0
43.66301369863015 638.9013698630137 39.24246575342465 519.5465753424658 25.07671232876712 520.0712328767123 29.49726027397261 639.4260273972602 book-spine 0
521.039302890831 232.36577545637897 516.3057868335316 67.8760924652221 473.96674768578373 69.09448208098463 478.70026374308316 233.5841650721415 book-spine 0
376.4573234984195 331.0400421496313 361.6628029504742 327.5879873551106 328.61749209694415 469.2107481559537 343.41201264488944 472.6628029504742 book-spine 0
345.4432296047099 521.4373423044576 333.9251471825064 517.9470142977292 297.4743481917578 638.2346509671994 308.99243061396135 641.7249789739277 book-spine 0
599.0890410958905 317.40410958904124 585.6780821917808 311.3082191780823 511.8424657534247 473.7465753424658 525.2534246575343 479.84246575342473 book-spine 0
488.8422632794458 306.3651270207853 473.07043879907616 301.6085450346421 420.9367205542725 474.4729792147806 436.70854503464204 479.22956120092385 book-spine 0
440.8370786516855 299.0393258426967 416.1516853932585 293.34269662921355 374.1348314606742 475.4157303370787 398.8202247191012 481.1123595505619 book-spine 0
371.1929731168485 520.3593292520629 359.4620708011712 516.8259249401118 323.0234229438382 637.8022358264574 334.75432525951555 641.3356401384084 book-spine 0
322.05699658703065 325.6344709897611 305.97610921501706 322.29692832764505 274.2788395904437 475.0201365187713 290.35972696245733 478.3576791808873 book-spine 0
286 52.00000000000003 241 52.00000000000003 241 239.00000000000006 286 239.00000000000006 book-spine 0
654.3390135605423 326.0226809072364 637.5557422296893 318.3387735509421 567.4839793591744 471.3902556102245 584.2672506900276 479.07416296651877 book-spine 0
523.8740043446777 523.1144098479363 508.63468501086174 517.2052860246199 462.0083272990588 637.4522085445329 477.24764663287476 643.3613323678494 book-spine 0
148.28661749209698 520.0463645943098 129.5721812434142 519.3719704952582 125.26481316365411 638.9014347086003 143.9792494123369 639.5758288076519 book-spine 0
46.37342908438061 242.93536804308792 36.54274271509459 34.033282695760256 2.465267228283374 35.636928601021964 12.295953597569401 244.53901394834963 book-spine 0
71.00840215439867 520.0085457809695 64.00890484739683 519.9492280071813 63.00050269299825 638.9406822262118 70.00000000000009 639 book-spine 0
361.1923076923077 316.03846153846155 323.6923076923077 308.53846153846155 290.7692307692308 473.1538461538462 328.26923076923083 480.6538461538462 book-spine 0
465.96891191709847 521.518134715026 427.5259067357513 511.40155440414514 395.05181347150256 634.8031088082902 433.49481865284974 644.9196891191709 book-spine 0
359.26277372262774 236.72262773722628 354.9379562043795 76.7043795620438 337.92335766423355 77.16423357664233 342.24817518248176 237.1824817518248 book-spine 0
128.46605981794548 520.1042912873862 99.73159947984402 519.6408322496749 97.80728218465546 638.9485045513654 126.54174252275689 639.4119635890768 book-spine 0
544.1226415094341 231.8207547169811 538.2094339622643 95.81698113207548 516.2509433962264 96.77169811320755 522.1641509433962 232.77547169811322 book-spine 0
533.4000000000002 303.8000000000001 498.9 292.30000000000007 438.6 473.20000000000005 473.10000000000014 484.70000000000005 book-spine 0
390.46510067114104 521.4355704697988 370.5000000000001 515.5000000000001 333.96375838926184 638.3946308724833 353.9288590604028 644.330201342282 book-spine 0
249.03347350714884 238.89436501261565 240.32767031118584 71.30765349032802 212.72682926829265 72.74146341463415 221.43263246425565 240.32817493692178 book-spine 0
196.00000000000006 521.0000000000001 149.51506849315075 516.1068493150685 136.7863013698631 637.0301369863014 183.27123287671242 641.9232876712329 book-spine 0
657.6559020044544 393.94543429844106 636.7293986636972 383.86971046770606 594.9498886414254 470.64253897550117 615.8763919821827 480.71826280623617 book-spine 0
583.2457876656306 318.33723212825134 569.0449860952069 312.01014231964666 497.1833796826435 473.29952560117783 511.38418125306714 479.62661540978246 book-spine 0
537.3608247422683 523.0618556701032 524.7628865979382 518.2164948453609 478.6546391752579 638.0979381443299 491.25257731958783 642.9432989690722 book-spine 0