201.9578159172628 464.4535344923454 191.63335433888125 276.31890128628095 151.64403009971454 278.5134373725767 161.9684916780961 466.64807057864107 book-spine 0
448.1617306802406 173.77440999537248 446.97778806108283 -0.26515502082369036 404.5375751966682 0.02355391022674702 405.72151781582596 174.06311892642296 book-spine 0
314.41421143847487 638.9410745233968 309.1161178509532 511.7868284228768 238.2391681109185 514.7400346620449 243.53726169844015 641.8942807625649 book-spine 0
476.50877284868807 458.53899334834756 448.28272141622597 243.70737966794115 404.90022521342905 249.40726967998745 433.12627664589115 464.23888336039386 book-spine 0
551.841095890411 455.4904109589041 529.5232876712329 243.4712328767123 510.73150684931505 245.44931506849312 533.0493150684931 457.4684931506849 book-spine 0
147.9480626545754 182.29101401483922 129.18878812860675 -1.5498763396537498 102.54781533388291 1.1685902720527643 121.30708985985159 185.00948062654578 book-spine 0
638.6504599211564 0.6320630749015308 593.1419185282523 -0.5348226018396112 588.8219448094611 167.9441524310119 634.3304862023653 169.11103810775302 book-spine 0
197.21330100951627 180.93421861996597 187.64634366971814 4.477005463689981 169.48887361146288 5.461446611426711 179.055830951261 181.9186597677027 book-spine 0
403.89597055404874 460.6921735761333 372.933165439752 260.84134056567217 345.08058891902357 265.1565284773343 376.0433940333204 465.00736148779544 book-spine 0
649.0835694050992 513.9900849858358 608.78611898017 499.4830028328613 558.7252124645893 638.5410764872521 599.0226628895184 653.0481586402266 book-spine 0
524.0128796428046 458.7152004317747 503.6392228055542 243.1833570482312 469.4324370737451 246.4168343064619 489.8060939109955 461.9486776900054 book-spine 0
438.28140293637864 513.1508972267537 417.2414355628059 512.5497553017946 413.63132137031005 638.9037520391519 434.67128874388266 639.5048939641111 book-spine 0
626.8573964497042 453.71775147929 612.3047337278107 254.83136094674558 593.7213017751479 256.191124260355 608.2739644970414 455.0775147928994 book-spine 0
179.58197006613295 459.85555168813096 153.27079707622693 285.54403063000353 131.576400974591 288.81865645666556 157.88757396449702 463.13017751479293 book-spine 0
316.8049180327869 459.4540983606558 279.2248162803844 245.41091011871117 228.0763143018655 254.39118145845111 265.656416054268 468.4343697003958 book-spine 0
346.46748831279217 459.3484912877178 315.59966000849977 247.6833829154271 284.0416489587761 252.2855928601785 314.9094772630685 463.9507012324692 book-spine 0
176.27204174488529 181.81513888446972 165.94909160329627 -0.9010786216551594 149.9436825861465 0.0031817747939815177 160.2666327277355 182.71939928091888 book-spine 0
12.000000000000048 377 4.6169184327855214e-14 377 5.057791280478568e-14 449 12.00000000000005 449 book-spine 0
226.72407200892144 180.03361478413254 214.18496096861557 14.935319420105145 184.24374701290424 17.209335669906004 196.7828580532101 182.3076310339334 book-spine 0
504.0618556701031 512.360824742268 465.519587628866 508.6309278350516 452.93195876288667 638.7030927835052 491.47422680412376 642.4329896907218 book-spine 0
196.2764705882353 180.59411764705882 182.28823529411767 -1.2529411764705873 162.25294117647059 0.2882352941176478 176.24117647058824 182.13529411764705 book-spine 0
118.9448275862069 183.33793103448278 103.53793103448275 -1.5448275862068979 78.13103448275862 0.5724137931034488 93.53793103448277 185.45517241379315 book-spine 0
243.46136576239473 638.9199251637044 236.5577174929841 512.9283442469598 199.94162768942937 514.9347053320861 206.84527595883998 640.9262862488308 book-spine 0
556 7.105427357601002e-14 510.35811362792424 -1.1803936130708657 505.9357593761604 169.8173041217973 551.5776457482361 170.99769773486824 book-spine 0
598.970406056435 454.29181004817616 583.2684101858224 255.39986235375082 560.8293186510666 257.1713695801789 576.5313145216792 456.06331727460423 book-spine 0
416.0000000000001 513 371.0000000000001 513 371.0000000000001 639 416.0000000000001 639 book-spine 0
605.516923076923 511.5353846153847 579.1538461538462 502.2307692307694 532.6676923076924 633.9415384615386 559.0307692307692 643.2461538461539 book-spine 0
452.0263335584065 512.2451046590141 439.3673193787982 511.8035111411209 434.9315327481432 638.9627278865631 447.5905469277515 639.4043214044564 book-spine 0
260.0683624801271 178.9427662957075 250.4492845786963 -0.6133545310015887 237.37965023847374 0.08680445151033389 246.99872813990459 179.64292527821937 book-spine 0
302.4740124740125 177.6943866943867 296.89812889812896 4.841995841995843 275.5654885654886 5.530145530145532 281.14137214137213 178.3825363825364 book-spine 0
152.5702178217822 181.87382178217825 137.897900990099 -0.7150099009900988 125.33615841584157 0.29441584158416134 140.00847524752476 182.88324752475248 book-spine 0
322.7358658674875 177.33622225822128 314.7057346508991 -0.9326907500405 293.95504616879964 0.002024947351369377 301.985177385388 178.2709379556132 book-spine 0
558.0153531218016 512.131013306039 507.62845445240544 505.6294779938588 490.47799385875135 638.5455475946776 540.8648925281475 645.0470829068579 book-spine 0
285.0891595615104 177.90207064555418 277.2029232643119 9.66236297198538 268.1135200974422 10.088428745432395 275.9997563946407 178.3281364190012 book-spine 0
579.0819672131148 457.9016393442623 558.8524590163935 235.37704918032784 529.4590163934427 238.04918032786878 549.688524590164 460.57377049180326 book-spine 0
493 263.00000000000006 452 263 452 458.00000000000006 493 458.0000000000001 book-spine 0
165.23430702299567 182.45742697327532 151.49098819142327 -0.786824114356742 137.79303915475452 0.24052206339341176 151.53635798632692 183.48477315102548 book-spine 0
224.79473343406 451.6039283401683 194.80638894884524 284.169004964386 172.56464493848478 288.1526009065401 202.55298942369956 455.5875242823225 book-spine 0
524.4796985237865 458.7613124415607 503.6990904711982 242.87388433967078 456.3675799733658 247.4298586121894 477.14818802595414 463.3172867140793 book-spine 0
574.5621761658032 511.5362694300519 559.3673575129534 508.3559585492229 532.358031088083 637.4005181347152 547.5528497409327 640.5808290155442 book-spine 0
248.69026548672568 179.35398230088495 236.6327433628319 -1.508849557522126 212.14159292035396 0.12389380530973426 224.19911504424778 180.9867256637168 book-spine 0
269.36276894293735 178.87053320860622 259.53302151543505 -0.522357343311505 249.221515434986 0.04265668849391879 259.05126286248833 179.43554724041164 book-spine 0
612.6667584024218 454.79607141628543 597.7428532113248 259.63731122501633 583.1867969314391 260.7504214111252 598.110702122536 455.9091816023943 book-spine 0
593.4042419151618 168.8926921461571 590.9477110457792 -0.6079378412431753 548.9855102897943 0.00020999580008318475 551.4420411591769 169.50083998320036 book-spine 0
639 548 602 548 602 639 639 639 book-spine 0
435.2773805043281 461.2130222054948 402.1245013172751 238.89371471584494 370.219947308995 243.65141136620247 403.3728264960481 465.9707188558524 book-spine 0
374.3414634146341 638.9268292682927 370.3970731707317 512.7063414634146 344.7034146341464 513.5092682926828 348.64780487804876 639.729756097561 book-spine 0
278.1705604321404 178.88939905469275 271.91573261309924 -0.4156650911546258 258.1185685347738 0.06563133018230971 264.37339635381494 179.37069547602965 book-spine 0
639.3940555338288 454.63206883066096 632.4105592491201 257.3482987876418 612.8951896754008 258.0391083300743 619.8786859601096 455.3228783730935 book-spine 0
528.1951219512196 512.2439024390245 505.4756097560976 509.7195121951221 491.1707317073171 638.4634146341464 513.8902439024391 640.9878048780488 book-spine 0
374.66885849552864 458.31115202524984 344.45660178853234 253.53918990005266 315.4968437664387 257.81194108364025 345.709100473435 462.58390320883746 book-spine 0
349.62474226804125 638.7443298969073 343.88865979381444 512.5505154639176 310.04948453608245 514.0886597938145 315.7855670103093 640.2824742268042 book-spine 0
390.3480673934589 175.35639246778993 385.35500495540145 -1.8973240832507408 315.7201189296334 0.06422200198215933 320.7131813676908 177.31793855302283 book-spine 0
407.13692307692315 174.80461538461537 404.06553846153855 -0.2643076923076908 386.2113846153847 0.04892307692307707 389.2827692307692 175.11784615384613 book-spine 0
535.0731707317074 456.65853658536594 513.3536585365854 261.1829268292683 501.8292682926829 262.4634146341464 523.5487804878048 457.93902439024396 book-spine 0
508 6.049755187787925e-14 449 5.688484382039456e-14 449 172.00000000000006 508 172.00000000000006 book-spine 0
208.06020872357504 638.6681830345198 199.8439925073588 513.3708857372224 171.45785389349743 515.2322718758362 179.67407010971363 640.5295691731337 book-spine 0
639 258.0000000000001 632 258.0000000000001 632 405.0000000000001 639 405.0000000000001 book-spine 0
464.19469026548677 512.0796460176991 453.0442477876107 511.3362831858408 444.570796460177 638.4380530973451 455.72123893805315 639.1814159292036 book-spine 0
265.35135135135135 462.1081081081081 228.81081081081084 242.86486486486484 189.0810810810811 249.48648648648646 225.6216216216216 468.72972972972974 book-spine 0