573.5707964601769 162.43805309734518 561.1592920353982 161.61061946902663 556.9823008849557 224.26548672566378 569.3938053097345 225.09292035398238 book-spine 0
301.81538461538463 307.47692307692313 286.5538461538462 305.5692307692308 278.4461538461539 370.4307692307692 293.7076923076923 372.3384615384616 book-spine 0
335.80530503978787 463.22864721485416 325.1066312997349 461.7358090185677 317.09177718832905 519.1755968169763 327.79045092838203 520.6684350132628 book-spine 0
325.12876712328773 462.2767123287672 309.8767123287672 460.67123287671234 303.92054794520556 517.254794520548 319.1726027397261 518.8602739726028 book-spine 0
148.00000000000006 295 129.00000000000006 295 129.00000000000006 359 148.00000000000006 359 book-spine 0
210.10655737704923 219.82786885245906 195.5901639344263 218.50819672131155 189.8196721311476 281.9836065573771 204.33606557377055 283.30327868852464 book-spine 0
171.21095334685606 376.1196754563894 156.57403651115627 374.12373225152123 148.46855983772826 433.56389452332655 163.10547667342806 435.55983772819474 book-spine 0
490.46961325966845 167.07734806629838 480.49723756906076 166.55248618784532 477.7955801104972 217.88397790055254 487.76795580110496 218.40883977900558 book-spine 0
290.30186213655685 459.23293041489717 274.56190787324414 457.5158444952631 268.1189153871285 516.5766089513231 283.8588696504412 518.2936948709573 book-spine 0
388.44827586206907 317.3793103448277 379.8275862068966 313.93103448275866 355.4137931034483 374.9655172413793 364.0344827586207 378.41379310344837 book-spine 0
566.9362416107383 254.6946308724833 553.0738255033557 252.2483221476511 542.6442953020133 311.3489932885907 556.506711409396 313.7953020134229 book-spine 0
111.81707317073179 214.64634146341464 84.26829268292687 211.58536585365854 77.63414634146343 271.29268292682934 105.18292682926835 274.35365853658544 book-spine 0
394.9657534246576 250.0753424657535 381.55479452054794 243.9794520547946 358.74657534246575 294.15753424657544 372.1575342465753 300.2534246575343 book-spine 0
358.5524861878454 139.50276243093927 343.59392265193367 138.7154696132597 340.0911602209944 205.267955801105 355.04972375690613 206.05524861878456 book-spine 0
507.7280257708239 406.9383341003223 496.2563276576163 398.78739070409586 456.80625862862416 454.30971007823297 468.2779567418317 462.46065347445943 book-spine 0
378.28719723183394 140.08650519031147 366.76885813148795 139.78339100346025 364.97993079584785 207.76262975778553 376.49826989619385 208.06574394463672 book-spine 0
83.16111573688596 203.1053288925895 67.37177352206498 202.78309741881765 65.96294754371361 271.81557035803496 81.75228975853459 272.1378018318068 book-spine 0
130.97969543147212 215.2842639593909 105.89340101522845 213.49238578680206 101.66497461928935 272.6903553299492 126.75126903553303 274.48223350253807 book-spine 0
636.3640399556049 151.0788013318536 617.6182019977801 150.4539400665928 614.9844617092119 229.4661487236405 633.7302996670367 230.0910099889013 book-spine 0
504.37529691211404 156.11638954869366 490.081947743468 155.62351543942998 487.90855106888375 218.65201900237534 502.2019002375298 219.14489311163902 book-spine 0
241.2493150684932 135.26849315068498 227.19452054794527 134.74794520547948 224.90547945205486 196.5520547945206 238.96027397260275 197.07260273972605 book-spine 0
492.2027027027026 409.71621621621625 481.98648648648646 402.4189189189189 444.8918918918918 454.35135135135135 455.1081081081081 461.64864864864865 book-spine 0
639.0144864864866 275.014918918919 631.0015135135135 274.8970810810812 629.9716756756757 344.92605405405413 637.9846486486488 345.043891891892 book-spine 0
361.7241379310344 240.68965517241384 347.9310344827586 235.1724137931035 325.58620689655174 291.0344827586207 339.37931034482756 296.55172413793105 book-spine 0
228.24513618677048 454.0778210116731 215.29571984435805 453.2684824902724 211.6575875486382 511.47859922179 224.60700389105062 512.2879377431907 book-spine 0
156.62707182320446 127.08563535911603 148.1767955801105 126.64088397790056 144.96132596685084 187.73480662983422 153.4116022099448 188.1795580110497 book-spine 0
468 155.00000000000006 438 155.00000000000006 438 215.00000000000006 468 215.00000000000006 book-spine 0
556.4519258202569 337.4099857346648 545.643937232525 329.13152639087025 501.8276747503566 386.33609129814556 512.6356633380885 394.6145506419402 book-spine 0
267.60913705583755 304.4720812182742 255.31472081218277 303.5939086294417 250.7664974619289 367.26903553299496 263.06091370558374 368.1472081218274 book-spine 0
251.38485804416408 153.1261829652997 240.38328075709782 151.80599369085175 234.9274447949527 197.2712933753943 245.92902208201895 198.59148264984228 book-spine 0
228.1501706484642 526.7235494880547 219.2150170648464 525.6723549488055 212.98293515358358 578.6450511945392 221.9180887372014 579.6962457337884 book-spine 0
111.00000000000003 214 99.00000000000003 214 99.00000000000003 274 111.00000000000003 274 book-spine 0
269.1750405186386 222.95786061588333 252.6677471636953 221.54294975688822 247.03727714748788 287.2317666126418 263.5445705024311 288.64667747163696 book-spine 0
131.00000000000006 293 119.00000000000003 293 119.00000000000004 357 131.00000000000006 357 book-spine 0
272 123.00000000000003 258 123.00000000000003 258 200.00000000000006 272 200.00000000000006 book-spine 0
263.2358490566038 390.57547169811323 240.8207547169812 378.12264150943406 207.99056603773596 437.2169811320755 230.40566037735857 449.6698113207548 book-spine 0
183.0495049504951 215.5049504950495 164.23762376237624 213.62376237623764 157.74257425742576 278.5742574257426 176.5544554455446 280.4554455445545 book-spine 0
172.00000000000006 296 157.00000000000006 296 157.00000000000006 361 172.00000000000006 361 book-spine 0
375.5 403.5000000000001 360.99999999999994 389.00000000000006 310 440 324.5 454.5 book-spine 0
448.344262295082 419.7868852459018 420.9016393442623 396.9180327868854 379.5901639344263 446.49180327868856 407.03278688524597 469.360655737705 book-spine 0
332.679266055046 307.9842201834863 321.00917431192664 303.69724770642205 296.72733944954126 369.7977981651377 308.3974311926606 374.0847706422019 book-spine 0
460.3852459016394 166.76229508196727 449.8360655737705 165.80327868852464 445.45081967213116 214.04098360655746 456.0000000000001 215.00000000000006 book-spine 0
554 410.0000000000001 540.8 403.4000000000001 512.2 460.6 525.4000000000001 467.20000000000005 book-spine 0
426.45384615384614 548.1307692307691 390.2461538461539 519.9692307692308 339.30769230769226 585.4615384615385 375.5153846153846 613.623076923077 book-spine 0
258.15649396735284 126.2352732434351 247.60539389638043 125.6380411639461 243.52058197303054 197.80305180979417 254.07168204400293 198.4002838892832 book-spine 0
84.90136986301368 353.06301369863013 79.24657534246575 299.3424657534247 67.58630136986301 300.56986301369864 73.24109589041095 354.2904109589041 book-spine 0
411.6866066701959 239.2668078348333 398.89677077818953 233.8311275807306 372.90629962943353 294.9851773425093 385.69613552143994 300.420857596612 book-spine 0
324.6012738853503 141.16433121019114 314.6140127388535 140.80764331210196 312.3668789808917 203.72738853503188 322.3541401273885 204.08407643312106 book-spine 0
537.2023668639054 160.56568047337288 525.1562130177515 159.73491124260363 520.9881656804733 220.17159763313612 533.0343195266272 221.00236686390537 book-spine 0
425.1342534504392 329.86449184441665 408.9861982434128 323.03262233375165 386.22710163111674 376.8268506900879 402.3751568381431 383.6587202007529 book-spine 0
382.6146095717884 245.7204030226701 374 243.00000000000006 357.4055415617129 295.5491183879094 366.02015113350126 298.2695214105794 book-spine 0
172.97790055248618 121.41988950276244 155.5 120.5 151.88674033149172 189.15193370165747 169.36464088397793 190.0718232044199 book-spine 0
538.9363548698167 338.87656702025083 523.5920925747348 327.6634522661525 482.367405978785 384.07618129218906 497.71166827386696 395.2892960462874 book-spine 0
286.1331058020478 308.3686006825938 277.60409556314 307.36518771331055 270.38907849829354 368.6928327645051 278.91808873720134 369.6962457337884 book-spine 0
339.2830188679245 235.5094339622642 326.33962264150944 231.81132075471703 309.433962264151 290.98113207547175 322.37735849056605 294.67924528301893 book-spine 0
100.92588235294124 442.7164705882353 84.75411764705888 441.0435294117647 78.50000000000004 501.50000000000006 94.67176470588241 503.17294117647066 book-spine 0
221.65180327868856 222.2898360655738 207.33049180327873 221.5554098360656 204.18950819672133 282.80459016393445 218.51081967213116 283.53901639344264 book-spine 0
455.12000000000006 553.16 447.56000000000006 543.0799999999999 389.64000000000004 586.52 397.20000000000005 596.6 book-spine 0
335.78386844166016 322.577133907596 326.49177760375886 319.5708692247456 309.86687548942837 370.9569303054034 319.1589663273297 373.9631949882538 book-spine 0
252.4134831460674 222.65842696629215 211.59325842696632 218.77078651685395 205.4943820224719 282.8089887640449 246.314606741573 286.6966292134831 book-spine 0
277.10152284263967 307.5786802030457 266.22842639593915 306.80203045685283 261.7309644670051 369.76649746192896 272.6040609137056 370.5431472081218 book-spine 0
133.77868852459022 127.43442622950823 124.22131147540988 126.56557377049184 118.844262295082 185.7131147540984 128.40163934426232 186.58196721311475 book-spine 0
563.9555683785344 409.2169648009234 553.2331217541835 404.4200807847664 526.8159261396422 463.4702827466822 537.5383727639932 468.2671667628391 book-spine 0
258.43561643835625 456.3616438356165 244.5369863013699 454.8986301369863 238.27397260273978 514.3972602739726 252.17260273972613 515.8602739726027 book-spine 0
108.0255474452555 124.05474452554745 87.121897810219 123.48978102189781 85.46861313868615 184.66131386861315 106.37226277372264 185.2262773722628 book-spine 0
531.0769230769231 410.3846153846155 521.1538461538461 403.7692307692308 484.38461538461524 458.9230769230769 494.30769230769226 465.5384615384616 book-spine 0
546.4042089985487 161.68142235123378 536.0130624092888 160.83889695210456 531.1190130624092 221.1988388969522 541.5101596516691 222.04136429608138 book-spine 0
157.11061946902663 370.34070796460185 141.77876106194697 369.31858407079653 137.424778761062 434.6283185840708 152.75663716814165 435.65044247787614 book-spine 0
357.2175404213621 465.5526702596767 342.5335619794219 464.2474277315041 337.5085742283195 520.7785399314063 352.1925526702597 522.0837824595787 book-spine 0
560.6 252.20000000000005 550.1 248.7000000000001 529.8000000000001 309.60000000000014 540.3000000000001 313.1000000000001 book-spine 0
144.02876712328768 130.2232876712329 133.74657534246577 129.84246575342468 131.60000000000002 187.8 141.88219178082193 188.18082191780826 book-spine 0
104.00000000000003 215 91.00000000000003 215 91.00000000000003 274 104.00000000000003 274 book-spine 0
211.00000000000006 298 189.00000000000006 298 189.00000000000006 363 211.00000000000006 363 book-spine 0
250.00000000000006 307 225.00000000000006 307 225.00000000000006 366 250.00000000000006 366 book-spine 0
346.32860040567954 537.5902636916836 335.8498985801218 530.4340770791076 300.3302231237323 582.4450304259635 310.8089249492901 589.6012170385396 book-spine 0
408.10975609756105 469.01219512195127 392.30487804878055 467.2560975609756 385.79268292682934 525.8658536585367 401.5975609756098 527.6219512195123 book-spine 0
127.00000000000006 518 112.00000000000006 518 112.00000000000006 573 127.00000000000006 573 book-spine 0
251.88537699923845 225.96915460776853 239.33929931454688 224.7391469916223 233.34729626808837 285.8575780654989 245.89337395277994 287.0875856816451 book-spine 0
155.5745856353592 521.0828729281768 143.3453038674034 520.439226519337 140.59392265193378 572.7154696132595 152.82320441988958 573.3591160220993 book-spine 0
259.0945945945947 165.06756756756766 252.90748440748445 164.86798336798344 251.80769230769238 198.9615384615385 257.9948024948026 199.1611226611227 book-spine 0
216.10152284263967 452.5786802030457 203.522842639594 451.6802030456853 199.25888324873102 511.3756345177665 211.8375634517767 512.274111675127 book-spine 0
368.0414364640883 150.21270718232046 357.07182320441984 149.6353591160221 354.0607734806629 206.84530386740332 365.03038674033144 207.42265193370167 book-spine 0
98.40655737704921 367.07213114754103 83.4459016393443 366.30491803278693 80.1947540983607 429.70229508196724 95.15540983606562 430.46950819672134 book-spine 0
252.00000000000006 307 225.00000000000006 307 225.00000000000006 366 252.00000000000006 366 book-spine 0
208.52575864502478 126.42695836273819 195.07939308398025 125.15843330980948 188.7791107974594 191.94142554693016 202.2254763585039 193.2099505998589 book-spine 0
122.8254364089776 214.4912718204489 105.46882793017458 213.62344139650875 102.45885286783044 273.82294264339146 119.81546134663346 274.69077306733163 book-spine 0
287.91150442477874 388.67256637168146 272.8580667120491 380.0248468345814 239.921375085092 437.35908781484005 254.9748127978217 446.0068073519401 book-spine 0
111.33951219512198 123.13560975609758 101.47414634146344 122.82731707317075 99.53951219512197 184.73560975609755 109.40487804878052 185.04390243902438 book-spine 0
517.3917808219178 163.7780821917809 505.57534246575347 162.53424657534254 499.6301369863015 219.01369863013707 511.44657534246574 220.2575342465754 book-spine 0
639 159.00000000000006 631 159.00000000000006 631 231.00000000000006 639 231.00000000000006 book-spine 0
306.3379310344827 410.0551724137932 304.97241379310344 393.6689655172415 281.6344827586206 395.6137931034483 282.99999999999994 412 book-spine 0
156.84046692607004 122.55252918287938 140.9649805447471 121.56031128404669 136.85992217898834 187.2412451361868 152.73540856031127 188.2334630350195 book-spine 0
238.4000000000001 380.20000000000005 224.80000000000007 373.40000000000003 193.20000000000005 436.6 206.80000000000007 443.4000000000001 book-spine 0
466.52731591448924 549.7078384798101 458.38004750593825 540.9786223277911 408.6057007125891 587.434679334917 416.75296912114015 596.163895486936 book-spine 0
88.71034482758628 442.4758620689655 80.18620689655177 441.7655172413793 75.29655172413797 500.4413793103448 83.82068965517246 501.15172413793107 book-spine 0
311.5135135135136 223.91891891891896 298.0540540540541 221.67567567567573 286.7567567567568 289.45945945945954 300.21621621621625 291.70270270270277 book-spine 0
519.2214765100671 332.255033557047 510.5637583892617 326.1946308724833 470.255033557047 383.7785234899329 478.9127516778524 389.8389261744967 book-spine 0
527.3979238754326 251.87889273356402 516.5501730103807 246.0934256055364 485.1314878892734 305.00346020761253 495.97923875432525 310.78892733564015 book-spine 0
85.34273916035792 370.6586373021335 74.90777701307644 369.83482450103236 70.21885753613219 429.2278045423262 80.65381968341367 430.0516173434273 book-spine 0
197.0386740331492 217.26519337016578 182.08011049723757 216.4779005524862 178.7154696132597 280.40607734806633 193.67403314917127 281.1933701657459 book-spine 0
384.05036496350374 150.136496350365 376.5693430656935 149.9343065693431 375.00145985401457 207.9459854014599 382.4824817518249 208.1481751824818 book-spine 0
228.8864097363083 222.16632860040568 180.1561866125761 215.52129817444217 171.5030425963489 278.97768762677487 220.23326572008114 285.6227180527383 book-spine 0
204.41176470588238 375.3529411764706 190.29411764705884 371.8235294117647 173.82352941176475 437.7058823529411 187.9411764705883 441.2352941176471 book-spine 0
420.3090158293187 155.4191328286305 406.6834136269787 154.34342739160365 402.19889883000684 211.14728148657952 415.82450103234686 212.22298692360638 book-spine 0
383.6807935076646 549.9990982867449 364.609558160505 533.2164111812444 322.83137962128046 580.6916140667269 341.90261496844005 597.4743011722273 book-spine 0
94.05480427046268 213.09537366548042 81.77615658362996 212.86370106761566 80.66441281138795 271.7861209964413 92.94306049822067 272.0177935943061 book-spine 0
431 552.0000000000001 419 540.0000000000001 373.00000000000006 586.0000000000001 385.00000000000006 598.0000000000001 book-spine 0
481.2027586206897 244.16689655172416 468.7668965517242 236.59724137931045 430.4937931034483 299.4744827586208 442.92965517241373 307.0441379310345 book-spine 0
296.89082969432314 228.31877729257644 282.0218340611354 226.33624454148475 273.70742358078604 288.6943231441048 288.5764192139738 290.6768558951965 book-spine 0
520.6317501626546 477.09043591411853 496.8815875081328 474.65452179570605 490.79960962914777 533.95380611581 514.5497722836695 536.3897202342225 book-spine 0
117.02869368235594 121.09614900578907 109.54417316889004 120.85854517996478 107.51145230304559 184.88925245406494 114.99597281651148 185.12685627988927 book-spine 0
450.1048744460857 164.27326440177262 439.50516986706066 163.8655834564255 437.5878877400295 213.71491875923195 448.18759231905466 214.12259970457907 book-spine 0
281.67840274796055 225.4873336195793 269.8072133963075 224.25075139544876 263.1970802919708 287.70802919708035 275.06826964362386 288.9446114212109 book-spine 0
343.029268292683 145.1365853658537 333.142324246772 144.8014347202296 331.113055954089 204.66484935437595 341.0000000000001 205.00000000000006 book-spine 0
269.4352941176472 456.4588235294118 257.5623529411765 455.23058823529414 251.49882352941182 513.844705882353 263.37176470588247 515.0729411764706 book-spine 0
253.92134831460677 308.32584269662925 217.11235955056182 304.82022471910113 211.48089887640452 363.9505617977528 248.28988764044948 367.45617977528093 book-spine 0
150.15326497571508 207.7048030221263 131.03184025903943 206.815434430653 127.80248246087427 276.2466270912035 146.92390717754992 277.13599568267676 book-spine 0
627 276.0000000000001 613 276.0000000000001 613 343.0000000000001 627 343.0000000000001 book-spine 0
106.70545158665581 354.8454027664768 102.87957689178194 287.89259560618393 89.18144833197721 288.67534580960137 93.00732302685108 355.62815296989424 book-spine 0
116.09734513274344 517.5398230088496 102.22566371681422 516.6150442477876 98.45132743362839 573.2300884955752 112.3230088495576 574.1548672566371 book-spine 0
526.1036269430052 164.39378238341973 514.1533678756477 163.6227979274612 510.49119170984466 220.38652849740942 522.4414507772021 221.15751295336796 book-spine 0
82.04993429697768 133.0525624178712 73.7989487516426 132.84099868593952 72.51708278580816 182.8337713534822 80.76806833114324 183.0453350854139 book-spine 0
555.2817679558012 163.64640883977904 543 163.00000000000006 539.8729281767955 222.414364640884 552.1546961325968 223.06077348066304 book-spine 0
546.52 479.3600000000001 516.98 475.1400000000001 508.53999999999996 534.2199999999999 538.0799999999999 538.4399999999999 book-spine 0
403.9999999999999 398.00000000000006 390.61538461538464 389.07692307692315 352.15384615384613 446.76923076923083 365.53846153846155 455.69230769230774 book-spine 0
329.4157303370788 536.8651685393261 318.04943820224725 529.9191011235956 287.9662921348315 579.1460674157304 299.332584269663 586.0921348314608 book-spine 0
232.00000000000006 305 212.00000000000006 305 212.00000000000006 365 232.00000000000006 365 book-spine 0
460.05781479666825 249.0803527682509 442.51739343459076 239.87163155316026 411.17687408133264 299.56785889269963 428.7172954434101 308.7765801077903 book-spine 0
105.00000000000006 516 93.00000000000006 516 93.00000000000006 573 105.00000000000006 573 book-spine 0
390.89778206364514 396.77145612343304 378.73770491803276 387.88524590163945 337.0549662487946 444.9247830279654 349.21504339440696 453.810993249759 book-spine 0
417.7058823529412 240.17647058823536 376.0588235294118 229.76470588235298 359.64705882352945 295.4117647058824 401.29411764705884 305.82352941176475 book-spine 0
363.34887593671937 403.0949208992507 350.2348043297252 390.5054121565363 305.11240632805993 437.5079100749376 318.2264779350541 450.097418817652 book-spine 0
315.6152019002376 139.1591448931117 305.9714964370547 138.8266033254157 303.76365795724473 202.853919239905 313.4073634204276 203.18646080760095 book-spine 0
592.2060313630881 246.11628468033786 574.496019300362 244.1792521109772 566.9184559710496 313.45983112183364 584.6284680337757 315.3968636911943 book-spine 0
101.02334630350198 134.62645914396884 86.33073929961091 133.70817120622567 83.24124513618678 183.14007782101163 97.93385214007785 184.05836575875486 book-spine 0
520.3967367969085 406.96779733791334 508.3744096178617 398.8527264920567 468.9467582653499 457.26406182911126 480.9690854443967 465.3791326749678 book-spine 0
375.076923076923 396.3846153846155 363.3076923076924 388.53846153846166 324.3846153846155 446.9230769230771 336.1538461538461 454.76923076923083 book-spine 0
425.00000000000006 555.0000000000001 401.0000000000001 531.0000000000001 350.00000000000006 582.0000000000002 374.00000000000006 606.0000000000002 book-spine 0
288.80898876404495 420.5056179775281 267.1460674157304 406.9662921348315 246.9213483146068 439.32584269662925 268.5842696629214 452.86516853932585 book-spine 0
135.18233387358194 368.87277147487845 122.41896272285257 367.7787682333874 116.91004862236633 432.04943273906 129.6734197730957 433.1434359805511 book-spine 0
376.71019108280257 241.3853503184714 359.06050955414014 236.19426751592363 342.2292993630574 293.42038216560513 359.8789808917198 298.61146496815286 book-spine 0
100.00000000000003 134 80.00000000000003 134 80.00000000000003 184 100.00000000000003 184 book-spine 0
456.3682926829268 400.88536585365864 444.6756097560976 393.31951219512206 406.7658536585366 451.90731707317076 418.45853658536583 459.47317073170734 book-spine 0
346.5607072691552 236.62711198428295 336.6451866404715 234.19882121807467 322.1697445972495 293.3068762278979 332.0852652259332 295.7351669941062 book-spine 0
659 158.00000000000006 633 158.00000000000006 633 232.00000000000006 659 232.00000000000006 book-spine 0
284.2458598726115 149.115923566879 272.26114649681534 148.687898089172 270.40382165605104 200.6929936305733 282.3885350318472 201.1210191082803 book-spine 0
310.0281340504758 460.65535788167153 299.62805130326853 459.8063715349607 294.9313198179562 517.3413322300372 305.33140256516344 518.190318576748 book-spine 0
301.9640102827764 396.8611825192802 273.77634961439594 380.280205655527 240.79434447300773 436.349614395887 268.9820051413882 452.9305912596402 book-spine 0
125.64854771784238 125.40705394190874 116.80414937759339 124.86556016597513 113.07593360995853 185.75975103734442 121.9203319502075 186.30124481327806 book-spine 0
345.0341573033708 465.5986516853933 334.3878651685394 464.692584269663 329.8251685393259 518.3042696629213 340.47146067415736 519.2103370786517 book-spine 0
359.8639405204461 324.84312267658 346.59033457249063 318.40743494423793 321.6208178438661 369.90706319702605 334.8944237918215 376.3427509293681 book-spine 0
394.91810048176194 146.70406056434967 384.6400550584997 145.89263592567107 379.67240192704753 208.81624225739853 389.95044735030973 209.62766689607713 book-spine 0
356.891891891892 539.3513513513515 347.2432432432433 532.4594594594596 311.6351351351352 582.3108108108108 321.2837837837839 589.2027027027027 book-spine 0
564.1831442463534 163.52998379254467 554.6247974068071 162.71069692058353 549.4416531604538 223.18071312803897 559.0000000000001 224.00000000000009 book-spine 0
447.6906077348067 419.121546961326 418.18784530386733 392.5690607734806 369.8066298342541 446.32596685082876 399.3093922651934 472.8784530386741 book-spine 0
407.3466334164589 145.067331670823 393.8802992518703 144.39401496259356 390.6309226932668 209.38154613466338 404.09725685785537 210.05486284289282 book-spine 0
141.31349480968865 519.087197231834 130.32110726643606 518.7979238754326 128.84775086505198 574.7854671280277 139.84013840830457 575.0747404844291 book-spine 0
501.26180257510737 257.6995708154507 480.0042918454937 244.6180257510731 444.9828326180259 301.52789699570826 466.2403433476395 314.6094420600859 book-spine 0
521.0143668559973 249.58302706314737 508.05913798864015 241.8650183762112 471.1997995322418 303.73605078516545 484.155028399599 311.4540594721016 book-spine 0
111.00000000000003 213 89.00000000000003 213 89.00000000000003 274 111.00000000000003 274 book-spine 0
442.7172413793103 155.3931034482759 429.8068965517241 154.3172413793104 424.99999999999994 212 437.9103448275862 213.07586206896553 book-spine 0
548.7671232876712 256.2876712328768 535.5068493150685 251.31506849315076 514.2602739726027 307.9726027397261 527.5205479452054 312.9452054794521 book-spine 0
171.5210191082803 450.4114649681529 150.7617834394905 449.6700636942676 148.76942675159242 505.45605095541407 169.52866242038223 506.1974522292994 book-spine 0
243.78048780487808 222.97560975609758 207.8902439024391 218.9878048780488 200.86585365853665 282.20731707317077 236.75609756097566 286.19512195121956 book-spine 0
333 141.00000000000006 322 141.00000000000006 322 205.00000000000006 333 205.00000000000006 book-spine 0
174.6077348066299 521.4530386740331 161.6436464088398 520.7707182320441 158.81215469613264 574.5690607734806 171.77624309392272 575.2513812154696 book-spine 0
618.0634095634097 274.0343035343036 604.0779625779627 273.5831600831602 601.8804573804575 341.7058212058213 615.8659043659045 342.15696465696476 book-spine 0
295.9073482428115 152.31629392971246 283.5670926517572 151.82268370607028 281.5718849840256 201.70287539936106 293.9121405750799 202.19648562300324 book-spine 0
525.8659594985535 250.3490838958535 514.9874638379943 245.0973963355835 486.04243008678895 305.0549662487947 496.9209257473482 310.30665380906464 book-spine 0
420.72307692307686 469.21538461538466 407.67692307692306 467.5846153846154 400.4 525.8000000000001 413.44615384615383 527.4307692307692 book-spine 0
205.29268292682934 452.6341463414634 195.06566604127585 451.7448405253283 190.0675422138837 509.2232645403377 200.2945590994372 510.1125703564728 book-spine 0
123.01008463391537 366.3602583528134 99.52951573338726 364.4388697313759 94.14226040728403 430.27449426768874 117.62282930781214 432.1958828891262 book-spine 0
503.4884187957017 474.9696902926968 469.4229123452966 469.9568641227569 460.5081887640109 530.5383731092352 494.57369521441603 535.5511992791751 book-spine 0
472.50729599373574 472.73261353365103 459.5989109258305 470.819730102275 451.9317856129097 522.5584844245236 464.84017068081494 524.4713678558996 book-spine 0
461.3907101096752 471.8420122563813 450.3626384561222 469.4201399979972 437.55043041876706 527.760933071226 448.57850207232 530.18280532961 book-spine 0
439.0799306181457 473.7916552192937 434.5231969853968 472.9428969236301 424.8953380496269 524.632039578407 429.45207168237573 525.4807978740707 book-spine 0
449.8632952939807 472.22376934239895 439.6148184042932 470.11571453513164 428.17436066312587 525.7344139937993 438.42283755281335 527.8424688010666 book-spine 0
461.04651845358745 471.80110770430656 450.1895246546505 469.49722431432417 437.78469462879053 527.9546806479372 448.6416884277275 530.2585640379195 book-spine 0
439.15529223367594 241.86148434885948 428.7647091692593 236.92715551072973 399.79666289672525 297.9273241015846 410.1872459611419 302.8616529397143 book-spine 0
447.81202531201086 328.38419203081753 436.920323441343 321.80253865641845 403.9811105500096 376.3122592780418 414.87281242067746 382.8939126524409 book-spine 0
458.82237184052553 330.7723034709803 447.0544672870724 323.96648962192904 415.5517967624829 378.43762681941973 427.31970131593613 385.24344066847095 book-spine 0
475.9651679272156 326.0728036739605 466.06567882873065 320.0610025690663 429.25087772366476 380.6830550694056 439.1503668221497 386.6948561742998 book-spine 0
496.63659050167894 325.05144823685964 484.81436267006677 316.8279203421664 439.9516249338317 381.3230510767378 451.77385276544385 389.5465789714311 book-spine 0
505.02416618982124 332.02880498648767 495.4647335798835 325.56327497910047 456.33328291336557 383.4200114180744 465.8927155233033 389.8855414254616 book-spine 0
128.7235886477534 446.00462736963425 117.73552062347267 444.9593439713584 112.33871237873868 501.6908449259828 123.32678040301937 502.7361283242585 book-spine 0
118.10613842864217 444.8033673829324 111.5768864529193 444.16869676089345 105.92589651936458 502.3039497680665 112.45514849508746 502.9386203901054 book-spine 0
138.88184954473678 445.72498677337694 131.0940584443964 444.9064568843942 124.88871754018933 503.94632741180794 132.67650864052973 504.7648573007907 book-spine 0
107.87480136573697 443.1044330688487 99.45556685622395 442.21953570888024 93.11749075260316 502.5222911125371 101.53672526211619 503.40718847250565 book-spine 0
113.22232202945096 443.97623942839584 106.75763092908801 443.3351407751668 100.96193399822452 501.77761321001685 107.42662509858748 502.4187118632458 book-spine 0
254.08036282745528 527.8610809171165 246.48749040276957 527.2618910283428 242.33147476241095 579.9264922565487 249.92434718709666 580.5256821453224 book-spine 0
235.63996954662366 526.0629019500326 226.48365727433105 525.1957465469102 221.14036623837717 581.6156697933898 230.29667851066978 582.4828251965122 book-spine 0
246.99503152154927 527.3421327083794 235.61343157041938 526.321952402656 230.92198849641906 578.6618456178167 242.3035884475489 579.6820259235401 book-spine 0
380.5108695483457 465.67580065868526 367.2960476813324 463.9366028161014 359.69740895546664 521.6727928776762 372.9122308224799 523.4119907202601 book-spine 0
227.31569141047163 133.57608020317412 211.20388515510126 132.97617276640975 208.87814283695087 195.43899175071994 224.98994909232124 196.03889918748428 book-spine 0
208.48942777238395 524.2775612966014 199.20394889675353 523.4587926163528 194.52124066062885 576.5643759834036 203.80671953625927 577.3831446636523 book-spine 0
218.64867945899272 524.6885258365489 208.5707183961294 523.8059793511239 203.85404259107082 577.6665701466803 213.93200365393415 578.5491166321053 book-spine 0
186.75732096585057 522.9826389595704 177.96536434303897 522.6620306909424 176.06619615454352 574.742422766081 184.85815277735512 575.063031034709 book-spine 0
198.10902891334396 523.7211600722791 188.76027918858506 523.0615876986183 184.90747668913264 577.6710403450218 194.25622641389157 578.3306127186826 book-spine 0
484.6770879583593 556.1607793911853 473.72169228544186 540.7209243345982 407.7784383922052 587.5111588097493 418.7338340651228 602.9510138663364 book-spine 0
348.8479885806896 392.00628893134456 331.7894953487644 379.77849942838367 287.0532857973993 442.1881710758357 304.11177902932457 454.41596057879667 book-spine 0
330.2583242502516 391.53958129264095 320.35342944742456 385.5406984028891 286.1341192305569 442.04099590034457 296.0390140333839 448.0398787900965 book-spine 0