171.65882352941185 539.0352941176471 153.44705882352946 534.9882352941177 137.23529411764713 607.9411764705882 155.44705882352952 611.9882352941177 book-spine 0
186.19024390243908 541.1121951219512 170.55121951219513 537.7609756097561 154.70243902439023 611.7219512195122 170.34146341463418 615.0731707317074 book-spine 0
620.123287671233 187.32876712328775 589.6191780821919 184.11780821917816 577.2301369863014 301.813698630137 607.7342465753426 305.02465753424667 book-spine 0
212.06142433234425 271.5908011869437 200.12017804154308 269.286350148368 179.35074183976266 376.9097922848665 191.29198813056382 379.21424332344225 book-spine 0
547.8961493582264 178.50291715285886 529.7922987164527 176.00583430571766 514.389731621937 287.67444574095686 532.4935822637107 290.17152858809806 book-spine 0
394.13184584178504 442.69979716024346 384.5821501014199 441.39756592292093 370.421906693712 545.239350912779 379.9716024340771 546.5415821501015 book-spine 0
151.32355273592395 534.112609040444 109.85646312450443 527.0039651070579 97.53291038858053 598.8913560666139 139.00000000000006 606 book-spine 0
593.3911349245006 359.5630784218218 582.159766195811 355.0170482221141 544.8061373599611 447.30248416950815 556.0375060886507 451.8485143692158 book-spine 0
397.4585987261146 152.15923566878985 370.8541401273886 147.38407643312104 351.40127388535035 255.7643312101911 378.0057324840765 260.5394904458599 book-spine 0
427.64864864864865 180.10810810810818 412.2432432432433 177.54054054054063 397.67567567567573 264.94594594594605 413.0810810810811 267.5135135135136 book-spine 0
487.3283261802576 323.2210300429185 463.0836909871244 317.4484978540773 437.2789699570815 425.8283261802575 461.52360515021473 431.6008583690987 book-spine 0
639 194.00000000000006 619 194.00000000000006 619 310.0000000000001 639 310.0000000000001 book-spine 0
221.05686032138442 121.08158220024725 208.56242274412858 118.85043263288014 190.20024721878866 221.67861557478375 202.69468479604453 223.90976514215086 book-spine 0
465.7601054481547 452.13093145869954 445.2583479789105 447.78207381370834 422.05008787346236 557.1924428822497 442.5518453427066 561.5413005272409 book-spine 0
636.4484641638225 371.0880546075086 621.8822525597269 364.25085324232094 581.4006825938567 450.49419795221854 595.9668941979522 457.3313993174062 book-spine 0
564.2317596566525 615.3733905579401 549.7811158798283 606.4806866952791 530.1072961373391 638.4506437768241 544.5579399141632 647.343347639485 book-spine 0
213.93967672054663 106.17230461589739 203.7320446592235 104.15764039326781 180.985835694051 219.40509915014167 191.19346775537417 221.41976337277126 book-spine 0
387 582 364.8461538461538 567.2307692307693 317.9230769230769 637.6153846153846 340.0769230769231 652.3846153846155 book-spine 0
234.27910805148161 118.58111343909013 217.35662975157143 116.28299910206528 202.65429512122122 224.54564501646217 219.5767734211314 226.84375935348703 book-spine 0
233.61696574225135 551.3938009787929 224.69429037520405 548.7001631321372 202.65970636215349 621.6897226753671 211.5823817292008 624.3833605220229 book-spine 0
259.9513513513514 555.9081081081081 239.3621621621622 549.5729729729729 216.37837837837844 624.2702702702703 236.96756756756756 630.6054054054055 book-spine 0
109.58137977227061 260.8439383791025 96.44809109176158 258.42464835900876 78.20026791694578 357.48425987943733 91.33355659745479 359.90354989953113 book-spine 0
303.43760984182785 287.36555360281204 293.810193321617 285.32337434094916 270.78031634446404 393.8927943760985 280.4077328646749 395.93497363796143 book-spine 0
281.38473852721455 414.09124866595516 265.6440768409819 412.260939167556 252.25560298826042 527.4018143009606 267.9962646744931 529.2321237993597 book-spine 0
183.6182572614108 267.5684647302905 171.59834024896267 265.09377593360995 149.81410788381743 370.90290456431535 161.83402489626556 373.3775933609958 book-spine 0
330.66489874638376 431.7256509161042 321.834136933462 430.35197685631636 305.5795564127291 534.8457087753135 314.41031822565094 536.2193828351013 book-spine 0
550.9596347909659 484.88274867852 536.1436809226334 477.65545410860165 494.78856319077363 562.433445458914 509.6045170591061 569.6607400288324 book-spine 0
518.7467248908297 610.1004366812227 496.88427947598257 593.382096069869 462.3689956331878 638.5174672489084 484.2314410480349 655.235807860262 book-spine 0
238.972972972973 120.1621621621622 225.02702702702703 117.83783783783787 207.13513513513516 225.18918918918922 221.0810810810811 227.51351351351354 book-spine 0
442.6233421750664 310.28912466843514 416.3660477453581 304.76127320954913 392.52519893899205 418.0053050397879 418.78249336870033 423.53315649867386 book-spine 0
363.8229508196721 133.45245901639348 342.2910466582598 129.63228247162678 320.94022698612866 249.97326607818417 342.47213114754095 253.79344262295086 book-spine 0
444.3580710659899 451.7270050761422 429.9508629441625 448.60791878172586 407.35187817258884 552.9937055837564 421.7590862944163 556.1127918781727 book-spine 0
521.7518248175184 479.8175182481753 514.1970802919709 476.2919708029198 475.0839416058395 560.1058394160584 482.638686131387 563.631386861314 book-spine 0
369.8898742008662 312.2992369560735 358.1662198391422 309.7131367292226 337.2330377397402 404.6102289131781 348.9566921014642 407.196329140029 book-spine 0
98.20505378179962 393.3795458425815 85.51459791702243 391.87672870069997 73.828581184907 490.55864777189686 86.51903704968419 492.0614649137783 book-spine 0
270.670474516696 282.8391915641477 254.08347978910373 279.3207381370827 231.36115992970127 386.44024604569427 247.94815465729357 389.95869947275924 book-spine 0
473.2682926829267 600.4146341463414 461.43902439024396 590.9512195121952 423.78048780487813 638.0243902439024 435.6097560975609 647.4878048780487 book-spine 0
338.8837837837839 431.4027027027027 323.8891891891892 429.0351351351352 307.18648648648656 534.8189189189189 322.1810810810812 537.1864864864865 book-spine 0
251.4417157275021 127.41766190075695 236.1138772077376 124.79579478553407 218.4277544154752 228.19158957106816 233.7555929352397 230.81345668629103 book-spine 0
177.0316139767055 131.04825291181368 163.41430948419304 128.21131447587356 145.9018302828619 212.2712146422629 159.51913477537437 215.10815307820297 book-spine 0
616.2 488.60000000000014 601.4 481.20000000000005 551.6 580.8000000000001 566.4000000000001 588.2 book-spine 0
255.49863013698632 409.2630136986301 231.60547945205485 406.7479452054795 219.56712328767134 521.1123287671232 243.4602739726028 523.6273972602739 book-spine 0
502.9684014869889 195.90892193308554 485.22676579925655 193.59479553903353 473.91263940520446 280.33643122676585 491.6542750929368 282.6505576208179 book-spine 0
581.241261498029 487.7908015768726 569.2308804204994 481.3956636005257 521.7064388961893 570.6488830486203 533.7168199737189 577.0440210249672 book-spine 0
577.9984227129338 184.6798107255521 560.6482649842271 182.59779179810732 547.2097791798107 294.5851735015773 564.5599369085173 296.66719242902207 book-spine 0
363.871217261501 438.8288777310355 355.3354593567649 437.62382955624923 340.7250644592211 541.1141267471843 349.2608223639571 542.3191749219706 book-spine 0
570.8008244520411 484.41614719485233 545.6649909511361 471.7070178966419 498.4434948723105 565.1006434747638 523.5793283732154 577.8097727729742 book-spine 0
183.6132899215628 128.4516797395294 175.00621577623207 126.9640372946574 159.7962113363919 214.96477726801834 168.40328548172266 216.45241971289036 book-spine 0
232.1467811158799 404.33648068669527 213.87725321888414 402.7244635193133 203.60257510729616 519.1708154506437 221.8721030042919 520.7828326180257 book-spine 0
338.6013793103449 572.5834482758621 317.31448275862067 559.6262068965518 271.24 635.32 292.5268965517241 648.2772413793105 book-spine 0
549 613.0000000000001 536.4889103182256 603.857280617165 510.8746383799421 638.9083895853424 523.3857280617165 648.0511089681775 book-spine 0
429.576 446.8320000000001 413.296 443.8720000000001 393.712 551.584 409.9920000000001 554.544 book-spine 0
168.02459016393453 391.7295081967213 141.51639344262298 389.3196721311476 131.0491803278689 504.4590163934427 157.5573770491804 506.86885245901647 book-spine 0
129.6202026404667 242.478968375806 114.47252072459322 239.50353085661652 90.58120970217993 361.13202333435675 105.72889161805341 364.1074608535462 book-spine 0
260.95507487520797 130.6156405990017 251.2113144758735 128.58569051580702 230.0881863560732 229.9767054908486 239.83194675540767 232.0066555740433 book-spine 0
310.7364452423699 143.30053859964096 298.80538599640937 141.23554757630166 281.47755834829445 241.35188509874328 293.40861759425496 243.4168761220826 book-spine 0
215.0623175965666 403.46626609442063 199.02729613733914 401.989356223176 188.5399141630902 515.8523605150215 204.5749356223177 517.3292703862661 book-spine 0
398.2102557342473 308.16464539942 389.75059319799635 306.2736620089639 365.99433166359086 412.5516741365674 374.4539941998419 414.44265752702347 book-spine 0
161.28000000000003 276.96000000000004 145.52800000000002 274.096 128.85600000000002 365.79200000000003 144.60800000000003 368.656 book-spine 0
296.6387346051678 281.27119053368756 271.8257667230138 275.97404008693553 247.00784834581026 392.2263945906786 271.82081622796426 397.5235450374306 book-spine 0
202.46518804243013 117.24763741562202 192.742912246866 115.60443587270979 175.29026036644166 218.8659594985535 185.0125361620058 220.50916104146577 book-spine 0
288.0847154277533 416.2290896074454 277.845722467486 415.1039255458776 265.38539553752537 528.4929006085192 275.62438849779267 529.618064670087 book-spine 0
672 92.00000000000006 118 92.00000000000003 118 310.00000000000006 672 310.0000000000001 book-spine 0
452.06358381502895 144.0867052023122 431.5491329479769 140.93063583815035 411.8959537572254 268.6763005780347 432.4104046242775 271.8323699421966 book-spine 0
174.77790530846488 265.71649928263986 162.67862266857964 263.4218077474892 142.55351506456242 369.5360114777618 154.65279770444766 371.83070301291247 book-spine 0
488.5550547327754 603.8364455891824 473.57501609787516 593.0695428203478 440.7115260785577 638.7926593689633 455.6915647134579 649.5595621377979 book-spine 0
239.471812080537 553.1402684563759 232.29530201342294 551.0067114093961 210.70872483221484 623.6161073825505 217.8852348993289 625.7496644295303 book-spine 0
359.8461538461539 299.7692307692308 338.3076923076924 295.46153846153845 316.8846153846154 402.5769230769231 338.423076923077 406.88461538461536 book-spine 0
555.2081447963801 341.2171945701358 542.7918552036198 336.7828054298643 506.07239819004513 439.5972850678734 518.4886877828055 444.03167420814486 book-spine 0
525.8502943650127 336.61816652649304 509.32716568545 332.0479394449119 481.0037846930194 434.4478553406225 497.52691337258216 439.01808242220363 book-spine 0
479.4000000000001 142.80000000000007 452.20000000000005 139.40000000000003 435.3846153846154 273.92307692307696 462.58461538461546 277.323076923077 book-spine 0
149.80800000000002 260.056 138.28000000000003 257.96 118.87200000000004 364.70399999999995 130.40000000000003 366.8 book-spine 0
199.46153846153845 270.69230769230774 182.34615384615387 267.26923076923083 161.0769230769231 373.6153846153845 178.1923076923077 377.0384615384615 book-spine 0
404.16113989637313 308.45233160621774 395.4497409326426 306.6290155440415 373.01968911917106 413.79481865284987 381.7310880829016 415.61813471502603 book-spine 0
543.6486129458387 339.5706737120213 528.2615587846763 334.2443857331573 492.7727873183619 436.76750330250997 508.1598414795244 442.0937912813739 book-spine 0
448.63934426229514 596.0327868852461 440.672131147541 589.3934426229509 400.4262295081968 637.688524590164 408.39344262295083 644.3278688524592 book-spine 0
514.8723078733672 316.93185830293055 492.4363893138757 310.88172296104517 459.81028598328834 431.87018947863965 482.24620454278 437.920324820525 book-spine 0
284.5188640973631 561.538336713996 262.1914807302232 553.9375253549697 236.6823529411766 628.8705882352942 259.0097363083165 636.4713995943206 book-spine 0
585.0216606498196 620.2996389891698 567.028880866426 608.7328519855596 547.6967509025271 638.8050541516246 565.6895306859208 650.3718411552347 book-spine 0
198.41505131128855 110.32725199543901 184.85746864310153 107.52223489167618 162.44469783352338 215.85062713797038 176.00228050171043 218.65564424173323 book-spine 0
487.1552828175027 188.06456776947712 471.87353255069365 186.2876200640342 461.2652081109925 277.5192102454643 476.5469583778015 279.29615795090723 book-spine 0
306.3076923076923 118.46153846153851 279.1923076923077 113.03846153846155 254.69230769230768 235.53846153846155 281.8076923076923 240.96153846153845 book-spine 0
370.90233393177743 152.67540394973074 359.36337522441653 150.67827648114906 341.55403949730703 253.57666068222625 353.0929982046679 255.5737881508079 book-spine 0
297.95412469371087 417.89994554859794 282.88878301116256 415.95031309556225 268.341410291315 528.3618295671114 283.4067519738633 530.311462020147 book-spine 0
310.73048327137553 420.39962825278826 296.0241635687733 418.48141263940533 281.2527881040893 531.7286245353162 295.9591078066915 533.646840148699 book-spine 0
140.44252982389705 258.6476046203371 130.46875591743992 256.7713501230828 110.42359401628485 363.3272107555388 120.39736792274196 365.2034652527931 book-spine 0
89.85871559633037 522.062385321101 72.64036697247715 519.067889908257 59.97247706422027 591.908256880734 77.19082568807349 594.902752293578 book-spine 0
143.23911587407906 121.7019423978567 131.3784326858674 119.5170797052914 115.35298057602145 206.5123911587408 127.2136637642331 208.69725385130613 book-spine 0
592.1821826280623 192.40623608017825 576.3550111358575 190.38574610244996 562.706013363029 297.3028953229399 578.5331848552338 299.3233853006682 book-spine 0
580.4 637.8 578 633 570 637 572.4000000000001 641.8 book-spine 0
371.80807836497775 440.4056113193857 362.51312129640837 439.06300640948126 347.5510944491475 542.6462691982102 356.8460515177169 543.9888741081147 book-spine 0
586.1924176507147 350.7655686761964 571.9034182722187 344.9122436295836 531.3654443753884 443.87259167184584 545.6544437538844 449.7259167184586 book-spine 0
112.22926829268297 528.2634146341463 90.85365853658544 523.6829268292682 75.56097560975616 595.048780487805 96.93658536585369 599.629268292683 book-spine 0
562.8728457049804 180.81734292305612 547.0240195413219 178.57986158230432 531.1466956167732 291.0442393811916 546.9955217804317 293.2817207219433 book-spine 0
416.38002690985206 328.5057557183436 398.8228434743609 324.7748542383017 378.7603528180596 419.18657497383765 396.3175362535506 422.9174764538795 book-spine 0
402.655172413793 584.1379310344827 389.41379310344826 575.0344827586207 345.9389920424403 638.2705570291778 359.1803713527851 647.3740053050398 book-spine 0
344.4029167373241 435.2162116330338 335.8324571816178 433.97575038155 320.7622519925387 538.0971680515516 329.33271154824496 539.3376293030354 book-spine 0
341.088 137.01600000000002 312.752 131.86400000000003 292.368 243.97600000000006 320.704 249.12800000000004 book-spine 0
618.4482758620691 356.3793103448276 596.7241379310346 347.68965517241384 556.4482758620691 448.3793103448277 578.1724137931035 457.0689655172414 book-spine 0
457.97118463180357 597.3521878335112 447.7513340448239 589.2614727854857 408.6157950907151 638.6958377801495 418.83564567769474 646.786552828175 book-spine 0
519.9827586206898 463.7068965517242 494.99999999999994 453.00000000000006 449.01724137931024 560.293103448276 474 571.0000000000001 book-spine 0
414.4047228599542 440.7566415218105 393.99934404722853 437.3115775664153 375.0856018366677 549.3391275828141 395.49098064939335 552.7841915382093 book-spine 0
440.404705882353 593.5788235294119 427.94352941176476 583.454117647059 384.08000000000004 637.44 396.5411764705883 647.5647058823531 book-spine 0
200.65274336283187 399.3511504424779 184.04920353982305 398.09805309734514 175.52955752212392 510.98336283185836 192.13309734513277 512.2364601769912 book-spine 0
634.5324324324324 208.29459459459468 617.381081081081 205.58648648648656 601.7891891891891 304.3351351351352 618.9405405405405 307.0432432432433 book-spine 0
338.8630527817404 293.5121255349501 319.42796005706134 289.77460770328105 298.3509272467903 399.3751783166905 317.7860199714694 403.11269614835953 book-spine 0
273.312 115.78400000000003 260.464 113.44800000000004 238.912 231.98399999999998 251.76000000000002 234.32 book-spine 0
321.7049773755657 426.9339366515837 308.2660633484163 425.3049773755656 295.1330316742081 533.6524886877828 308.5719457013575 535.2814479638009 book-spine 0
350.70000000000016 437.1000000000001 342.16000000000014 435.8800000000001 327.42000000000013 539.0600000000001 335.96000000000015 540.2800000000001 book-spine 0
154.47702407002194 123.99562363238516 142.3457330415755 121.6849015317287 125.96061269146608 207.7067833698031 138.09190371991252 210.01750547045958 book-spine 0
357.2758620689656 437.3103448275862 348.1724137931035 436.0689655172414 333.975659229209 540.1784989858013 343.0791075050711 541.4198782961461 book-spine 0
451.23452157598507 213.8030018761727 435.82926829268297 212.4634146341464 430.59474671669795 272.6604127579738 446.0000000000001 274.00000000000006 book-spine 0
421.8559837728196 589.5070993914808 406.33874239350916 578.3002028397567 362.6713995943205 638.7626774847871 378.188640973631 649.9695740365112 book-spine 0
487.3581108278545 463.76425600429354 466.3657587548639 456.852140077821 433.43177244062804 556.8738762914263 454.4241245136186 563.7859922178989 book-spine 0
418.17400375547675 157.47444189442945 396.694345921135 153.36803672021705 376.2030043813895 260.55351554350096 397.68266221573134 264.65992071771336 book-spine 0
185.4936198791135 395.93552719946274 166.31833445265278 394.37474815312294 157.00631296171932 508.77958361316314 176.18159838818002 510.340362659503 book-spine 0
462.52467866323923 313.5380462724936 441.3863753213368 309.03316195372753 417.03393316195377 423.30231362467873 438.17223650385614 427.80719794344475 book-spine 0
358.41440117560614 575.5576781778104 343.03967670830275 565.6385011021308 296.67670830271857 637.5011021307862 312.051432770022 647.4202792064659 book-spine 0
529.1489853583355 177.8232725404573 497.88620601078844 174.29360390444396 485.54764962753654 283.5779604418187 516.8104289750835 287.10762907783203 book-spine 0
246.73076923076928 263.34615384615387 213.65384615384616 256.7307692307692 189.1538461538462 379.23076923076917 222.23076923076923 385.8461538461538 book-spine 0
213.4369606003753 547.1750469043153 186.15590994371485 540.6429643527206 168.5212007504691 614.2938086303941 195.80225140712955 620.8258911819888 book-spine 0
277.2005892462559 125.87650380554877 269.6509943530568 124.60410017186354 251.098944267125 234.6795973483919 258.64853916032416 235.95200098207715 book-spine 0
570.6642827092974 346.29659234328994 554.2297013041649 340.48127892301227 518.3121581825831 441.9873790492218 534.7467395877155 447.80269246949945 book-spine 0
265.7317073170733 416.41463414634154 253.98780487804882 415.109756097561 242.00000000000003 523.0000000000001 253.74390243902445 524.3048780487806 book-spine 0
140.5560206049224 385.35388425075223 119.05750488821617 383.63369723813094 109.64926189576221 501.21583124787526 131.14777761246842 502.93601826049655 book-spine 0
119.09330837461565 394.49591054445733 108.46632231109712 393.5905350670666 100.21908641295408 490.3937544393215 110.84607247647259 491.2991299167123 book-spine 0
108.78103002736225 392.4963697148226 94.6148085824311 391.17496500080415 84.93047244181707 494.9966396623744 99.09669388674823 496.31804437639283 book-spine 0
321.57198531917453 285.1201815279303 302.7335886179297 281.1159573418073 278.3122191040451 396.0094861518628 297.15061580528993 400.0137103379858 book-spine 0