599.3544822889821 260.9462966450832 584.5703318563561 258.57897172132516 570.073730656357 349.11150941891725 584.857881088983 351.47883434267527 book-spine 0
551.6486486486486 209.89189189189187 533.4054054054054 100.43243243243245 506.81081081081084 104.86486486486487 525.0540540540541 214.32432432432432 book-spine 0
349.8833718244804 498.1235565819861 332.9087759815243 399.67090069284063 319.64780600461893 401.95727482678984 336.6224018475751 500.40993071593533 book-spine 0
426.21364009860326 518.6639276910437 407.6955628594907 512.753903040263 376.6663927691045 609.9786359901398 395.1844700082171 615.8886606409204 book-spine 0
395.43783783783783 493.772972972973 380.0081081081081 396.05135135135134 370.66216216216213 397.5270270270271 386.09189189189186 495.24864864864867 book-spine 0
166.9474452554744 393.54452554744523 155.4773722627737 294.13722627737224 143.63503649635032 295.5036496350364 155.10510948905107 394.9109489051094 book-spine 0
206.79416058394162 514.7839416058392 184.52788321167884 408.6916788321168 160.06233576642336 413.8264233576642 182.32861313868614 519.9186861313867 book-spine 0
512.7009174311926 213.5302752293578 494.5504587155963 109.1651376146789 479.0623853211009 111.85871559633027 497.2128440366973 216.22385321100916 book-spine 0
313.0350297422341 528.0733641771317 293.1325181758097 527.7115003304694 291.38334434897564 623.9160608063452 311.2858559154 624.2779246530074 book-spine 0
415.0440304826418 490.69940728196445 400.8865368331922 394.428450465707 394.0059271803556 395.4403048264183 408.1634208298052 491.7112616426757 book-spine 0
564 262.0000000000001 530 262.0000000000001 530 356.0000000000001 564 356.0000000000001 book-spine 0
435.1325966850829 367.51933701657464 429.3977900552487 258.5580110497238 408.2458563535912 259.6712707182321 413.9806629834254 368.63259668508294 book-spine 0
368.6435875943 374.09270746018433 360.25465213746855 266.43470243084664 341.4338642078793 267.901257334451 349.82279966471083 375.5592623637887 book-spine 0
555.1946308724832 389.5637583892618 539.4496644295302 386.78523489932894 524.3187919463087 472.52684563758396 540.0637583892617 475.3053691275169 book-spine 0
428.69798657718127 222.2885906040268 413.8087248322148 137.9161073825503 399.20469798657723 140.49328859060404 414.0939597315437 224.86577181208054 book-spine 0
506.97710093374843 259.1780791462873 491.2772343263674 258.4751000444643 486.7012005335706 360.6731880835928 502.40106714095157 361.3761671854158 book-spine 0
631.1263940520446 201.63568773234198 616.9460966542752 92.9200743494424 594.1598513011153 95.89219330855022 608.3401486988847 204.6078066914498 book-spine 0
526.8592168939728 212.17289925208976 509.8068631764188 111.9903211614606 494.83633963924325 114.53849538055431 511.88869335679715 214.72107347118344 book-spine 0
180.6340206185567 246.55154639175254 170.94432989690722 146.42474226804123 157.1381443298969 147.76082474226806 166.8278350515464 247.88762886597937 book-spine 0
520.6136986301372 375.16986301369866 496.3041095890412 372.6109589041097 484.6109589041097 483.6958904109589 508.9205479452056 486.254794520548 book-spine 0
639 290.0000000000001 628 290.0000000000001 628 347.0000000000001 639 347.0000000000001 book-spine 0
415.4687058823529 370.18682352941187 408.3082352941176 260.3929411764706 384.7995294117647 261.92611764705885 391.96 371.72 book-spine 0
299.14808652246256 503.5108153078204 278.3161397670549 403.5174708818636 267.21464226289515 405.8302828618969 288.0465890183028 505.8236272878537 book-spine 0
610 497.0000000000001 547 497.0000000000001 547 591 610 591 book-spine 0
157.62633371169125 248.19114642451757 146.10533484676503 139.56458569807035 133.95414301929625 140.85334846765036 145.47514188422247 249.4799091940976 book-spine 0
184.04899559039688 246.55120039196473 175.1278784909358 146.18863302302796 162.40617344439005 147.31945124938758 171.3272905438511 247.68201861832435 book-spine 0
290.12075471698114 623.777358490566 286.0830188679245 530.9094339622641 277.62075471698114 531.277358490566 281.65849056603776 624.145283018868 book-spine 0
106.44615384615385 400.56923076923067 95.1076923076923 309.86153846153843 83.16923076923075 311.3538461538461 94.50769230769231 402.06153846153836 book-spine 0
242.5031545741325 385.85962145110415 230.48422712933754 285.70189274447955 219.2460567823344 287.0504731861199 231.26498422712933 387.20820189274446 book-spine 0
223.7066246056782 512.4447949526814 202.13943217665613 407.30473186119866 184.98927444794953 410.8227129337539 206.55646687697163 515.9627760252366 book-spine 0
245.5813471502591 240.88911917098446 232.11150259067358 124.71170984455959 206.0273575129534 127.7359585492228 219.49720207253887 243.91336787564768 book-spine 0
312.3338742393509 504.61825557809345 292.2247464503042 397.8851926977688 277.4310344827586 400.6724137931035 297.5401622718053 507.4054766734281 book-spine 0
172.7767354596623 393.93245778611634 163.96998123827393 292.6547842401501 154.04502814258913 293.51782363977486 162.85178236397746 394.7954971857411 book-spine 0
363.2702702702703 496.62162162162156 346.6756756756757 397.05405405405406 333.3783783783784 399.2702702702702 349.9729729729729 498.83783783783775 book-spine 0
589.8542853679236 500.0745544914536 574.1917808219179 494.17808219178085 538.025457631228 590.2448781670506 553.6879621772338 596.1413504667235 book-spine 0
574.9704142011834 504.0710059171598 558.7810650887574 497.3254437869823 520.4674556213017 589.2781065088758 536.6568047337278 596.0236686390533 book-spine 0
222.29257641921396 242.6943231441048 208.50218340611352 139.26637554585153 200.64192139737992 140.31441048034935 214.43231441048033 243.74235807860262 book-spine 0
335.76657824933693 233.10875331564984 324.0021220159151 130.58992042440318 297.5957559681698 133.62015915119363 309.36021220159154 236.1389920424403 book-spine 0
458.16519546027746 485.875157629256 447.69735182849945 388.1752837326609 434.4918032786886 389.59016393442624 444.95964691046663 487.29003783102144 book-spine 0
396.860655737705 373.46721311475403 388.6721311475411 283.3934426229508 373.0737704918033 284.811475409836 381.26229508196724 374.88524590163934 book-spine 0
168.6153846153846 246.92307692307693 156.69230769230768 151.53846153846155 144.63076923076923 153.04615384615386 156.55384615384617 248.43076923076924 book-spine 0
538.2281755196306 391.64341801385683 525.0549653579677 389.63879907621254 512.1090069284065 474.71224018475755 525.2822170900694 476.71685912240196 book-spine 0
338.34311926605506 500.72293577981657 319.7816513761468 393.99449541284406 306.19266055045875 396.35779816513764 324.754128440367 503.0862385321102 book-spine 0
140.58722919042188 520.6716077537056 122.26567844925884 432.11744583808434 110.46066134549602 434.5598631698973 128.78221208665906 523.1140250855187 book-spine 0
257 282 180.00000000000006 282 180.00000000000006 391 257 391 book-spine 0
514.6246615288482 510.59987502603633 501.6138304519892 505.79587585919603 468.06581962091235 596.6550718600292 481.07665069777124 601.4590710268695 book-spine 0
373.2552036199095 495.75927601809957 354.7878733031673 399.4653393665159 343.0682352941176 401.7129411764706 361.53556561085963 498.0068778280543 book-spine 0
203.95536480686695 244.82746781115878 195.37768240343348 147.61373390557938 186.47639484978544 148.39914163090128 195.0540772532189 245.6128755364807 book-spine 0
304.1463414634147 381.3170731707317 292.03658536585374 272.3292682926829 272.609756097561 274.4878048780488 284.7195121951219 383.4756097560976 book-spine 0
129.80186282811178 251.85266723116 117.88823031329383 170.83996613039795 103.81033022861982 172.91024555461468 115.72396274343775 253.9229466553768 book-spine 0
644.3461538461538 372.26923076923083 615.6923076923078 366.53846153846155 594.8846153846155 470.5769230769231 623.5384615384614 476.3076923076924 book-spine 0
284.0309194467046 622.5410903173312 278.8380797396257 531.6663954434499 266.5638730675346 532.3677786818552 271.7567127746135 623.2424735557364 book-spine 0
598.0034129692834 380.47098976109214 575.6075085324233 377.83617747440275 564.4675767918088 472.52559726962465 586.863481228669 475.1604095563141 book-spine 0
565.6883996613041 208.28111769686703 551.8823031329383 114.39966130397966 535.731583403895 116.77476714648603 549.5376799322607 210.6562235393734 book-spine 0
387.6983727237505 493.96222394420766 372.76462611390923 397.5716776443238 364.6220457187137 398.8332041844246 379.55579232855484 495.2237504843084 book-spine 0
640.5969815539407 247.78535494689777 625.8300726662939 246.0273896031303 613.8960313024035 346.27333705981005 628.6629401900503 348.03130240357746 book-spine 0
267.50539419087136 509.4547717842324 245.11701244813278 400.71120331950215 228.24398340248965 404.18506224066397 250.63236514522822 512.9286307053942 book-spine 0
387.79577944179727 522.7556160653506 365.68141592920364 516.778761061947 339.25527569775363 614.5554799183119 361.36963921034726 620.5323349217156 book-spine 0
639 515 615 515 615 582 639 582 book-spine 0
468.6131386861314 514.3138686131388 450.5474452554745 507.7445255474453 416.21167883211683 602.1678832116788 434.2773722627737 608.7372262773722 book-spine 0
218.8876404494382 631.8202247191011 210.0696629213483 539.2314606741573 172.08089887640455 542.8494382022473 180.8988764044944 635.438202247191 book-spine 0
197.28551091426766 245.2839291363493 186.24833913318577 148.40208794685222 171.77791838025942 150.05061689338814 182.81509016134135 246.9324580828852 book-spine 0
374.8758620689655 372.8896551724137 368.85862068965525 270.59655172413784 359.88965517241377 271.1241379310344 365.9068965517241 373.4172413793102 book-spine 0
181.720725388601 517.221243523316 159.3979274611399 410.5678756476684 139.59119170984457 414.7134715025907 161.9139896373057 521.3668393782383 book-spine 0
608.024340770791 204.17849898580127 593.8458417849898 100.20283975659231 576.1744421906693 102.61257606490875 590.3529411764705 206.58823529411768 book-spine 0
416.85599999999994 224.20800000000003 394.056 98.80800000000005 368.712 103.41600000000003 391.51199999999994 228.81600000000003 book-spine 0
231.41257050765515 387.6099919419823 218.303787268332 272.9081385979049 187.81627719580985 276.392425463336 200.925060435133 391.0942788074134 book-spine 0
294.6657524854303 621.9506342132329 292.9790881042167 530.8707576276997 285.40761055879335 531.0109701748372 287.0942749400069 622.0908467603704 book-spine 0
501.12993762993773 511.5665280665281 489.5540540540542 507.17567567567573 454.472972972973 599.6621621621623 466.04885654885663 604.0530145530147 book-spine 0
341.0302934179223 376.1741475019826 330.76542426645517 274.808564631245 309.865820777161 276.9249801744647 320.13068992862816 378.29056304520225 book-spine 0
491.4526153846154 361.7990769230769 489.699076923077 261.84738461538456 474.30030769230774 262.1175384615384 476.05384615384617 362.0692307692308 book-spine 0
142.9268292682927 396.65853658536594 134.19136960600375 296.2007504690432 121.24577861163229 297.3264540337712 129.9812382739212 397.78424015009386 book-spine 0
444.6510067114094 221.3557046979866 430.0939597315437 138.8657718120805 413.5503355704699 141.78523489932883 428.1073825503357 224.27516778523488 book-spine 0
201.01774871555347 390.563288183092 189.89677720691265 288.25035030359646 177.8435310602522 289.5604857543204 188.964502568893 391.87342363381595 book-spine 0
286.0967452971036 506.3514481934907 267.3986264556584 399.7721707972529 246.5491191400418 403.4299790982383 265.247237981487 510.009256494476 book-spine 0
488.8657030223391 513.037582128778 472.067805519054 506.95558475689893 438.1311432325888 600.6854139290407 454.92904073587397 606.7674113009198 book-spine 0
518.0420860018298 258.3055809698079 505.2708142726441 257.53156450137243 499.0823421774931 359.6413540713632 511.85361390667885 360.4153705397987 book-spine 0
321 274 293 274 293 380 321 380 book-spine 0
624.7785862785864 496.67463617463636 605.5758835758837 489.3908523908525 568.6538461538462 586.7307692307693 587.8565488565489 594.0145530145533 book-spine 0
152.38 248.65999999999997 138.82 153.74 129.29999999999998 155.10000000000002 142.85999999999999 250.01999999999998 book-spine 0
482.7472698907956 216.9204368174727 466.0795631825273 112.74726989079561 449.2308892355694 115.44305772230888 465.89859594383773 219.616224648986 book-spine 0
327.0951672862453 501.20371747211897 306.43345724907067 394.94349442379183 293.0505576208178 397.54572490706323 313.7122676579926 503.80594795539037 book-spine 0
351.8323152107514 374.4883934025657 343.6527183872938 281.24098961514966 331.74434941967024 282.2855833842395 339.9239462431277 375.5329871716555 book-spine 0
349.2950819672132 525.7540983606558 336.31147540983613 524.5737704918033 327.860655737705 617.532786885246 340.84426229508205 618.7131147540985 book-spine 0
152.46791808873718 520.0726962457338 133.12969283276448 426.8976109215017 119.96109215017064 429.63071672354954 139.29931740614333 522.8058020477816 book-spine 0
161.47812166488796 638.7118463180364 150.53361792956244 544.589114194237 132.84258271077908 546.6462113127002 143.78708644610458 640.7689434364995 book-spine 0
130.00000000000003 170 76.00000000000003 170 76.00000000000003 256 130.00000000000006 256 book-spine 0
590.470808033629 205.73143390938816 579.492293320878 104.72909855207848 568.6207379729099 105.9107893507707 579.5992526856609 206.91312470808037 book-spine 0
445.4356164383562 489.6383561643835 434.6849315068493 387.5068493150684 418.8082191780822 389.17808219178073 429.558904109589 491.3095890410958 book-spine 0
406.6194774346794 520.3648456057007 390.02280285035647 515.4612826603326 361.58954869358683 611.6969121140143 378.1862232779098 616.6004750593825 book-spine 0
547.5265486725664 257.1017699115045 532.9911504424779 256.13274336283195 526.358407079646 355.62389380530976 540.8938053097345 356.5929203539823 book-spine 0
279.70896619304267 238.22586967172958 270.32337089661934 132.6379225869672 242.4767270945615 135.11317981381677 251.86232239098484 240.7011268985792 book-spine 0
456.7319587628866 365.10309278350513 451.96288659793817 260.1835051546392 429.0556701030928 261.22474226804127 433.8247422680412 366.1443298969072 book-spine 0
181.0629944330501 635.6648110167009 169.889246996777 543.0823322590096 149.5136243773806 545.5414591268678 160.68737181365367 638.1239378845592 book-spine 0
582.7931663625809 206.5073809918726 568.3678885387295 95.43274174821693 548.8145629457622 97.97213468236853 563.2398407696136 209.04677392602417 book-spine 0
432.26011281224817 491.11716357776 417.31216760676875 385.1226430298147 399.1352135374698 387.68605962933117 414.0831587429493 493.6805801772765 book-spine 0
436.8810093939953 516.2751888008843 422.69791858537485 511.61503039233753 392.09762387179967 604.7463621293057 406.2807146804201 609.4065205378524 book-spine 0
408.69437652811723 492.29584352078246 394.14914425427867 395.3276283618581 378.7946210268948 397.6308068459657 393.33985330073347 494.59902200489006 book-spine 0
301.85693430656937 236.0934306569343 288.79270072992705 122.87007299270071 267.7649635036496 125.29635036496347 280.8291970802919 238.5197080291971 book-spine 0
477.03939962476557 486.9530956848031 467.88367729831145 381.66228893058167 448.0337711069418 383.3883677298312 457.1894934333959 488.6791744840526 book-spine 0
532.9376738099135 507.1267789955833 517.0909537052185 501.0485849828236 481.14853590708327 594.7556028136759 496.9952560117782 600.8337968264357 book-spine 0
387.9305673158341 227.12785774767144 370.52582557154955 108.77561388653686 352.96443691786624 111.35817104149027 370.3691786621507 229.71041490262485 book-spine 0
381.7467166979362 372.58724202626644 373.063789868668 272.733583489681 365.0806754221389 273.4277673545966 373.7636022514072 373.28142589118204 book-spine 0
254.82686476652515 240.16161309884777 243.14038811400846 145.00030321406913 232.13098847786534 146.3523347483323 243.817465130382 241.51364463311094 book-spine 0
336.0859728506789 526.1945701357466 314.18325791855216 525.1515837104073 309.36199095022636 626.3981900452491 331.26470588235304 627.4411764705884 book-spine 0
376.4790727623954 495.5943335479717 360.78847392144235 399.7073406310367 351.9877656149388 401.14745653573726 367.6783644558918 497.0344494526723 book-spine 0
107.1231021748051 254.0053344275749 97.03610997127618 171.62823143208863 85.81657775954042 173.00205170291343 95.90356996306934 255.37915469839965 book-spine 0
468.52 218.36000000000007 450.072 116.89600000000004 426.22400000000005 121.23200000000003 444.672 222.69600000000003 book-spine 0
448.47519051651136 515.4712955122778 435.0248941574936 511.04928027095684 403.814733276884 605.9801862828112 417.2650296359017 610.4022015241321 book-spine 0
490 386.0000000000001 470 386.0000000000001 470.00000000000006 484.0000000000001 490.00000000000006 484.0000000000001 book-spine 0
235.56660412757975 629.5159474671669 227.52157598499065 536.9981238273921 209.69981238273925 538.5478424015009 217.74484052532836 631.0656660412758 book-spine 0
477.9097387173397 363.38242280285033 473.9287410926366 247.93349168646077 450.7838479809976 248.73159144893106 454.7648456057007 364.1805225653206 book-spine 0
121.8170731707317 400.3536585365853 109.15853658536585 286.4268292682927 93.35365853658537 288.1829268292683 106.01219512195122 402.1097560975609 book-spine 0
496.11999999999995 215.83999999999997 481.23999999999995 111.67999999999999 465.8399999999999 113.88 480.7199999999999 218.04 book-spine 0
578.4053039192679 254.77587420793247 556.9267777517016 252.79324102323403 547.6881013846515 352.87890166627557 569.1666275522178 354.86153485097407 book-spine 0
279.2908067542214 383.84427767354595 269.7711069418387 274.36772983114446 244.91557223264545 276.52908067542216 254.43527204502817 386.00562851782365 book-spine 0
312.3362445414847 235.02183406113534 299.4017467248908 138.0131004366812 288.6593886462882 139.44541484716157 301.5938864628821 236.45414847161567 book-spine 0
273.5420520542052 628.3719079371908 266.5728113572811 533.5902344590235 241.80963648096366 535.4110561411056 248.77887717788775 630.192729619273 book-spine 0
639 447.0000000000001 635 447.0000000000001 635 467.0000000000001 639 467.0000000000001 book-spine 0
215.58466798632355 243.80727010977148 202.06280367104551 132.62749685081877 189.8781716753644 134.10941155299622 203.40003599064244 245.2891848119489 book-spine 0
533.0828729281769 257.4254143646409 516.6546961325967 256.560773480663 511.3314917127071 357.70165745856355 527.7596685082874 358.5662983425415 book-spine 0
560.0089253837915 505.2281328097109 537.3720099964299 495.98857550874703 498.17172438414866 592.0292752588362 520.8086397715102 601.2688325598001 book-spine 0
252.65882352941176 510.9647058823529 230.11764705882354 409.52941176470586 214.12941176470585 413.08235294117645 236.67058823529408 514.5176470588235 book-spine 0
627.0437897805325 243.14975507145436 609.0654065878251 241.06516342626264 596.7549082067553 347.2360087803522 614.7332913994627 349.32060042554394 book-spine 0
581.2376416392001 381.84849046702266 564.8171468177115 378.7888388149199 547.3136990840975 472.7260923158151 563.734193905586 475.7857439679178 book-spine 0