219.00000000000006 565 200.00000000000006 565 200.00000000000006 639 219.00000000000006 639 book-spine 0
234.00000000000006 564 219.00000000000006 564 219.00000000000006 639 234.00000000000006 639 book-spine 0
594.3453623922959 245.6488596046629 584.7680689305625 127.12985301571209 554.4007095793207 129.58378104409528 563.9780030410541 248.1027876330461 book-spine 0
205.00000000000006 295 193.00000000000006 295 193.00000000000006 404 205.00000000000006 404 book-spine 0
520.5989847715736 246.38578680203045 512.5786802030457 134.1015228426396 494.8832487309645 135.36548223350255 502.9035532994924 247.64974619289342 book-spine 0
423.25660377358486 528.9018867924528 418.7264150943396 424.70754716981133 410.13396226415097 425.0811320754717 414.66415094339624 529.2754716981133 book-spine 0
200.00000000000006 565 159.00000000000006 565 159.00000000000006 638 200.00000000000006 638 book-spine 0
595.024 301.36800000000005 583.672 299.30400000000003 565.864 397.2480000000001 577.216 399.3120000000001 book-spine 0
363.26505596020615 248.93959850772785 360.3533487297922 139.75057736720552 333.50577367205545 140.46651270207852 336.4174809024694 249.65553384260085 book-spine 0
398 161.00000000000006 383 161.00000000000006 383 249.00000000000006 398 249.00000000000006 book-spine 0
483.0505709624798 288.2300163132138 459.1843393148451 287.54812398042424 456.0008156606852 398.9714518760196 479.8670473083199 399.65334420880924 book-spine 0
629.0918391253417 244.72963686060132 622.7797735259664 125.8524014057009 601.9888324873097 126.95634517766499 608.3008980866849 245.83358063256543 book-spine 0
184.25953027263068 249.95892836067512 180.8633305794878 145.80880443762538 168.930367048271 146.19792281364334 172.3265667414139 250.34804673669305 book-spine 0
489.00000000000006 419.0000000000001 469 419.0000000000001 469.00000000000006 530 489.0000000000001 530 book-spine 0
639.1910112359551 304.5056179775282 623.3426966292137 300.8483146067417 602.174157303371 392.5786516853934 618.0224719101124 396.2359550561798 book-spine 0
621.4000000000001 559.2 608.2 552.6000000000001 565.6 637.8000000000002 578.8000000000001 644.4000000000001 book-spine 0
173.05622775800714 249.98007117437723 170.84626334519578 132.85195729537367 160.22740213523133 133.0523131672598 162.43736654804275 250.18042704626336 book-spine 0
439.05509882805677 562.1187685849223 413.0246632849396 552.5864964142035 381.8082910617457 637.8312051775407 407.83872660486276 647.3634773482597 book-spine 0
201.4010152284264 249.61421319796955 193.61928934010155 140.67005076142135 177.41624365482232 141.8274111675127 185.19796954314722 250.7715736040609 book-spine 0
282.68235294117653 564.129411764706 274.04117647058837 563.4647058823531 268.2352941176472 638.9411764705884 276.87647058823535 639.6058823529413 book-spine 0
309.00000000000006 564 288.4832618025751 562.1896995708154 281.7467811158798 638.5364806866952 302.26351931330476 640.3467811158798 book-spine 0
103.60415224913496 405.95778546712813 100.96816608996541 305.7903114186851 88.18754325259518 306.1266435986159 90.82352941176472 406.2941176470589 book-spine 0
296 291 287 291 287 402 296 402 book-spine 0
311.6341380482829 534.8486909214552 301.0578034682081 420.62427745664735 285.799727983679 422.03706222373336 296.3760625637538 536.2614756885413 book-spine 0
175.00000000000006 297 163.00000000000006 297 163.00000000000006 405 175.00000000000006 405 book-spine 0
358.6573561281001 531.963881531423 352.8753912834095 426.7321213580544 344.4721887791957 427.19383578136285 350.2541536238863 532.4255959547315 book-spine 0
579.7633996937215 433.25344563552846 563.978560490046 429.1944869831548 540.5964777947933 520.1248085758041 556.3813169984687 524.1837672281777 book-spine 0
573.9321266968326 561.8099547511313 549.3438914027149 550.1628959276019 510.1470588235294 632.9117647058824 534.7352941176471 644.5588235294119 book-spine 0
202.06237006237006 249.933471933472 198.54054054054052 140.75675675675674 184.78066528066532 141.20062370062368 188.30249480249483 250.37733887733893 book-spine 0
437 285 411 285 411 400 437 400 book-spine 0
327.1714069972314 249.89932041278627 323.32091618424374 128.6088598036748 302.0566322678077 129.2839164359426 305.9071230807954 250.57437704505412 book-spine 0
468.00000000000006 423.00000000000006 454 423 454.00000000000006 529 468.0000000000001 529 book-spine 0
549.4594594594596 433.7567567567568 541.5862068965517 432.0344827586207 521.7474370922647 522.726001863933 529.6206896551726 524.4482758620691 book-spine 0
366 301 355 301 355 399 366 399 book-spine 0
127.32420286753688 536.86368499893 117.12454526000425 437.78129681147004 105.0903060132677 439.02011555745776 115.28996362080034 538.1025037449176 book-spine 0
263 294 247.00000000000006 294 247.00000000000006 403 263 403 book-spine 0
526 559 476.0000000000001 559 476.0000000000001 640 526 640 book-spine 0
366.4282592862345 531.9227967953387 360.62345229424625 424.5338674435543 345.90968681718863 425.3292061179899 351.71449380917693 532.7181354697742 book-spine 0
215.75504587155964 249.9165137614679 212.5954128440367 145.648623853211 198.09357798165138 146.0880733944954 201.25321100917432 250.35596330275234 book-spine 0
140.00000000000003 165 127.00000000000003 165 127.00000000000003 250 140.00000000000006 250 book-spine 0
644.6198895027626 423.37790055248627 629.0784530386741 419.09060773480667 599.5270718232044 526.214364640884 615.068508287293 530.5016574585636 book-spine 0
286.7963898916967 534.6166064981951 274.441155234657 420.33068592057765 251.03898916967506 422.8606498194946 263.3942238267148 537.146570397112 book-spine 0
479.09538950715415 247.19236883942762 472.10333863275036 159.79173290937996 455.0524642289348 161.1558028616852 462.0445151033386 248.55643879173286 book-spine 0
609.3207547169811 429.37735849056617 596.9056603773586 425.83018867924534 569.1320754716983 523.0377358490567 581.5471698113208 526.5849056603774 book-spine 0
553.6040268456376 245.57718120805367 543.3364997418688 133.77521941146102 526.4989158492514 135.32152813629324 536.7664429530201 247.1234899328859 book-spine 0
394.01722282023684 530.5801937567277 386.76264800861145 426.5979547900969 379.03283100107643 427.13724434876207 386.28740581270176 531.1194833153929 book-spine 0
598.4230769230769 427.8846153846155 571.3076923076924 422.46153846153857 550.8846153846155 524.5769230769232 578 530.0000000000001 book-spine 0
149.02633355840646 249.7548953409858 145.92667116812962 160.8979068197164 137.9015530047265 161.1778528021607 141.00121539500336 250.03484132343007 book-spine 0
265.3459570112589 536.1811668372569 250.37359263050152 420.14534288638686 232.44626407369495 422.45854657113614 247.41862845445235 538.4943705220062 book-spine 0
390.19337539432183 563.1447949526814 367.25457413249217 554.9214511041009 337.4419558359622 638.0829652996847 360.3807570977918 646.3063091482652 book-spine 0
606.8000000000001 559.4000000000001 590.8000000000001 551.4000000000001 547.4000000000001 638.2 563.4000000000001 646.2000000000002 book-spine 0
455.8504753673293 529.9161624891962 452.63958513396716 420.7458945548833 436.9472774416595 421.20743301642176 440.15816767502156 530.3777009507346 book-spine 0
198.8970117395944 536.3143009605122 185.5725720384205 421.72411953041626 159.59818569903948 424.7443970117396 172.9226254002134 539.3345784418357 book-spine 0
119.07868442964195 406.85553705245627 116.56619483763532 283.74354704412985 101.6540383014155 284.0478767693589 104.16652789342214 407.15986677768524 book-spine 0
222.0093224411341 249.95088899567517 221 146.99999999999997 212.0988947621336 147.08726573762613 213.10821720326769 250.03815473330133 book-spine 0
277.14262132717073 249.92208649719385 273.4615384615385 148.6923076923077 261.40475404423904 149.13073621657315 265.08583690987126 250.36051502145932 book-spine 0
247.69230769230768 536.5384615384614 233.59999999999997 423.8 218.09230769230766 425.73846153846154 232.18461538461537 538.476923076923 book-spine 0
393.1884952475003 292.0354277249723 385.267250956672 291.9474138995186 384.0557955807925 400.9783977286754 391.9770398716208 401.06641155412916 book-spine 0
157.64390665514264 403.8928262748488 154.90146931719968 310.6499567847883 139.56179775280899 311.10112359550567 142.30423509075194 404.34399308556624 book-spine 0
288 287 263 287 263 405 288 405 book-spine 0
166.28942807625648 249.94627383015597 161.95667244367417 145.96013864818022 152.72270363951472 146.34488734835352 157.05545927209704 250.33102253032928 book-spine 0
319.154747668022 533.7868930877781 307.99031332217174 420.9020569241808 298.3157139440326 421.8588854341067 309.4801482898829 534.7437215977039 book-spine 0
639 135.00000000000006 631 135.00000000000006 631 241.00000000000006 639 241.00000000000006 book-spine 0
419.11568488289566 248.71043293115684 411.8520227111427 120.38573456352023 391.78424414478354 121.52164655784244 399.04790631653657 249.84634492547906 book-spine 0
168.04809242342824 404.93363782912417 166.2767329392799 296.8807092960774 153.91939817302526 297.08328855454056 155.69075765717358 405.13621708758734 book-spine 0
544.6702025072325 563.254580520733 528.0588235294119 555.2352941176473 488.4484088717455 637.2854387656703 505.0597878495661 645.3047251687562 book-spine 0
289.00000000000006 564 282.13405590416437 563.4181403308614 275.7378779235597 638.8930405019967 282.60382201939535 639.4749001711352 book-spine 0
355.4195716085678 400.9504409911802 353.8387232255355 291.8719025619488 332.3359932801344 292.1835363292734 333.91684166316674 401.2620747585048 book-spine 0
553.6681222707423 291.4890829694324 541.0262008733625 289.80349344978174 526.7729257641922 396.703056768559 539.414847161572 398.38864628820966 book-spine 0
523.9855725879171 293.89269612263297 507.62669071235337 292.84851217312894 500.863841298467 398.79981965734896 517.2227231740308 399.84400360685305 book-spine 0
451.5141176470588 247.63647058823528 437.55529411764707 112.70117647058824 410.3635294117647 115.51411764705884 424.32235294117646 250.4494117647059 book-spine 0
143.37856525496974 404.87121866897155 140.20051858254106 296.81763180639587 129.12186689714778 297.14347450302506 132.2999135695765 405.19706136560075 book-spine 0
191.00000000000006 297 174.00000000000006 297 174.00000000000006 405 191.00000000000006 405 book-spine 0
400 291 387 291 387 400 400 400 book-spine 0
541.8240504428766 292.2251914127009 526.2953010058551 290.3080618525748 513.0600510433869 397.5135865485663 528.5888004804084 399.4307161086924 book-spine 0
502.48848603625675 562.8314551690348 493.29691327780495 558.0058794708477 453.1592356687898 634.4585987261146 462.3508084272416 639.2841744243018 book-spine 0
509.1323139898868 276.3918853840598 486.61786660245605 275.15482783529984 479.8191668673247 398.8911630146882 502.3336142547556 400.1282205634481 book-spine 0
334.5243902439026 563.2804878048781 311.6951219512196 560.7439024390244 303.0000000000001 639 325.8292682926831 641.5365853658536 book-spine 0
645.4242128386625 560.5562606785454 624.9624115206249 549.2291920917746 578.2089333658776 633.6870881132537 598.6707346839152 645.0141567000244 book-spine 0
158.01837837837837 249.79027027027024 155.46270270270267 139.8962162162162 142.12108108108106 140.20648648648648 144.67675675675673 250.10054054054052 book-spine 0
463.86067415730344 247.53707865168536 455.1280898876405 155.84494382022473 440.35730337078655 157.25168539325844 449.0898876404495 248.9438202247191 book-spine 0
265.4985945945946 249.90443243243243 263.6715675675676 125.66659459459459 236.795027027027 126.06183783783783 238.62205405405405 250.29967567567567 book-spine 0
337.9015286171348 249.89050835407033 333.97120511909 145.7369356558834 323.1564166370423 146.14504088162104 327.0867401350871 250.29861357980798 book-spine 0
327.34835864772174 532.1690347868692 317.3846153846154 420.07692307692315 303.09750122488975 421.34688878000986 313.0612444879961 533.439000489956 book-spine 0
340.00000000000006 420 317 420 317.00000000000006 535 340.0000000000001 535 book-spine 0
133.11955217912836 404.9776089564175 130.95841663334667 296.92083166733306 121.32227109156338 297.11355457816876 123.48340663734507 405.17033186725314 book-spine 0
137.0134867116224 638.9575565251885 135.9833399444665 565.8171360571203 119.73304244347483 566.0460134867117 120.76318921063074 639.1864339547799 book-spine 0
107.34048442906575 250.9384083044983 105.02006920415226 162.76262975778548 93.71211072664363 163.06020761245674 96.0325259515571 251.23598615916956 book-spine 0
567.7529411764706 245.7882352941176 559.5176470588235 138.72941176470587 543.9176470588235 139.9294117647059 552.1529411764706 246.9882352941176 book-spine 0
640.9086294416243 572.279187817259 607.9340101522844 569.9238578680204 603.0000000000001 639 635.97461928934 641.3553299492387 book-spine 0
401.7256637168141 530.8849557522124 394.79203539823004 426.8805309734513 386.4292035398229 427.4380530973451 393.362831858407 531.4424778761061 book-spine 0
586.1919999999999 293.9440000000001 571.056 291.19200000000006 551.984 396.088 567.1199999999999 398.84000000000003 book-spine 0
159.00000000000006 567 138.00000000000006 567 138.00000000000006 639 159.00000000000006 639 book-spine 0
536.0206083314966 245.85111307031076 527.7099404893102 133.06347806920874 512.2569980163103 134.2021159356403 520.5676658584968 246.98975093674235 book-spine 0
415 308 398 308 398 404 415 404 book-spine 0
455.112426035503 560.8698224852071 440.1745562130178 554.7189349112427 406.2721893491124 637.05325443787 421.21005917159766 643.2041420118344 book-spine 0
373.8832939465551 531.8727504090165 366.7709507362298 426.6100708962007 358.4710052717687 427.1708780221778 365.58334848209415 532.4335575349936 book-spine 0
306.5237113402062 249.52164948453606 301.37525773195875 136.2556701030928 272.97938144329896 137.54639175257734 278.1278350515464 250.81237113402062 book-spine 0
618.8879775523419 293.87545866609116 596.6028491258365 289.88409238074695 577.6406216274553 395.7565292467085 599.9257500539607 399.7478955320528 book-spine 0
511.92665036674833 562.4889975550124 500.6660146699267 556.7599022004891 459.68312958435206 637.3124694376529 470.9437652811737 643.0415647921761 book-spine 0
545.0895620678302 418.83305893974324 518.5963121501483 413.43628580836355 495.3358577543629 527.623971024037 521.8291076720449 533.0207441554167 book-spine 0
442.0658753709198 531.8504451038575 436.54777448071206 418.7293768545994 415.86528189910973 419.73827893175087 421.38338278931747 532.8593471810088 book-spine 0
493.8469980632667 562.4641704325372 479.70238863783095 555.1897998708846 437.9386701097483 636.3970303421563 452.08327953518403 643.671400903809 book-spine 0
233.26968325791856 534.7248868778281 219.64796380090496 422.34570135746606 203.7900452488688 424.2678733031675 217.4117647058824 536.6470588235295 book-spine 0
608.759344262295 244.8072131147541 603.6537704918032 145.2485245901639 586.9029508196721 146.10754098360653 592.0085245901639 245.6662295081967 book-spine 0
333 290 314 290 314 401 333 401 book-spine 0
234.478669197722 249.95563992406832 230.87561194924564 129.85373164152261 218.43680687381354 130.2268957937856 222.03986412228994 250.3288040763313 book-spine 0
352.755364806867 532.2274678111588 343.2609442060087 424.62403433476396 330.2154506437769 425.7751072961373 339.7098712446352 533.3785407725322 book-spine 0
380.56092544987155 531.8935732647816 373.4426735218509 427.4925449871465 365.3213367609255 428.04627249357327 372.43958868894606 532.4473007712082 book-spine 0
118 250.00000000000003 116.3853273911553 162.80767912238602 104.74117243743571 163.02331162152896 106.35584504628042 250.21563249914297 book-spine 0
387.6035706603571 531.8085609808561 379.881479888148 426.7881264788126 371.54420305442034 427.4011615401161 379.2662938266294 532.4215960421595 book-spine 0
433.0328157046587 248.27190155288605 425.75183123351894 187.94374450629942 410.21945502490473 189.81834163492528 417.5004394960445 250.1464986815119 book-spine 0
475.40748440748445 561.983367983368 457.943866943867 554.1247401247401 421.75675675675683 634.5405405405405 439.22037422037425 642.3991683991685 book-spine 0
512.4657534246577 425.57534246575347 491.38356164383566 423.35616438356163 480.3917808219178 527.7780821917809 501.4739726027398 529.9972602739726 book-spine 0
384.05464926590537 248.9127243066884 380.9567699836868 140.48694942903754 359.8311582381729 141.09053833605222 362.9290375203915 249.5163132137031 book-spine 0
218.16553226245574 535.4609311189761 203.42050095289952 421.52205281786 184.89545330792268 423.91941192485706 199.6404846174789 537.8582902259732 book-spine 0
458.9110929853182 284.1117455138663 438.1280587275694 283.5179445350735 434.8148450244699 399.48042414355643 455.5978792822186 400.07422512234916 book-spine 0
410.1554716981133 561.8241509433963 393.0913207547171 555.2996226415095 362.2543396226416 635.9501886792453 379.3184905660378 642.4747169811321 book-spine 0
504.72989690721647 246.5422680412371 494.0845360824742 136.540206185567 463.11649484536076 139.53711340206183 473.76185567010305 249.53917525773196 book-spine 0
236.00000000000006 280 203.00000000000006 280 203.00000000000006 404 236.00000000000006 404 book-spine 0
262.0247654784241 564.192120075047 234.23545966228903 563.8114446529081 233.20769230769235 638.8384615384616 260.9969981238275 639.2191369606005 book-spine 0
241.59811320754716 249.75660377358486 236.77358490566039 138.79245283018867 229.83018867924528 139.0943396226415 234.65471698113205 250.05849056603773 book-spine 0
569 292.0000000000001 540 292.0000000000001 540 399.0000000000001 569 399.0000000000001 book-spine 0
296.00000000000006 426 276 426 276.00000000000006 534 296.0000000000001 534 book-spine 0
173.30918874058023 538.203011852054 158.06513907378053 421.23424669888493 136.67876997759984 424.021442684649 151.92281964439954 540.990207837818 book-spine 0
151.03167920926916 531.0413795171199 138.9721718588799 434.6388458889079 128.38917315443587 435.96272966936556 140.44868050482512 532.3652632975775 book-spine 0
140.4567493979116 538.5283233940634 129.84388757230272 434.758029728889 115.76436442859861 436.1979797224462 126.37722625420747 539.9682733876205 book-spine 0
314.285714 285.555556 295.026455 285.555556 295.026455 403.015873 314.285714 403.015873 book-spine 0