190.29821958456975 638.6364985163206 173.30712166172108 577.9540059347182 160.25074183976267 581.6097922848666 177.2418397626113 642.2922848664689 book-spine 0
112.00000000000006 419 51.00000000000006 419 51.00000000000007 556 112.00000000000006 556 book-spine 0
209.73309608540922 638.1459074733096 189.39501779359426 573.0640569395017 170.37722419928824 579.0071174377223 190.71530249110316 644.0889679715302 book-spine 0
546.1282758620689 255.61931034482762 510.83862068965516 124.54344827586209 491.04275862068965 129.87310344827586 526.3324137931035 260.9489655172414 book-spine 0
197.77351351351348 121.90108108108109 165.82162162162163 21.129729729729725 138.89459459459457 29.667567567567566 170.84648648648647 130.43891891891894 book-spine 0
229.75310344827588 638.7972413793104 210.47172413793103 567.1806896551725 189.4565517241379 572.8386206896552 208.73793103448276 644.4551724137931 book-spine 0
470.23146747352496 274.464447806354 437.99848714069594 140.16036308623296 413.94402420574886 145.93343419062026 446.1770045385779 280.2375189107413 book-spine 0
179.8490566037736 638.4716981132075 163.32075471698113 580.622641509434 119.33962264150942 593.188679245283 135.8679245283019 651.0377358490565 book-spine 0
385.15404814004387 82.39124726477021 360.547921225383 -4.676586433260397 341.9868708971553 0.5689277899343637 366.5929978118162 87.63676148796498 book-spine 0
545.3713279788756 423.3664869622621 512.713719881175 303.18648916272423 491.04224887226314 309.0754758499285 523.6998569699637 429.25547364946635 book-spine 0
520.0170535812522 605.4627571790076 488.2066233909121 488.4003740785564 469.73374408625807 493.4201782374298 501.5441742765981 610.482561337881 book-spine 0
418.0229226361031 74.88252148997135 396.20343839541545 -3.6676217765042907 381.19484240687683 0.5014326647564502 403.0143266475645 79.0515759312321 book-spine 0
399.0696179502729 464.0021831412977 361.85288053365673 339.46925409338985 336.1802304426925 347.14154032747115 373.3969678593087 471.674469375379 book-spine 0
16.000000000000018 113 1.383850883036509e-14 113 1.6961358168190843e-14 164 16.00000000000002 164 book-spine 0
386.4771181768058 631.8937695276603 356.50101084359494 525.478588494762 324.98750229737186 534.3556331556699 354.9636096305826 640.7708141885682 book-spine 0
137.17722627737223 134.64262773722626 106.35883211678828 33.12321167883212 84.61284671532846 39.72467153284671 115.43124087591238 141.24408759124086 book-spine 0
356.30572457469265 303.11809263628464 322.2334533714144 168.3777474233205 295.58139823668193 175.1173475723333 329.65366943996025 309.85769278529744 book-spine 0
329.8419512195122 309.1375609756098 294.3219512195122 171.49756097560976 263.83609756097565 179.3648780487805 299.3560975609756 317.00487804878054 book-spine 0
19.467283542630536 159.52412425644414 0.7336417713152663 101.76206212822207 -12.887640449438209 106.17977528089887 5.846001321877061 163.94183740912095 book-spine 0
567.1998276109755 594.2593018244505 537.6695877029163 474.6618301968108 501.88809079155294 483.49676770578947 531.4183306996122 603.0942393334292 book-spine 0
626.4604847207586 572.259220231823 599.5152792413066 456.7797681770285 587.6606954689146 459.54583772391993 614.6059009483666 575.0252897787144 book-spine 0
464.21410579345087 446.51133501259443 424.43576826196477 320.5465994962217 394.71536523929467 329.9319899244333 434.4937027707807 455.89672544080605 book-spine 0
604.470588235294 240.8823529411764 572 111 548.7058823529412 116.82352941176468 581.1764705882352 246.7058823529411 book-spine 0
434.1369089625971 453.9026111503177 395.98235709244886 329.03316866619616 379.51940719830634 334.06351446718423 417.67395906845456 458.9329569513057 book-spine 0
491.46011560693637 438.2092485549133 452.0473988439306 315.5919075144509 424.43583815028893 324.4670520231215 463.8485549132947 447.0843930635839 book-spine 0
537.403448275862 48.65862068965515 524.1393103448275 -5.871724137931039 497.49931034482756 0.6082758620689646 510.76344827586206 55.138620689655156 book-spine 0
99.11538461538464 638.5769230769232 91.84615384615387 602.2307692307693 65.6923076923077 607.4615384615385 72.96153846153847 643.8076923076924 book-spine 0
561.6846167983826 251.68038963425843 524.7024444036023 120.39367763278804 508.182319426576 125.04723396434474 545.1644918213564 256.33394596581513 book-spine 0
441.0676496097137 621.5290546400694 414.0355594102341 510.021682567216 385.0711188204683 517.043365134432 412.10320901994794 628.5507372072854 book-spine 0
636.1437394722066 555.9893318360471 611.0342504211117 453.0404267265581 596.4620999438516 456.59460976979227 621.5715889949465 559.5435148792812 book-spine 0
510.6588235294118 54.964705882352945 497.34117647058827 -4.964705882352945 474.4705882352941 0.11764705882352189 487.7882352941176 60.04705882352941 book-spine 0
98.00000000000004 64 -53.999999999999986 64 -53.99999999999995 695 98.00000000000009 695 book-spine 0
466.1725631768952 64.4462093862816 448.66245487364614 -4.24729241877256 431.7606498194945 0.06101083032491772 449.2707581227437 68.75451263537907 book-spine 0
134.0044543429844 638.2984409799554 117.82182628062365 592.0623608017819 88.24498886414258 602.4142538975502 104.42761692650333 648.6503340757238 book-spine 0
88.1 551.3 45.099999999999994 422.29999999999995 22.000000000000014 429.99999999999994 65.00000000000001 558.9999999999999 book-spine 0
582.4129094645232 246.71026229904504 548.242354647649 115.97074821709171 525.0749425843104 122.02586727910067 559.2454974011846 252.76538136105398 book-spine 0
116.377358490566 361.3207547169811 77.24528301886791 224.35849056603774 49.64150943396226 232.24528301886792 88.77358490566037 369.2075471698113 book-spine 0
415.5865483100034 626.1000341413452 384.2857630590645 517.5906452714238 356.1287128712871 525.7128712871288 387.429498122226 634.2222601570502 book-spine 0
224.76389167502506 115.78655967903711 196.78034102306918 15.634904714142422 167.52056168505516 23.810431293881635 195.50411233701107 123.96208625877631 book-spine 0
228.35512195121953 333.87609756097567 192.1482926829268 193.57463414634145 170.88682926829267 199.06146341463415 207.0936585365854 339.3629268292683 book-spine 0
618.2352941176471 577.9411764705881 588.7058823529412 459.8235294117646 581.6470588235293 461.58823529411757 611.1764705882351 579.7058823529411 book-spine 0
249.9048275862069 328.2179310344827 213.0703448275862 191.40413793103448 189.83172413793102 197.6606896551724 226.66620689655167 334.47448275862075 book-spine 0
227.0589567107408 512.101883716718 189.9409527259554 382.82883535591384 153.28934975547907 393.3525629414961 190.40735374026445 522.6256113023003 book-spine 0
188.5738068812431 343.13873473917863 151.50221975582684 204.96281908990005 123.67591564927858 212.42841287458378 160.7475027746948 350.60432852386236 book-spine 0
403 79 382.0588235294117 -4.764705882352956 361.5882352941176 0.3529411764705941 382.52941176470586 84.11764705882355 book-spine 0
64.53709198813057 557.4896142433236 28.903560830860542 430.2270029673591 5.906528189910986 436.666172106825 41.540059347181014 563.9287833827893 book-spine 0
500.12883070514715 266.94763463254986 464.7598928890211 134.9036001190122 434.95209759000295 142.88783100267779 470.3210354061291 274.93186551621545 book-spine 0
526.4670874661858 260.34896302975653 491.2425608656447 126.86654643823263 464.273399458972 133.98340847610461 499.4979260595131 267.46582506762854 book-spine 0
275.18179113359116 322.6120202320738 238.4114846771794 185.33620946146982 212.05266289794702 192.39660815233566 248.8229693543588 329.6724189229395 book-spine 0
587.9787386869702 587.3138916822295 558.6093952018388 468.3680505674471 526.8540439592012 476.208878034765 556.2233874443327 595.1547191495474 book-spine 0
191.6146788990826 520.7155963302753 153.24770642201835 392.82568807339453 120.3119266055046 402.7064220183486 158.67889908256882 530.5963302752294 book-spine 0
162.14836795252225 348.9584569732938 124.40652818991097 214.16617210682494 96.6246290801187 221.94510385756678 134.36646884272997 356.7373887240356 book-spine 0
324.8882521489972 95.19770773638969 297.3237822349571 -4.034383954154734 269.6790830945559 3.644699140401144 297.243553008596 102.87679083094557 book-spine 0
590.5164113785557 37.71115973741796 582.3413566739606 -5.207877461706772 554.2188183807441 0.14879649890588098 562.3938730853392 43.06783369803061 book-spine 0
320.8392309265698 486.36142360400896 283.49826140314997 361.2691757005523 251.7455512374719 370.74759664553073 289.08652076089174 495.83984454898746 book-spine 0
639 283.0000000000001 611 283.0000000000001 611 322.0000000000001 639 322.0000000000001 book-spine 0
116.43815028901733 139.25202312138725 83.22658959537571 35.9271676300578 47.71676300578033 47.341040462427756 80.92832369942195 150.6658959537572 book-spine 0
301.225489335557 316.5794786272272 263.8421837970684 179.06231896778723 238.11252523479334 186.05678925656105 275.49583077328185 323.57394891600103 book-spine 0
243.3540828402367 112.89420118343193 217.84875739644974 12.4669822485207 196.82390532544383 17.8066272189349 222.32923076923078 118.23384615384614 book-spine 0
486.0637244348763 612.9532831001077 456.28719052744896 497.3502691065663 438.0856835306781 502.03853606027997 467.8622174381055 617.6415500538214 book-spine 0
468.8558234992304 613.9199589533093 442.1220112878399 502.3353514622884 411.2581836839405 509.72981015905594 437.991995895331 621.314417650077 book-spine 0
288.92993630573244 494.96178343949043 251.4140127388535 367.40764331210187 221.90764331210192 376.08598726114644 259.42356687898086 503.640127388535 book-spine 0
80.80757817849808 146.47842958228716 47.24343757133076 43.471239443049534 14.495663090618589 54.14186258845013 48.059803697785895 157.14905272768775 book-spine 0
605.0588235294117 407.23529411764696 575.2941176470588 288.1764705882353 556.4705882352941 292.88235294117646 586.2352941176471 411.9411764705881 book-spine 0
418.98089171974516 458.5350318471336 381.4649681528663 330.98089171974516 360.7292993630573 337.07961783439487 398.2452229299362 464.6337579617833 book-spine 0
619.3529411764706 403.4117647058822 589.5882352941177 284.3529411764706 572.4117647058823 288.6470588235294 602.1764705882352 407.7058823529411 book-spine 0
489.3013793103448 58.68344827586206 473.62896551724134 -5.747586206896543 449.28551724137935 0.1737931034482756 464.9579310344828 64.60482758620688 book-spine 0
252.2205466540999 638.2836946277097 227.57398680490104 561.8793590951933 207.09236569274276 568.4863336475025 231.73892554194157 644.8906691800189 book-spine 0
636.7629268292683 398.7063414634147 606.3317073170731 280.78536585365856 588.0946341463414 285.4917073170732 618.5258536585366 403.41268292682923 book-spine 0
374.121110176619 470.5996635828427 335.9125315391085 344.51135407905804 308.851976450799 352.7115222876367 347.0605550883095 478.79983179142135 book-spine 0
615.6883268482491 585.2867704280156 582.81906614786 461.39494163424115 556.3933852140078 468.40583657587547 589.2626459143969 592.2976653696498 book-spine 0
75.00000000000003 639 66.43396226415095 609.0188679245283 48.867924528301884 614.0377358490566 57.43396226415096 644.0188679245282 book-spine 0
566.2524137931034 419.50896551724145 533.8593103448277 299.1917241379311 512.1268965517241 305.0427586206897 544.52 425.36 book-spine 0
47.20233873286687 153.6445892840027 13.518451068724247 51.54030480207035 -15.350043132368448 61.063931755008156 18.333844531774176 163.16821623694045 book-spine 0
508.6758837941897 433.5918795939797 470.17395869793484 310.8669933496675 451.66258312915636 316.67448372418625 490.1645082254112 439.39936996849843 book-spine 0
268.62764197757764 106.97812902040067 240.73938614225327 7.974820804999069 213.53207131042086 15.638853151994113 241.42032714574526 114.64216136739572 book-spine 0
422.6532951289398 285.1518624641834 386.0916905444127 153.5300859598854 360.3553008595989 160.6790830945559 396.91690544412614 292.3008595988539 book-spine 0
529.4628999319265 589.712729748128 501.29407760381207 485.48808713410483 485.8291354663035 489.6678012253233 513.9979577944179 593.8924438393465 book-spine 0
171.21288584027434 127.99926506614405 139.12885840274373 24.99265066144047 104.952719255267 35.63767760901519 137.03674669279764 138.64429201371877 book-spine 0
163.24819798173957 529.816194137434 119.76477654973573 403.5072080730419 87.08097068716964 414.75901009130234 130.56439211917348 541.0679961556945 book-spine 0
209.24528301886792 337.35849056603786 170.18867924528303 200.66037735849062 148.3962264150943 206.88679245283024 187.45283018867923 343.58490566037744 book-spine 0
66.1227397260274 373.0860273972603 24.277260273972615 230.11397260273975 6.641643835616435 235.27561643835617 48.487123287671224 378.24767123287677 book-spine 0
318.38532110091745 638.2844036697248 290.1192660550459 544.0642201834862 262.9633027522936 552.2110091743119 291.22935779816515 646.4311926605506 book-spine 0
259.11926605504584 503.0642201834861 217.3119266055046 363.7064220183486 185.75229357798167 373.17431192660547 227.55963302752292 512.532110091743 book-spine 0
501.4 608.8000000000001 471.5853658536585 493.2682926829268 454.04390243902435 497.79512195121947 483.8585365853658 613.3268292682927 book-spine 0
652.068292682927 551.9853658536585 630.0731707317075 449.3414634146343 610.2682926829269 453.5853658536587 632.2634146341464 556.229268292683 book-spine 0
376.9200502302218 297.21431561322726 342.7421515278359 162.51318543323566 320.46023440770193 168.1668061950607 354.6381331100879 302.8679363750523 book-spine 0
297.7735849056603 101.2075471698113 269.32075471698107 1.6226415094339615 240.7924528301886 9.773584905660385 269.24528301886784 109.35849056603773 book-spine 0
621.8406743940992 237.08282402528982 590.1947312961014 104.5654373024236 571.2172813487883 109.09736564805057 602.8632244467861 241.6147523709168 book-spine 0
527.2186425339366 429.5238009049773 489.8962895927601 309.0743891402715 469.7721266968325 315.3100452488688 507.09447963800903 435.75945701357455 book-spine 0
451.7800829875518 67.9253112033195 432.2946058091286 -5.145228215767631 411.9419087136929 0.2821576763485467 431.42738589211615 73.35269709543567 book-spine 0
565.3190243902438 43.111219512195134 552.4331707317073 -6.82146341463411 525.0019512195122 0.25756097560976343 537.8878048780488 50.19024390243901 book-spine 0
28.228486646884292 382.81602373887245 1.038575667655806 285.7091988130564 -17.396142433234417 290.87091988130567 9.79376854599407 387.9777448071217 book-spine 0
349.6603773584905 89.811320754717 322.03773584905656 -6.867924528301884 296.6792452830188 0.37735849056603854 324.30188679245276 97.05660377358492 book-spine 0
589.5237388724036 411.01335311572706 556.1023738872403 291.6513353115727 532.2151335311572 298.339762611276 565.6364985163204 417.70178041543033 book-spine 0
397.30810076562113 292.8610768090887 361.5555692763645 157.62324030624845 340.7778463818227 163.11620153124227 376.5303778710793 298.35403803408246 book-spine 0
48.433962264150935 378.01886792452825 9.301886792452834 241.0566037735849 -11.301886792452805 246.94339622641508 27.830188679245296 383.90566037735846 book-spine 0
447.1764705882353 280.70588235294116 414 147.99999999999994 385.52941176470586 155.11764705882348 418.70588235294116 287.8235294117647 book-spine 0
355.8519893899204 638.2530503978778 328.51830238726785 533.8880636604774 291.04137931034484 543.703448275862 318.3750663129973 648.0684350132626 book-spine 0
432.46923076923076 72.05384615384618 411.7230769230769 -4.015384615384605 396.49230769230763 0.13846153846155573 417.2384615384615 76.20769230769234 book-spine 0
135.68693904889486 357.042330877428 95.43831212324181 217.84916275954458 75.44715338245145 223.62973878097793 115.69578030810449 362.8229068988614 book-spine 0
348.5086439333862 478.33291038858056 310.12910388580497 351.51356066613795 282.63409992069785 359.83441712926253 321.0136399682791 486.6537668517051 book-spine 0