603.4383232223496 285.518361498761 588.9167572398829 281.8715215551143 566.5848902008585 370.79609343928223 581.1064561833251 374.4429333829289 book-spine 0
559.9724137931033 229.66896551724142 550.7862068965517 119.43448275862073 524.3862068965517 121.63448275862072 533.5724137931035 231.8689655172414 book-spine 0
332.90313778990446 499.19236016371076 325.5416098226466 399.81173260572984 312.6493860845839 400.76671214188264 320.0109140518417 500.14733969986355 book-spine 0
407.9458823529411 526.5035294117647 390.3317647058823 519.0870588235294 350.595294117647 613.4611764705882 368.2094117647058 620.8776470588235 book-spine 0
379.20118343195264 498.91715976331363 372.4224852071005 400.62603550295853 363.2934911242603 401.2556213017751 370.0721893491124 499.54674556213024 book-spine 0
161.25849056603772 378.94528301886794 156.94150943396227 279.6547169811321 145.74528301886792 280.14150943396226 150.06226415094338 379.4320754716981 book-spine 0
189.49973007018176 503.3311139103833 176.50746805830488 396.50584847939535 152.29800251934498 399.45024293683645 165.29026453122185 506.2755083678244 book-spine 0
520.1522842639594 230.13197969543145 512.6548223350254 125.16751269035532 497.23350253807104 126.26903553299492 504.73096446700504 231.23350253807104 book-spine 0
294.17453524140706 526.3322188043334 274.7017520395881 524.2943693994919 264.6942624047078 619.9214925772369 284.16704560652676 621.9593419820784 book-spine 0
399.13588283157037 497.8779495524817 393.58828315703823 400.79495524816923 386.7249796582587 401.1871440195281 392.2725793327908 498.27013832384057 book-spine 0
561.6923076923077 283.5384615384616 550.9230769230769 281.3846153846154 532.5384615384615 373.3076923076924 543.3076923076924 375.46153846153845 book-spine 0
433.8033264033265 268.3185031185032 413.22536382536384 267.4785862785863 408.8245322245322 375.2989604989605 429.40249480249486 376.13887733887736 book-spine 0
364 269 345 269 345 378 364 378 book-spine 0
548.2098402018505 409.16442388561836 532.4377628259043 404.80193439865445 509.09461732548374 489.1963835155594 524.86669470143 493.5588730025232 book-spine 0
435.82410997532605 231.82974973563626 427.81247796968626 145.99083538949594 414.22418047233 147.2590764892492 422.23581247796966 233.0979908353895 book-spine 0
510.40243902439033 275.3780487804879 495.1463414634146 273.6829268292684 483.95121951219505 374.43902439024396 499.2073170731708 376.1341463414635 book-spine 0
639.4924528301888 228.3264150943396 634.7528301886794 119.31509433962265 612.1867924528302 120.29622641509434 616.9264150943396 229.30754716981136 book-spine 0
534.5108763206961 229.81168427594778 526.9577377252953 129.10316967060285 512.3151025481666 130.2013673088875 519.8682411435674 230.90988191423241 book-spine 0
187.9702422145329 233.86920415224918 185.31072664359866 132.80761245674745 171.9778546712803 133.15847750865055 174.63737024221456 234.22006920415228 book-spine 0
516.3131407269339 392.80987884436166 492.99534016775397 387.1099720410066 466.5102516309413 495.4580615097857 489.8280521901212 501.1579683131408 book-spine 0
650.4027149321267 321.0723981900453 637.2262443438913 316.3665158371041 618.1085972850677 369.89592760180994 631.2850678733032 374.6018099547512 book-spine 0
412 268 389 268 389 377 412 377 book-spine 0
281.8146279949559 500.26986128625475 270.9306431273645 398.6860025220681 260.1614123581337 399.8398486759143 271.0453972257251 501.42370744010094 book-spine 0
587.2 522.6 575.2 516.6 529 609.0000000000001 541 615.0000000000001 book-spine 0
163.53018131742022 233.99196694973608 161.87789763598806 124.94124397521233 150.33509295386736 125.11613495524445 151.9873766352995 234.1668579297682 book-spine 0
190.00000000000003 134 178 134 178.00000000000006 234 190.00000000000006 234 book-spine 0
268.0000000000001 526 255.00000000000006 526 255.00000000000006 619 268.0000000000001 619 book-spine 0
99.50475059382424 380.6377672209026 96.37767220902614 289.9524940617577 84.8396674584323 290.35035629453677 87.9667458432304 381.0356294536817 book-spine 0
235.00000000000006 278 224.00000000000006 278 224.00000000000006 379 235.00000000000006 379 book-spine 0
206.54306569343066 502.70656934306567 194.28467153284672 396.46715328467155 177.39416058394158 398.41605839416053 189.65255474452556 504.6554744525547 book-spine 0
251.858134155744 233.8928296067849 248.62528912875865 117.51040863531227 223.03392444101775 118.22127987663839 226.26676946800308 234.60370084811103 book-spine 0
295.1280898876405 501.8449438202247 284.94831460674163 394.9573033707866 270.60224719101126 396.323595505618 280.7820224719101 503.21123595505617 book-spine 0
166.00000000000006 279 157.00000000000006 279 157.00000000000006 380 166.00000000000006 380 book-spine 0
346.7055837563452 498.87817258883246 339.52284263959393 398.3197969543147 326.65989847715736 399.2385786802031 333.84263959390864 499.7969543147208 book-spine 0
572.7964293734562 522.348865933079 557.8598697507299 515.1441724679992 513.3795194251068 607.3595328991693 528.3160790478331 614.564226364249 book-spine 0
556 525.0000000000001 540.8000000000001 517.4000000000001 496.8 605.4000000000001 511.99999999999994 613.0000000000001 book-spine 0
228.381158167675 233.95937770095074 225.3180639585134 129.8141745894555 217.41313742437342 130.0466724286949 220.47623163353504 234.19187554019015 book-spine 0
342.7399949660207 233.30984142965013 339.52227535867104 131.95167379813742 313.75459350616666 132.76969544424867 316.9723131135163 234.1278630757614 book-spine 0
442.19981252929233 496.98500234338377 440.97328542415244 398.86283393219804 428.30026558350255 399.0212466802062 429.5267926886424 497.1434150913919 book-spine 0
391 289 375 289 375 379 391 379 book-spine 0
175.76459016393437 233.90950819672128 170.82032786885242 137.49639344262295 158.9796721311475 138.10360655737705 163.92393442622947 234.5167213114754 book-spine 0
530.3550792171482 409.8201304753029 517.8574091332712 406.76514445479967 497.2465051258155 491.08247903075494 509.74417520969246 494.13746505125823 book-spine 0
321.6206896551723 501.44827586206895 312.6068965517241 393.2827586206896 299.36551724137934 394.38620689655176 308.3793103448276 502.55172413793105 book-spine 0
122.93426668943144 503.889363155199 112.23015195492573 413.49906095270626 100.8762164930852 414.8436059416084 111.5803312275909 505.2339081441011 book-spine 0
251.00000000000006 276 183.00000000000006 276 183.00000000000006 379 251.00000000000006 379 book-spine 0
497.18869623958574 526.0578698491332 485.06980409817606 520.2004053141186 442.4872776401711 608.3021841927495 454.6061697815808 614.1596487277641 book-spine 0
357.2855845629966 499.1212258796822 346.9182746878546 401.372304199773 335.41135073779793 402.5927355278093 345.7786606129399 500.34165720771847 book-spine 0
210.00000000000003 137 202 137 202.00000000000003 234 210.00000000000006 234 book-spine 0
297 270 279 270 279 379 297 379 book-spine 0
135.92217898832683 234.75486381322958 130.8443579766537 153.50972762645915 117.02334630350195 154.37354085603113 122.1011673151751 235.61867704280155 book-spine 0
638.5391785610254 400.81619574716 610.3035246140403 391.88086221963306 578.5200990387416 492.3164870375765 606.7557529857268 501.25182056510346 book-spine 0
259.9422818791947 527.2604026845638 248.2499328859061 526.8770469798659 245.29906040268463 616.8786577181208 256.9914093959732 617.2620134228188 book-spine 0
590.9192323070772 404.5957616953219 568.7604958016793 400.0735705717713 549.6921231507397 493.50859656137544 571.8508596561376 498.03078768492605 book-spine 0
574.0758620689655 229.2896551724138 568.548275862069 135.32068965517243 552.3689655172412 136.27241379310348 557.8965517241378 230.24137931034485 book-spine 0
371.86296028880867 498.9376173285199 364.83018050541517 401.65083032490975 356.9436823104694 402.2209386281588 363.9764620938628 499.5077256317689 book-spine 0
640 274.0000000000001 611 274.0000000000001 611 372.0000000000001 640 372.0000000000001 book-spine 0
250.88325791855203 503.28687782805434 237.6633484162896 394.2226244343892 220.90950226244345 396.25339366515846 234.12941176470588 505.3176470588235 book-spine 0
369.0649476228849 527.1182917002418 348.0277195809832 519.442546333602 313.26494762288485 614.7182917002418 334.30217566478655 622.3940370668817 book-spine 0
646.3103448275863 524.7241379310346 625.2758620689655 516.3103448275863 589.9655172413792 604.5862068965519 611 613.0000000000001 book-spine 0
450.6974935177183 525.7147796024201 433.54589455488343 517.7604148660329 391.43422644770965 608.5636992221262 408.58582541054454 616.5180639585135 book-spine 0
191.02182230409525 620.8330735439989 189.92376363894007 528.596145670965 152.76236361059944 529.03854329035 153.86042227575462 621.2754711633839 book-spine 0
203.29191438763377 233.96848989298456 200.9239001189061 136.87990487514864 187.00535077288941 137.21938168846611 189.37336504161715 234.307966706302 book-spine 0
371 274 363 274 363 377 371 377 book-spine 0
164.50315457413245 503.8596214511042 151.47160883280753 395.2634069400631 131.71608832807567 397.6340694006309 144.74763406940062 506.230283911672 book-spine 0
616.4654042243262 228.10997815003643 610.8718135469774 124.62855061908232 593.5440640932266 125.56518572469047 599.1376547705754 229.0466132556446 book-spine 0
422.10659898477155 232.49238578680206 413.0761421319796 106.06598984771573 387.49238578680206 107.89340101522842 396.52284263959393 234.3197969543147 book-spine 0
225.6958934517203 378.8768035516093 221.8468368479467 263.40510543840173 191.28079911209764 264.42397336293004 195.12985571587123 379.89567147613764 book-spine 0
274.0355029585799 527.4852071005918 266.79408284023674 526.985798816568 260.5384615384616 617.6923076923078 267.7798816568048 618.1917159763315 book-spine 0
484.20000000000005 526.6 473.0000000000001 521 429.00000000000006 609.0000000000001 440.19999999999993 614.6000000000001 book-spine 0
335.12451179503205 376.96094360256205 333.859709420403 275.77675363224495 313.71285736603653 276.02858928292454 314.9776597406655 377.21277925324165 book-spine 0
493.18665570304245 276.5468107600141 478.78092329378603 275.4507224245272 471.2283566310349 374.7130271349701 485.6340890402913 375.809115470457 book-spine 0
136.00000000000006 280 124.00000000000003 280 124.00000000000004 380 136.00000000000006 380 book-spine 0
451.9476394849786 231.73991416309013 444.62918454935624 148.79742489270387 428.11072961373395 150.25493562231762 435.42918454935625 233.1974248927039 book-spine 0
194.67518248175185 378.9817518248175 191.91751824817518 276.94817518248175 180.43941605839416 277.258394160584 183.1970802919708 379.2919708029197 book-spine 0
269.3699034863108 502.377191254678 260.24995075832186 394.45775064014185 238.76954894622804 396.27299586369907 247.88950167421706 504.1924364782352 book-spine 0
470.79118572927604 526.295907660021 455.04302203567676 518.98426023085 413.0010493179433 609.5362014690452 428.74921301154257 616.8478488982162 book-spine 0
521.7374562427071 274.65344224037347 509.6907817969661 272.9918319719954 495.683780630105 374.54259043173863 507.73045507584595 376.2042007001167 book-spine 0
315 274 297 274 297 377 315 377 book-spine 0
608.3999999999999 522.2 590.3999999999999 513.2 543.8 606.4000000000001 561.8 615.4000000000001 book-spine 0
157.39082568807342 234.897247706422 154.45229357798166 137.9256880733945 144.97614678899083 138.21284403669725 147.9146788990826 235.18440366972476 book-spine 0
490.94117647058823 230.76470588235287 482.55325914149444 125.91573926868045 466.0985691573927 127.23211446740859 474.4864864864865 232.08108108108104 book-spine 0
309.6286134247918 500.32190102890746 300.13718765311125 393.54336109750125 286.86428221460073 394.72317491425775 296.3557079862813 501.50171484566397 book-spine 0
346 283 335 283 335 376 346 376 book-spine 0
330.2972972972974 527.2162162162163 317.64864864864876 525.1081081081082 302.4324324324325 616.4054054054054 315.08108108108115 618.5135135135134 book-spine 0
134.82926829268297 504.4634146341464 124.26829268292684 409.4146341463415 110.8780487804878 410.9024390243902 121.4390243902439 505.9512195121951 book-spine 0
133.10867329448067 626.8683579019541 131.29310935893042 528.827905382242 114.3729859444635 529.1412410010283 116.18854988001372 627.1816935207405 book-spine 0
102.90656982502477 234.93067018818093 99.9610432485969 153.92868933641466 89.10267414988446 154.3235391218224 92.04820072631233 235.32551997358865 book-spine 0
598.6128033040784 228.96334537945273 596.3169850283944 127.94734124935466 586.1404233350542 128.17862674238512 588.4362416107382 229.1946308724832 book-spine 0
429.0285594288115 498.9706005879883 427.54787904241925 396.8036539269215 411.9714405711886 397.02939941201186 413.45212095758086 499.19634607307853 book-spine 0
388.09617977528086 526.8098876404495 372.3155056179776 520.7128089887641 336.60404494382027 613.1424719101125 352.38471910112355 619.2395505617978 book-spine 0
551.9924528301888 276.37358490566044 537.6226415094341 273.679245283019 519.1245283018868 372.33584905660393 533.4943396226415 375.0301886792454 book-spine 0
286 129.00000000000006 259 129.00000000000006 259 234.00000000000006 286 234.00000000000006 book-spine 0
456.7737704918033 271.9114754098361 434.1665573770491 270.75213114754104 428.82885245901633 374.8373770491804 451.43606557377046 375.9967213114755 book-spine 0
152.00000000000006 529 132.00000000000006 529 132.00000000000006 622 152.00000000000006 622 book-spine 0
591.0772413793103 228.87310344827586 586.4873209549071 117.56753315649868 567.3754907161803 118.35564986737403 571.9654111405835 229.66122015915118 book-spine 0
416.21442622950815 499.6813114754098 410.7770491803278 393.65245901639344 392.95213114754097 394.5665573770492 398.3895081967213 500.5954098360656 book-spine 0
418.78997803952893 525.201836693951 405.4240367338791 519.4442004392095 366.71930525054904 609.2944699540827 380.08524655619885 615.0521062088243 book-spine 0
392.76639015252874 498.6874498260637 386.37730800107033 401.25394701632325 371.2619748461332 402.2451164035323 377.6510569975916 499.67861921327267 book-spine 0
309 121.00000000000003 285 121.00000000000003 285 235.00000000000006 309 235.00000000000006 book-spine 0
461.0000000000001 394 442 394 442 499 461.0000000000001 499 book-spine 0
515.3397396156231 524.1469311841291 500.2104773713577 516.7306261624304 455.9451332920024 607.031928084315 471.07439553626784 614.4482331060137 book-spine 0
394.7241659886086 232.67290480065094 387.90724165988604 113.3767290480065 370.7632221318144 114.35638730675345 377.580146460537 233.6525630593979 book-spine 0
376 276 369 276 369 377 376 377 book-spine 0
261.2616046726099 233.95573316938203 257.920073778051 138.72210267445433 247.59944666461723 139.08422994159235 250.94097755917608 234.3178604365201 book-spine 0
317.65460910151694 526.5040840140024 296.166861143524 523.5402567094517 282.28121353558936 624.2112018669778 303.7689614935823 627.1750291715286 book-spine 0
360.52006113870846 498.8807795185328 352.9633167749331 402.53228888039746 344.38861291555213 403.20481467329 351.9453572793275 499.55330531142533 book-spine 0
113.0354505169867 234.92171344165433 109.84194977843427 151.890694239291 99.08862629246673 152.30428360413592 102.28212703101919 235.33530280649927 book-spine 0
475.1411764705882 230.83529411764704 467.2705882352942 128.51764705882354 443.564705882353 130.34117647058824 451.435294117647 232.65882352941173 book-spine 0
430.52131147541 525.665573770492 417.8262295081968 520.1114754098362 377.70819672131154 611.8098360655738 390.4032786885248 617.3639344262295 book-spine 0
482.9705882352942 400.3823529411766 463.47058823529426 398.8823529411766 455.9647058823531 496.45882352941186 475.46470588235303 497.95882352941186 book-spine 0
208.00000000000006 528 191.00000000000006 528 191.00000000000006 620 208.00000000000006 620 book-spine 0
479.28689525598884 261.0749647721936 456.24856740253654 259.73292625645854 449.5490840770316 374.74072334429314 472.58741193048394 376.08276186002826 book-spine 0
115.42730299667039 381.819089900111 111.61931187569367 267.5793562708102 96.30299667036626 268.08990011098774 100.11098779134298 382.32963374028856 book-spine 0
504.0155535224154 230.75663311985357 497.6806953339434 126.23147301006404 483.0677035681611 127.1171088746569 489.4025617566332 231.64226898444645 book-spine 0
582.8661787767904 276.71928907475177 561.9393622582331 272.8259278619969 543.5389440669106 371.7281756403555 564.4657605854679 375.62153685311034 book-spine 0
273 270 249.00000000000006 270 249.00000000000006 379 273 379 book-spine 0
319.1349163518618 233.90070156502964 314.6114409066379 136.6459794927145 304.47058823529414 137.1176470588235 308.9940636805181 234.37236913113867 book-spine 0
247.00000000000006 528 223.00000000000006 528 223.00000000000006 622 247.00000000000006 622 book-spine 0
639 438.0000000000001 621 438.0000000000001 621 494.0000000000001 639 494.0000000000001 book-spine 0
222.15214180206794 233.9556868537666 217.8714918759232 122.65878877400296 205.81240768094534 123.12259970457903 210.0930576070901 234.41949778434267 book-spine 0
536.9957559681699 275.69708222811676 520.913527851459 273.45305039787803 507.0801061007958 372.5925729442972 523.1623342175067 374.8366047745359 book-spine 0
541.4 524.2 520.2 513.6 474 606.0000000000001 495.19999999999993 616.6000000000001 book-spine 0
235.30769230769232 503.53846153846155 220.98090185676392 400.8631299734748 206.01644562334218 402.9511936339523 220.34323607427058 505.626525198939 book-spine 0
632.5733356141977 270.2028227636615 614.8450489357768 266.5592442239215 593.3279974778523 371.2531468144325 611.0562841562731 374.89672535417253 book-spine 0
574.8531021735681 404.38149920392345 558.7617591628858 399.90235017325034 533.1377461003888 491.9566177752552 549.2290891110711 496.4357668059283 book-spine 0