193.00000000000006 580 182.00000000000006 580 182.00000000000006 633 193.00000000000006 633 book-spine 0
223.53062629043367 582.2787336545078 208.0220233998624 581.0543702684101 204.10323468685482 630.6923606331727 219.61183757742612 631.9167240192704 book-spine 0
316.00000000000006 411 307 411 307.00000000000006 486 316.0000000000001 486 book-spine 0
388.0000000000001 504 369.0000000000001 504 369.0000000000001 573 388.0000000000001 573 book-spine 0
377 413 367 413 367.0000000000001 489 377.0000000000001 489 book-spine 0
242.32615384615386 321.12923076923084 216.5169230769231 319.6953846153846 212.62461538461537 389.75692307692316 238.43384615384616 391.19076923076926 book-spine 0
171.25565610859735 241.63122171945705 155.33936651583716 240.87330316742086 152.5067873303168 300.3574660633485 168.42307692307696 301.11538461538476 book-spine 0
142.07307932542162 480.9231730168645 140.11492816989383 402.59712679575273 122.52592129918803 403.03685196752036 124.48407245471583 481.36289818863213 book-spine 0
311.05444839857665 502.1142348754449 295.720284697509 501.82491103202847 294.47651245551606 567.7448398576514 309.8106761565837 568.0341637010678 book-spine 0
390.8676923076923 335.38153846153847 377.90769230769234 334.6615384615385 374.5323076923077 395.4184615384616 387.4923076923077 396.13846153846157 book-spine 0
477.90410958904124 592.4109589041095 459.3726027397262 590.4602739726026 454.2931506849317 638.7150684931507 472.82465753424674 640.6657534246575 book-spine 0
540.7576985413291 254.49351701782825 526.4910858995139 253.27066450567264 521.1426256077797 315.6693679092383 535.4092382495949 316.8922204213939 book-spine 0
418.4030769230769 249.74461538461543 402.5076923076922 248.8615384615385 399.0215384615384 311.6123076923077 414.916923076923 312.49538461538464 book-spine 0
96.14819672131145 206.88983606557375 93.10163934426228 147.48196721311473 80.8262295081967 148.11147540983603 83.87278688524587 207.51934426229502 book-spine 0
402.33149171270725 248.70165745856357 387.3729281767956 247.914364640884 384.0635359116022 310.7928176795581 399.0220994475138 311.5801104972376 book-spine 0
384.2045060658579 159.0918544194108 371.39341421143854 158.55805892547667 368.8821490467938 218.8284228769498 381.69324090121313 219.3622183708839 book-spine 0
497.29281767955797 328.4364640883978 485.53591160221 327.8176795580111 481.5828729281768 402.9254143646409 493.33977900552486 403.54419889502765 book-spine 0
436.07197231833914 75.26505190311426 422.37093425605553 74.90449826989625 420.90242214532884 130.7079584775087 434.6034602076125 131.06851211072672 book-spine 0
116.18082191780823 207.8821917808219 113.91369863013699 146.66986301369863 102.8917808219178 147.07808219178082 105.15890410958905 208.2904109589041 book-spine 0
439.1665141811528 329.252516010979 425.4894784995426 328.423604757548 421.1692589204026 399.7072278133577 434.8462946020128 400.5361390667886 book-spine 0
622.8613861386139 79.38613861386146 606.8217821782179 77.78217821782187 600.920792079208 136.7920792079209 616.960396039604 138.39603960396047 book-spine 0
550.1846153846154 80.523076923077 537.2615384615384 78.90769230769237 530.4 133.80000000000007 543.323076923077 135.4153846153847 book-spine 0
231.60154241645247 122.82262210796915 227.7501285347044 66.33521850899743 213.63393316195373 67.29768637532133 217.48534704370178 123.78508997429307 book-spine 0
449 416 434.00000000000006 416 434.0000000000001 493 449.00000000000006 493 book-spine 0
607.4551724137931 166.53793103448282 597.1931034482758 165.6827586206897 592.1379310344827 226.34482758620695 602.4 227.20000000000005 book-spine 0
398 72.00000000000006 383 72.00000000000006 383 130.00000000000006 398 130.00000000000006 book-spine 0
378.06077348066304 329.84530386740335 360.1629834254144 328.9033149171271 356.5524861878453 397.50276243093924 374.450276243094 398.44475138121544 book-spine 0
280.8851195065536 411.13569776407104 270.03238242097154 410.8342328450271 268.06245181187364 481.75173477255214 278.9151888974557 482.0531996915961 book-spine 0
537.8039847641372 511.3384119542924 526.2481687664811 509.9437445062995 518.4339290946381 574.6903017872839 529.9897450922942 576.084969235277 book-spine 0
174.92307692307696 118.61538461538464 155.6923076923077 22.46153846153846 127.80769230769232 28.038461538461537 147.03846153846155 124.19230769230771 book-spine 0
515.7643835616439 165.23835616438362 501.9178082191781 163.78082191780828 495.6986301369863 222.8630136986302 509.545205479452 224.32054794520556 book-spine 0
419.0000000000001 506 396.0000000000001 506 396.0000000000001 575 419.0000000000001 575 book-spine 0
549.4111675126904 329.2436548223351 534.4873096446701 328.17766497461935 528.9187817258883 406.1370558375636 543.8426395939086 407.2030456852793 book-spine 0
282 321 263 321 263 394 282 394 book-spine 0
236.1292307692308 153.67384615384617 219.2369230769231 152.73538461538465 215.98153846153846 211.33230769230772 232.87384615384616 212.27076923076925 book-spine 0
289.0000000000001 501 278.0000000000001 501 278.0000000000001 567 289.0000000000001 567 book-spine 0
307.16206896551734 585.2448275862068 292.85862068965525 584.403448275862 289.696551724138 638.1586206896552 304.0000000000001 639 book-spine 0
479.9343339587243 162.2551594746717 468.71482176360234 161.27954971857412 463.454033771107 221.7786116322702 474.67354596622897 222.7542213883678 book-spine 0
113.00000000000004 314 98.00000000000004 314 98.00000000000006 388 113.00000000000006 388 book-spine 0
249.0244173140955 243.26748057713658 239.30188679245282 242.94339622641516 237.2397336293008 304.8079911209766 246.96226415094344 305.13207547169804 book-spine 0
100.00000000000006 403 81.00000000000006 403 81.00000000000006 475 100.00000000000006 475 book-spine 0
256.9235668789809 123.85987261146498 254.92484076433124 67.89554140127389 238.624203821656 68.47770700636943 240.6229299363057 124.44203821656052 book-spine 0
269.00000000000006 409 252.00000000000006 409 252.00000000000006 486 269.0000000000001 486 book-spine 0
183.189591078067 239.54646840148706 171.51858736059484 238.02416356877328 163.5 299.5 175.17100371747216 301.02230483271376 book-spine 0
213.00000000000006 318 190.00000000000006 318 190.00000000000006 391 213.00000000000006 391 book-spine 0
400.0000000000001 505 387.0000000000001 505 387.0000000000001 576 400.0000000000001 576 book-spine 0
494.17551867219925 510.133195020747 475.3074688796681 508.9780082987553 471.33651452282163 573.8369294605809 490.2045643153528 574.9921161825727 book-spine 0
329 412 315 412 315.00000000000006 485 329.00000000000006 485 book-spine 0
488.99171270718233 162.157458563536 477.02486187845307 161.5276243093923 473.84530386740335 221.939226519337 485.81215469613255 222.56906077348071 book-spine 0
529.4861538461538 421.24923076923085 505.56000000000006 419.9200000000001 501.34153846153856 495.8523076923077 525.2676923076923 497.1815384615385 book-spine 0
511.13529411764716 510.24117647058836 496.22352941176484 509.09411764705897 491.30588235294124 573.0235294117648 506.2176470588236 574.1705882352942 book-spine 0
242.84852071005918 122.80355029585795 238.82011834319528 64.39171597633135 226.15621301775147 65.26508875739644 230.18461538461537 123.67692307692306 book-spine 0
470.95076923076925 328.8861538461539 427.9723076923077 326.4984615384616 423.8523076923077 400.65846153846155 466.83076923076925 403.04615384615386 book-spine 0
386.0133545310016 72.75071542130371 370.5933227344991 71.92464228934821 367.5542130365659 128.6546899841018 382.9742448330684 129.4807631160573 book-spine 0
521.4689655172415 78.02758620689661 497.0827586206897 76.59310344827591 493.7620689655172 133.04482758620696 518.148275862069 134.47931034482767 book-spine 0
479.7590711175617 331.30478955007266 469.8243831640059 330.4992743105952 463.9854862119014 402.51233671988405 473.9201741654573 403.3178519593615 book-spine 0
151 150 136 150 136 209 151 209 book-spine 0
504.11614730878193 418.12181303116154 487.64929178470265 417.729745042493 485.81586402266294 494.7337110481587 502.28271954674227 495.1257790368272 book-spine 0
257 317 241.00000000000006 317 241.00000000000006 394 257 394 book-spine 0
340.1243093922652 155.63812154696132 321.1767955801105 154.64088397790056 317.9530386740331 215.89226519337018 336.90055248618785 216.889502762431 book-spine 0
47.86797066014668 475.11980440097784 35.96332518337408 395.7555012224939 16.941320293398526 398.6088019559902 28.845965770171134 477.9731051344742 book-spine 0
262 243.00000000000006 248.00000000000006 243.00000000000006 248.00000000000006 306 262 306 book-spine 0
479.18639053254446 508.4526627218936 465.0668639053256 507.41952662721906 460.13195266272203 574.8633136094675 474.2514792899409 575.896449704142 book-spine 0
337 412 328 412 328.00000000000006 485 337 485 book-spine 0
256 153.00000000000006 242 153.00000000000006 242 213.00000000000006 256 213.00000000000006 book-spine 0
292.8650519031143 410.12802768166097 280.37370242214536 409.7993079584776 278.401384083045 484.7474048442907 290.89273356401395 485.0761245674741 book-spine 0
108.08983101096945 207.73673287874294 104.92173139638305 146.4868069967388 91.62970649273645 147.17432552623777 94.79780610732286 208.4242514082419 book-spine 0
208.00000000000006 580 193.00000000000006 580 193.00000000000006 633 208.00000000000006 633 book-spine 0
570.2273553075526 422.301323643914 551.4326498832079 421.39190241370375 547.7404619776797 497.69711912795236 566.5351674020244 498.6065403581626 book-spine 0
279.0169230769231 565.9646153846154 277.8910769230769 501.7913846153847 260.96646153846154 502.0883076923077 262.0923076923077 566.2615384615384 book-spine 0
356 155.00000000000006 305 155.00000000000006 305 217.00000000000006 356 217.00000000000006 book-spine 0
564.6160220994475 343.2955801104973 554.6436464088399 342.77071823204426 551.4254143646409 403.9171270718232 561.3977900552486 404.4419889502763 book-spine 0
539.2193958664546 78.25755166931646 525.1096979332273 77.12877583465826 520.5151033386327 134.5612082670907 534.6248012718601 135.6899841017489 book-spine 0
181.00000000000006 406 169.00000000000006 406 169.00000000000006 481 181.00000000000006 481 book-spine 0
402.44713375796186 415.4802547770702 385.611464968153 414.87898089171983 382.8980891719746 490.8535031847135 399.7337579617835 491.45477707006376 book-spine 0
563.2486187845303 254.2762430939227 548.4475138121546 253.49723756906081 545.1629834254143 315.9033149171271 559.96408839779 316.68232044198896 book-spine 0
180 151 164 151 164 210 180 210 book-spine 0
128.08823529411762 245.8529411764706 107.49999999999999 233.5 71.76470588235293 293.0588235294118 92.35294117647058 305.4117647058824 book-spine 0
227.39603960396045 242.0396039603961 194.22772277227725 238.72277227722776 187.81188118811883 302.8811881188119 220.98019801980203 306.1980198019802 book-spine 0
234.00000000000006 408 223.00000000000006 408 223.00000000000006 483 234.00000000000006 483 book-spine 0
354.95804878048784 503.34243902439033 336.0702439024391 502.75219512195133 333.92 571.56 352.80780487804884 572.150243902439 book-spine 0
228.59600997506234 564.9201995012469 225.2643391521197 498.28678304239406 210.95012468827932 499.00249376558605 214.28179551122196 565.6359102244389 book-spine 0
453.2908564335953 508.1870086884568 435.81547372776174 506.7604468349194 430.39056681836985 573.215556474969 447.86594952420353 574.6421183285064 book-spine 0
28.48000000000009 492.64000000000004 5.940000000000083 489.42 -4.399999999999935 561.8000000000001 18.14000000000007 565.0200000000001 book-spine 0
293 154.00000000000006 266 154.00000000000006 266 216.00000000000006 293 216.00000000000006 book-spine 0
165.5306262904336 560.7212663454922 160.35650378527183 495.1823812801101 146.3647625602202 496.2869924294563 151.53888506538198 561.8258774948383 book-spine 0
240.00000000000006 241 224.00000000000006 241 224.00000000000006 305 240.00000000000006 305 book-spine 0
292 244.00000000000006 277 244.00000000000006 277 306 292 306 book-spine 0
243.40324963072385 565.4844903988184 240.82865583456427 498.5450516986706 224.7370753323486 499.16395864106346 227.31166912850819 566.1033973412112 book-spine 0
395.26153846153846 158.29230769230776 384.9599999999999 157.72000000000008 381.5846153846154 218.47692307692313 391.8861538461539 219.0492307692308 book-spine 0
125.17871222076218 477.9697766097241 123.22470433639948 401.7634691195795 110.51511169513799 402.08935611038106 112.46911957950067 478.2956636005257 book-spine 0
308.7287197231835 320.3086505190312 294.2387543252596 319.92733564013844 292.244982698962 395.6906574394464 306.7349480968859 396.07197231833914 book-spine 0
137 148 122.00000000000003 148 122.00000000000003 208 137 208 book-spine 0
527.3011049723757 252.2790055248619 515.3342541436465 251.64917127071823 511.97513812154705 315.4723756906078 523.9419889502763 316.10220994475145 book-spine 0
233.00000000000006 408 213.00000000000006 408 213.00000000000006 483 233.00000000000006 483 book-spine 0
515.6732673267327 77.26732673267333 495.37623762376245 75.2376237623763 489.70297029702976 131.97029702970303 510.00000000000006 134.00000000000006 book-spine 0
527 163.00000000000006 510 163.00000000000006 510 225.00000000000006 527 225.00000000000006 book-spine 0
370.0370106761567 72.03843416370111 353.0241992882563 71.71743772241997 351.96298932384343 127.96156583629897 368.97580071174383 128.28256227758013 book-spine 0
197.54014598540147 209.98540145985402 195.94014598540144 150.785401459854 178.92554744525546 151.24525547445253 180.52554744525543 210.44525547445255 book-spine 0
128.00000000000006 314 113.00000000000003 314 113.00000000000004 388 128.00000000000006 388 book-spine 0
491.1329758713139 593.5705093833782 475.5930294906166 592.1249329758714 471.23914209115287 638.9292225201073 486.77908847185 640.3747989276142 book-spine 0
295.1517241379311 585.1793103448275 278.0206896551724 583.751724137931 273.6 636.8000000000001 290.7310344827587 638.2275862068966 book-spine 0
5.00000000000006 496 6.074248123770872e-14 496 6.484504801485235e-14 563 5.000000000000064 563 book-spine 0
337 247.00000000000006 322 247.00000000000006 322 309 337 309 book-spine 0
551.0518248175183 254.08248175182484 537.3591240875912 253.71240875912412 535.6788321167883 315.88321167883214 549.3715328467154 316.25328467153287 book-spine 0
113.00000000000006 405 100.00000000000006 405 100.00000000000006 474 113.00000000000006 474 book-spine 0
472.2001474382602 75.53077773682276 458.59159601916696 74.74566900110585 455.297456690011 131.84408403980837 468.9060081091043 132.6291927755253 book-spine 0
158.3564356435644 238.43564356435644 147.16831683168317 237.31683168316835 140.82178217821783 300.7821782178218 152.00990099009903 301.9009900990099 book-spine 0
407.33015006821284 158.54297407912694 395.9849931787176 157.70259208731247 391.45839017735335 218.81173260572993 402.80354706684864 219.6521145975444 book-spine 0
203.00000000000006 241 186.00000000000006 241 186.00000000000006 304 203.00000000000006 304 book-spine 0
193.00000000000006 405 179.00000000000006 405 179.00000000000006 482 193.00000000000006 482 book-spine 0
440.22457282343373 160.06997558991057 427.1814483319772 159.32465419039877 423.67127746135066 220.75264442636296 436.7144019528072 221.49796582587476 book-spine 0
446.021897810219 75.18978102189787 434.4627737226278 74.87737226277378 432.94671532846723 130.9715328467154 444.5058394160584 131.2839416058395 book-spine 0
501.3812801101171 163.50378527185143 488.12181693048865 162.45698554714392 483.40812112869924 222.16379903647632 496.66758430832766 223.21059876118383 book-spine 0
459.1271562345985 591.1389847215378 446.15278462296715 590.5623459832431 444.0000000000001 639.0000000000001 456.97437161163145 639.5766387382948 book-spine 0
455.49230769230775 326.1384615384616 438.7107692307693 325.20615384615394 434.46769230769235 401.5815384615385 451.24923076923085 402.5138461538462 book-spine 0
322.44198895027625 244.6022099447514 305.17403314917124 243.69337016574582 301.8149171270718 307.51657458563545 319.0828729281768 308.425414364641 book-spine 0
273.6049723756907 584.5055248618785 261.6381215469614 583.8756906077349 258.87016574585635 636.4668508287292 270.8370165745857 637.0966850828728 book-spine 0
547.3829348722177 512.4472382522671 536.3549051937346 511.32192910140145 529.7885408079143 575.6723000824403 540.8165704863974 576.7976092333059 book-spine 0
125.00000000000003 148 113.00000000000003 148 113.00000000000003 208 125.00000000000003 208 book-spine 0
486.1496089765387 76.38422305338327 472.26861611696705 75.09894593675625 467.0017001020061 131.98163889833396 480.88269296157773 133.26691601496097 book-spine 0
267.00000000000006 155.00000000000006 256.9167904903418 154.82615156017837 255.89687964338782 213.98098068350674 265.9800891530461 214.1548291233284 book-spine 0
245 150.00000000000003 182 150 182 214.00000000000003 245 214.00000000000006 book-spine 0
322.1353591160221 155.42817679558013 311.27071823204415 154.85635359116023 308.0801104972375 215.47790055248618 318.94475138121544 216.0497237569061 book-spine 0
254.7265193370166 409.19613259668506 223.81215469613267 407.5690607734806 219.8480662983426 482.88674033149175 250.76243093922656 484.5138121546962 book-spine 0
353 157.00000000000006 336 157.00000000000006 336 218.00000000000006 353 218.00000000000006 book-spine 0
296.0000000000001 502 287.0000000000001 502 287.0000000000001 567 296.0000000000001 567 book-spine 0
142.00000000000006 315 125.00000000000003 315 125.00000000000006 388 142.00000000000006 388 book-spine 0
580.1278106508875 256.1467455621302 571.3076923076923 255.5384615384616 567.0781065088757 316.8674556213018 575.8982248520709 317.4757396449705 book-spine 0
80.00000000000006 400 52.00000000000004 400 52.00000000000006 477 80.00000000000006 477 book-spine 0
19.268491555037954 573.3319743739079 3.914385556202788 571.0850320326149 -3.605707629586405 622.472335468841 11.748398369248761 624.719277810134 book-spine 0
568.7890410958904 80.50410958904116 554.3698630136986 78.98630136986309 548.490410958904 134.84109589041105 562.9095890410958 136.35890410958913 book-spine 0
102.88679245283015 115.60377358490567 82.05660377358487 42.698113207547166 69.50943396226413 46.28301886792451 90.33962264150941 119.18867924528301 book-spine 0
555.3843674456084 512.3867848509268 544.8928283642226 511.18775181305415 537.1184528605966 579.2135374697825 547.6099919419823 580.4125705076552 book-spine 0
426 331 406 331 406 400 426 400 book-spine 0
377.18325791855216 588.1515837104073 359.081447963801 587.289592760181 356.61990950226254 638.9819004524887 374.7217194570137 639.843891402715 book-spine 0
516.0633557046981 251.06765100671146 505.86120805369137 250.73315436241617 503.72912751677865 315.76161073825506 513.9312751677853 316.0961073825504 book-spine 0
343 412 335 412 335.00000000000006 484 343.00000000000006 484 book-spine 0
297 69.00000000000003 269 69.00000000000003 269 125.00000000000003 297 125.00000000000003 book-spine 0
493.3922651933702 248.5469613259669 478.4861878453039 247.76243093922653 474.96961325966845 314.5773480662984 489.8756906077348 315.3618784530387 book-spine 0
44.288000000000096 574.4159999999999 17.800000000000082 569.5999999999999 8.120000000000047 622.84 34.60800000000006 627.6560000000001 book-spine 0
555.4171270718232 79.07458563535917 544.9198895027624 78.52209944751387 541.9060773480662 135.78453038674039 552.403314917127 136.33701657458568 book-spine 0
477 250.00000000000006 448 250.00000000000006 448 314.00000000000006 477 314.0000000000001 book-spine 0
432.0872817955112 249.2543640897756 418.3715710723192 248.568578553616 415.17456359102243 312.50872817955116 428.89027431421437 313.19451371571074 book-spine 0
426.20186183243516 590.7290543851053 415.90543851053405 589.8138167564919 411.5448309652131 638.8706516413523 421.8412542871142 639.7858892699658 book-spine 0
349.0185053380783 333.01921708185057 337.0227758007118 332.79288256227755 335.8491103202847 394.9971530249111 347.84483985765127 395.223487544484 book-spine 0
599 165.00000000000006 581 165.00000000000006 581 228.00000000000006 599 228.00000000000006 book-spine 0
485.11004891062714 331.5422409959983 469.99110715873724 330.8652734548689 466.80635838150295 401.99132947976886 481.92530013339274 402.6682970208983 book-spine 0
411.2458536585366 416.13268292682926 397.3531707317073 415.6985365853659 395.1014634146341 487.7531707317074 408.9941463414635 488.1873170731708 book-spine 0
538 596 516 596 516 639 538 639 book-spine 0
360.7620178041543 157.37863501483682 350.9560830860534 156.90029673590504 347.9946587537092 217.6094955489615 357.8005934718101 218.08783382789323 book-spine 0
172.00000000000006 404 157.00000000000006 404 157.00000000000006 481 172.00000000000006 481 book-spine 0
459.062566654817 75.34198364735164 446.08105225737654 74.85211517952371 443.9317454674725 131.80874511198016 456.9132598649129 132.29861357980812 book-spine 0
352 247.00000000000006 339 247.00000000000006 339 308 352 308 book-spine 0
382.96961325966845 159.57734806629838 360.1906077348066 158.37845303867405 357.060773480663 217.84530386740335 379.8397790055248 219.0441988950277 book-spine 0
465.43227199136544 417.2061521856449 448.86346465191593 416.43550998381 445.3103076092823 492.8283864004318 461.87911494873185 493.5990286022666 book-spine 0
607.4878048780488 81.60975609756106 591.3536585365854 79.81707317073177 585.0487804878048 136.56097560975616 601.1829268292682 138.35365853658544 book-spine 0
268 68.00000000000003 255 68.00000000000003 255 125.00000000000003 268 125.00000000000003 book-spine 0
323.0000000000001 503 310.0000000000001 503 310.0000000000001 569 323.0000000000001 569 book-spine 0
531.7654867256638 77.51769911504431 522.7389380530974 76.91592920353989 518.8982300884956 134.52654867256643 527.9247787610619 135.12831858407085 book-spine 0
367.48839719373996 412.9994603345926 344.42201834862385 411.9266055045872 340.90124123043717 487.6233135456017 363.9676200755532 488.69616837560716 book-spine 0
113.8470588235294 116.81176470588234 94.2470588235294 28.611764705882344 78.89411764705883 32.0235294117647 98.49411764705883 120.22352941176467 book-spine 0
411.06684856753077 328.59754433833575 390.91814461118696 327.10504774897686 385.67667121418833 397.86493860845843 405.8253751705321 399.35743519781727 book-spine 0
469.2570356472795 161.54409005628523 455.70731707317077 160.36585365853665 450.375234521576 221.68480300187625 463.9249530956848 222.86303939962488 book-spine 0
434.8565185724691 507.15440640932275 418.28332119446475 506.2585579024036 414.6518572469047 573.4406409322652 431.22505462490903 574.3364894391843 book-spine 0
564.7112561174553 165.10603588907026 552.721044045677 164.76345840130512 550.9796084828711 225.71370309951067 562.9698205546493 226.05628058727578 book-spine 0
411.04121475054234 72.02169197396968 395.63123644251624 71.70065075921914 394.4173535791757 129.9670281995662 409.8273318872018 130.28806941431674 book-spine 0
490.93934142114387 420.4558058925477 473.053726169844 419.71057192374354 469.9306759098787 494.66377816291157 487.8162911611786 495.4090121317157 book-spine 0
428.43442622950823 160.2213114754099 415.8114754098361 159.07377049180332 410.29508196721315 219.7540983606558 422.9180327868853 220.90163934426238 book-spine 0
152.57241379310346 556.8689655172415 147.31724137931036 493.8068965517242 129.19310344827585 495.3172413793104 134.44827586206895 558.3793103448277 book-spine 0
375.4146788990827 159.3155963302753 359.156880733945 158.82293577981656 357.3660550458716 217.92018348623859 373.62385321100925 218.41284403669732 book-spine 0
555.0738461538461 164.6707692307693 541.116923076923 163.89538461538467 537.6984615384614 225.42769230769233 551.6553846153846 226.203076923077 book-spine 0
470.54194690265484 327.56920353982304 455.36424778761057 326.4237168141593 449.6608849557522 401.9932743362832 464.8385840707964 403.1387610619469 book-spine 0
405.2538071065991 589.4467005076142 391.89340101522845 588.4923857868021 388.28934010152284 638.9492385786803 401.6497461928935 639.9035532994924 book-spine 0
172.00000000000006 319 143.00000000000006 319 143.00000000000006 389 172.00000000000006 389 book-spine 0
523.4696132596686 77.07734806629841 512.1325966850828 76.48066298342547 509.10773480662976 133.9530386740332 520.4447513812155 134.54972375690613 book-spine 0
584.7930174563593 166.13965087281804 570.9276807980051 165.44638403990035 567.8603491271821 226.79301745635917 581.7256857855363 227.48628428927688 book-spine 0
493.8876404494382 253.17977528089892 470.38651685393256 250.9415730337079 464.42247191011234 313.56404494382025 487.923595505618 315.80224719101125 book-spine 0
189.54972375690608 239.5552486187845 170.60220994475142 238.55801104972375 167.3121546961326 301.06906077348066 186.2596685082873 302.0662983425414 book-spine 0
344.3665835411472 72.6683291770574 329.503740648379 71.92518703241899 326.72069825436404 127.58603491271825 341.5835411471322 128.32917705735665 book-spine 0
424.4824902723736 74.2801556420234 410.6614785992218 73.41634241245141 407.07782101167317 130.7548638132296 420.8988326848249 131.6186770428016 book-spine 0
183.03538717735228 579.266028309742 167.28684429641973 578.9446294754372 166.20524562864287 631.9429641965029 181.95378850957542 632.2643630308077 book-spine 0
553 423.0000000000001 533 423.0000000000001 533 495.0000000000001 553 495.0000000000001 book-spine 0
220 152 207 152 207 211 220 211 book-spine 0
520.5227492739593 331.42400774443377 505.0338818973864 329.97192642788 498.1452081316554 403.4511132623428 513.6340755082285 404.9031945788965 book-spine 0
467.29268292682934 509.3658536585366 452.80487804878055 507.75609756097566 445.3780487804879 574.5975609756098 459.8658536585366 576.2073170731708 book-spine 0
225.0341753343239 480.9821693907875 223.77295690936106 407.83150074294207 210.75958395245175 408.05586924219915 212.02080237741458 481.20653789004456 book-spine 0
331 71.00000000000003 312 71.00000000000003 312 127.00000000000003 331 127.00000000000003 book-spine 0
327.1584021866331 321.2110688825934 307.53227718734183 321.0698982555307 306.9906527401986 396.36877114066647 326.6167777394898 396.5099417677292 book-spine 0
332.51543004885184 325.02854298321176 326.37982060318336 324.813084748081 323.88356523372454 395.8990101217976 330.0191746793929 396.11446835692834 book-spine 0
190.05239893303178 391.59116412865325 189.7267536945281 316.1576304561174 170.89871573741738 316.2389107649216 171.22436097592103 391.6724444374575 book-spine 0
445.1094505932672 249.7489394595181 432.4273120235457 249.132185509163 429.3496453877019 312.41738169592 442.03178395742333 313.03413564627516 book-spine 0
590.904955330554 80.92891286974182 578.0341533194469 80.13726468731535 574.5555752504091 136.69280362575444 587.4263772615162 137.4844518081809 book-spine 0
578.388970853924 80.24704002020889 566.5517024010112 79.30432481881337 562.0234182891595 136.16403662116886 573.8606867420723 137.10675182256438 book-spine 0
500.87508540249235 593.8720587967009 489.6713762216018 592.9603348831254 485.84673819479735 639.9593567761052 497.0504473756879 640.8710806896808 book-spine 0
535.4922988352891 330.83596033963033 520.7127906166176 329.3466025138864 513.2042903239922 403.8565287831641 527.9837985426637 405.345886608908 book-spine 0
314.07833103943403 71.97560177810765 296.9738348864711 71.58287155073074 295.7099141363428 126.63014344679584 312.8144102893057 127.02287367417276 book-spine 0
303.90420683008847 155.41288249321673 291.55415958154725 154.88437546809772 288.98142251285293 215.00358457282417 301.33146976139415 215.53209159794318 book-spine 0
540.7558906156384 163.38070189591946 525.2699372159863 162.6414933389285 522.3030825608339 224.7952285719977 537.789035960486 225.5344371289886 book-spine 0
277.82693640760726 242.49979894970556 262.06993658138515 242.46815455930505 261.9429425317675 305.70353980224274 277.69994235798964 305.7351841926433 book-spine 0
370.04518801106576 244.43415485101139 354.0513349190833 244.08434163754782 352.6255272305176 309.27387087960193 368.61938032250004 309.6236840930655 book-spine 0
588.917254549925 255.73199652093777 577.504345896341 255.1338714291653 574.2063504834558 318.06338384212467 585.6192591370399 318.66150893389715 book-spine 0
571.5627428681873 255.12705142911807 560.7815641296334 254.63787102079579 557.9548377753862 316.9368542826945 568.7360165139402 317.42603469101687 book-spine 0
423.96597417571456 489.49834896439927 423.1406295084536 414.78982414393545 408.4168312410345 414.95248574662463 409.2421759082954 489.6610105670884 book-spine 0
436.7930942980696 415.41128948211724 423.8730330147749 414.8188255080302 420.3741832763013 491.11941933194737 433.29424455959617 491.71188330603445 book-spine 0
526.3592042141973 510.4656617387935 511.13857528195445 509.37697859514424 506.39186918508557 575.7395860923863 521.6124981173284 576.8282692360355 book-spine 0
209.3901592482803 541.798367675385 208.36736895340243 534.795885805972 202.1862920442092 535.6987007782222 203.20908233908705 542.7011826476352 book-spine 0
215.95341675178355 564.3723140812236 210.73793162309278 495.508798703686 185.83363473792386 497.3949642491567 191.04911986661466 566.2584796266942 book-spine 0
517.0497445266893 594.9775777996741 501.7573980387614 592.1588426780997 493.07042950691965 639.2878303229038 508.3627759948476 642.1065654444781 book-spine 0