151.20540888602704 584.3663876368319 128.6648422408242 446.6184803605924 102.51062459755312 450.8982614294913 125.05119124275595 588.6461687057307 book-spine 0
484.94562973158975 122.97797660013764 475.06813489332416 -2.136958017894017 446.4569855471438 0.12181693048864872 456.3344803854095 125.2367515485203 book-spine 0
315.3100505334081 565.7487928130264 303.8912970241437 427.68568220101065 251.75171252105557 431.99797866367203 263.17046603032003 570.0610892756878 book-spine 0
560.407191011236 537.2844943820226 548.8008988764045 400.9105617977528 525.9662921348315 402.8539325842696 537.5725842696629 539.2278651685393 book-spine 0
609.1606939055008 110.32115955261358 600.5416571559003 -3.4501255421136747 553.975576352431 0.07760785208856191 562.5946131020314 113.84889294681582 book-spine 0
351.36623553437715 383.5833900612663 331.4172906739278 231.97140912185154 310.2831858407079 234.7522123893805 330.23213070115725 386.3641933287952 book-spine 0
394.0000000000001 622 376.0000000000001 622 376.0000000000001 636 394.0000000000001 636 book-spine 0
588.3146067415731 358.3033707865169 572.5033707865169 192.28539325842695 538.3370786516854 195.53932584269666 554.1483146067416 361.5573033707866 book-spine 0
221.67849272807402 399.7798589687087 205.67628911414718 246.61591009255181 181.81732040546495 249.1086381665932 197.8195240193918 402.27258704275016 book-spine 0
25.876712328767127 421.3287671232876 10.183561643835635 272.24383561643833 -6.630136986301363 274.01369863013696 9.06301369863013 423.09863013698623 book-spine 0
245.13787443578173 396.12597455888385 226.17521542880593 241.26425933524825 202.951990151826 244.1079195732458 221.9146491588018 398.9696347968814 book-spine 0
97.52799999999999 589.9040000000001 72.45600000000002 452.00800000000004 42.62400000000001 457.432 67.696 595.3280000000001 book-spine 0
321.5247524752475 387.2475247524752 306.2079207920792 234.07920792079213 286.30693069306926 236.06930693069313 301.62376237623755 389.23762376237624 book-spine 0
596.1735941320293 611.8239608801956 594.3325183374083 599.5501222493886 569.5403422982885 603.2689486552565 571.3814180929095 615.5427872860637 book-spine 0
418.317715588198 377.0549575788274 402.7068507027985 226.95048752690894 365.00265923768507 230.87172343928074 380.61352412308463 380.9761934911992 book-spine 0
299.8289177705573 142.19707573106726 286.46275931017243 10.020619845038741 252.6957010747313 13.43526618345414 266.0618595351162 145.61172206948265 book-spine 0
526.4884120171674 117.868669527897 515.7785407725323 -3.5098712446351996 474.5115879828327 0.1313304721030022 485.2214592274679 121.50987124463519 book-spine 0
111.35774630766429 162.52409894852002 92.10946331975933 26.716768978301833 66.53655868230717 30.34127514738954 85.78484167021213 166.14860511760776 book-spine 0
594.28 532.9600000000002 574.9399999999999 397.58000000000004 541.3399999999999 402.38000000000005 560.68 537.7600000000001 book-spine 0
135.4938659058488 160.27189728958635 117.60984308131242 25.328815977175466 91.62054208273895 28.773181169757493 109.50456490727532 163.71626248216836 book-spine 0
276.30312937879495 392.98879028491353 259.7687996263428 240.87295656235403 227.06819243344233 244.42737038766927 243.60252218589443 396.5432041102289 book-spine 0
19.000000000000014 40 4.898587196589413e-15 40 1.3164953090834047e-14 175 19.00000000000002 175 book-spine 0
613.574003003504 531.5247789087268 599.4201568496578 395.29400967795755 573.672117470382 397.9691306524278 587.8259636242282 534.1998998831971 book-spine 0
234.34129461256614 573.8341701723435 215.08657891165694 437.44660062423657 192.70905143167323 440.605780974352 211.96376713258246 576.9933505224589 book-spine 0
646.1835616438357 532.2438356164383 631.3178082191781 391.01917808219173 617.158904109589 392.50958904109586 632.0246575342464 533.7342465753425 book-spine 0
446.682191780822 549.9808219178083 432.2767123287671 413.1287671232877 400.4712328767123 416.4767123287671 414.87671232876716 553.3287671232877 book-spine 0
67.19856673633922 593.6318303971335 43.01522842639595 455.7868020304569 15.681098835473286 460.5822633621977 39.86443714541655 598.4272917288744 book-spine 0
202.72569089048102 152.8741044012282 185.57523029682702 19.95803480040942 156.92323439099283 23.655066530194475 174.07369498464686 156.57113613101328 book-spine 0
200.62674348089752 401.81776834445117 180.21892055791392 235.63978168587025 144.63280776228018 240.01000606428138 165.04063068526378 406.1879927228623 book-spine 0
212.62229719368196 577.8894341358688 193.5675509891121 439.3094617389971 162.48029443336912 443.5839595154118 181.535040637939 582.1639319122834 book-spine 0
125.46988485385297 595.4406554472985 103.5615589016829 448.34189548272803 73.23427812223206 452.85872453498666 95.14260407440213 599.9574844995572 book-spine 0
86.82007800576562 165.30235713074447 67.30286586399863 30.456164151263355 25.442937086654233 36.51483805324741 44.96014922842123 171.36103103272853 book-spine 0
44 41 5.021051876504148e-15 41 1.3164953090834047e-14 174 44.000000000000014 174 book-spine 0
619.3741428179575 107.53735027886988 607.922556459724 -0.7321934717015637 598.0331900886897 0.31379720215782214 609.4847764469232 108.58334095272926 book-spine 0
167.1621621621622 403.972972972973 139.45945945945945 237.75675675675677 99.56756756756755 244.40540540540542 127.27027027027029 410.62162162162167 book-spine 0
41.297297297297305 595.7837837837839 19.35135135135136 464.1081081081081 5.729729729729755 466.37837837837833 27.67567567567569 598.0540540540541 book-spine 0
126.47038801906058 409.1749489448605 106.78012253233493 259.52893124574547 83.05922396187884 262.65010211027914 102.74948944860449 412.29611980939416 book-spine 0
491.49359658484525 369.24493062966917 473.99359658484525 218.7449306296691 435.62860192102454 223.20597652081108 453.12860192102454 373.7059765208112 book-spine 0
631.5397260273973 529.6273972602739 617.2 393.39999999999986 598.668493150685 395.35068493150675 613.0082191780822 531.5780821917808 book-spine 0
426.26235294117646 127.86941176470589 412.63176470588235 -3.8929411764705932 371.8952941176471 0.3211764705882345 385.52588235294127 132.08352941176472 book-spine 0
174.81342281879193 154.99060402684563 153.98657718120805 14.409395973154368 114.41073825503354 20.27248322147652 135.23758389261744 160.85369127516776 book-spine 0
104.2726800682442 411.7098879905051 83.44217787997923 261.99065351235066 39.12610340479193 268.156368221942 59.9566055930569 417.8756027000964 book-spine 0
645.0219178082192 352.20821917808223 629.1150684931507 201.09315068493152 605.3260273972603 203.5972602739726 621.2328767123288 354.7123287671234 book-spine 0
59.8593325092707 417.2677379480841 37.79789864029668 266.2317676143387 4.200123609394332 271.13930778739183 26.261557478368353 422.1752781211371 book-spine 0
12 160 11 151 8.475609756097562 151.28048780487805 9.475609756097562 160.28048780487805 book-spine 0
564.2326454033772 113.67542213883675 554.0900562851783 -2.964352720450286 517.5403377110695 0.2138836772983126 527.6829268292684 116.85365853658536 book-spine 0
639 391.0000000000001 628 391.0000000000001 628 495.0000000000001 639 495.0000000000001 book-spine 0
415.86174801362085 552.6964812712826 401.39137343927354 416.26152099886497 382.49784335981826 418.26538024971626 396.96821793416564 554.700340522134 book-spine 0
556.0461538461539 362.36923076923074 535.2153846153847 195.72307692307697 503.8307692307693 199.64615384615388 524.6615384615385 366.29230769230765 book-spine 0
622.7459016393443 610.204918032787 621.704918032787 598.7540983606557 595.016393442623 601.1803278688525 596.0573770491803 612.6311475409838 book-spine 0
380.7016996377821 380.8328782390639 362.8132627472834 232.13524658679296 333.404290888827 235.6731680133742 351.2927277793257 384.3707996656451 book-spine 0
372.1271262309759 557.7949865711728 357.5434198746643 420.70814682184425 324.7864816472695 424.19292748433304 339.370188003581 561.2797672336617 book-spine 0
268 145.99999999999997 250.3692307692308 4.9538461538461505 200.15384615384616 11.230769230769237 217.7846153846154 152.27692307692305 book-spine 0
622.1780821917808 354.19178082191775 604.5780821917809 186.9917808219178 570.7945205479452 190.54794520547944 588.3945205479451 357.7479452054794 book-spine 0
396.8109589041096 553.7041095890411 382.6082191780822 418.77808219178075 357.7260273972603 421.3972602739726 371.92876712328757 556.3232876712328 book-spine 0
44 41 5.021051876504148e-15 41 1.3164953090834047e-14 174 44.000000000000014 174 book-spine 0
510.2617616580311 543.8826943005181 494.2833160621762 406.06860103626946 461.8354404145078 409.8306735751295 477.8138860103627 547.6447668393782 book-spine 0
301.09589041095893 389.4109589041096 285.18904109589045 238.29589041095892 260.35890410958905 240.9095890410959 276.26575342465753 392.02465753424656 book-spine 0
340.55342465753426 573.2575342465753 324.95890410958907 425.1095890410959 300.0767123287671 427.72876712328764 315.6712328767123 575.8767123287671 book-spine 0
338.7717647058824 137.1270588235294 324.67529411764707 0.8611764705882408 285.98588235294113 4.863529411764716 300.08235294117645 141.12941176470588 book-spine 0
540.1561643835615 539.9835616438356 525.745205479452 403.0794520547945 494.98082191780816 406.317808219178 509.39178082191773 543.2219178082191 book-spine 0
384.70762264150943 133.16467924528303 371.1830943396227 -3.7711698113207532 324.8083018867925 0.809056603773584 338.3328301886793 137.74490566037736 book-spine 0
183.47837837837835 580.0297297297298 161.77297297297298 442.56216216216217 128.44594594594594 447.82432432432427 150.15135135135134 585.2918918918919 book-spine 0
453.4905109489051 373.2510948905109 436.55474452554745 226.47445255474452 401.90072992700726 230.4729927007299 418.8364963503649 377.24963503649633 book-spine 0
457.27813840906595 125.30289360765761 446.4958741335681 -2.7364946638794194 414.00000000000006 -7.105427357601002e-15 424.7822642754978 128.03938827153704 book-spine 0
219.27510917030565 150.56331877729258 200.63755458515286 10.78165938864629 183.60698689956334 13.05240174672489 202.24454148471614 152.83406113537117 book-spine 0
524.9230769230769 365.38461538461536 504.1076923076923 198.86153846153843 473.9538461538461 202.63076923076923 494.7692307692307 369.1538461538461 book-spine 0
477.6027397260274 547.7260273972602 463.16438356164383 410.56164383561634 432.34794520547945 413.8054794520548 446.786301369863 550.9698630136985 book-spine 0
269.98 574.8600000000001 249.57999999999998 432.06000000000006 213.74 437.18000000000006 234.14 579.9800000000001 book-spine 0