151.26062322946177 614.9461756373937 149.97053824362607 560.7626062322946 137.66798866855524 561.0555240793201 138.95807365439094 615.2390934844193 book-spine 0
178.00000000000006 559 162.00000000000006 559 162.00000000000006 614 178.00000000000006 614 book-spine 0
320.9597315436242 299.22818791946315 309.09395973154363 297.1342281879195 296.86241610738256 366.4463087248323 308.7281879194631 368.5402684563759 book-spine 0
386.0000000000001 471 349.0000000000001 471 349.0000000000001 534 386.0000000000001 534 book-spine 0
139.00000000000006 292 127.00000000000003 292 127.00000000000004 371 139.00000000000006 371 book-spine 0
118.82322357019063 271.7573656845753 115.89601386481802 201.5043327556326 102.00346620450605 202.0831889081456 104.93067590987866 272.3362218370883 book-spine 0
152.8259629101284 457.4950071326675 140.00855920114122 390.84450784593434 127.36091298145507 393.2767475035663 140.17831669044222 459.92724679029953 book-spine 0
479.2973556395035 166.8931462493254 475.93847814355104 94.67728008634646 465.0086346465191 95.18564490016189 468.3675121424717 167.40151106314087 book-spine 0
299.31234506693113 473.47297967278143 285.50371839365397 470.6484878532475 272.6841844323253 533.3217649975212 286.4928111056024 536.1462568170551 book-spine 0
409.80000000000007 301.6000000000001 393.00000000000006 296.0000000000001 370.00000000000006 365.0000000000001 386.80000000000007 370.6000000000001 book-spine 0
138.00000000000006 561 121.00000000000006 561 121.00000000000007 618 138.00000000000006 618 book-spine 0
557 203.00000000000006 544 203.00000000000006 544 273.0000000000001 557 273.0000000000001 book-spine 0
415.4678128748501 272.29228308676534 401.45741703318674 203.641343462615 381.1207516993203 207.79168332666933 395.13114754098365 276.44262295081967 book-spine 0
85.51699974046198 271.6846613028809 81.84116273033999 195.71736309369322 71.14041007007528 196.23514144822218 74.81624708019727 272.20243965740985 book-spine 0
345.04212168486737 272.51326053042123 333.72230889235567 201.76443057722312 319.60374414976593 204.0234009360375 330.9235569422776 274.77223088923563 book-spine 0
336.22146040452526 98.0411381556394 326.92835104559487 97.86904353788142 325.66918066506685 165.86424408639016 334.9622900239973 166.03633870414814 book-spine 0
544.9793103448276 312.648275862069 531.1379310344827 300.3448275862069 478.9999999999999 359.00000000000006 492.84137931034485 371.30344827586214 book-spine 0
360.2281081081082 164.8086486486486 358.67189189189196 97.89135135135135 349.9556756756756 98.09405405405406 351.5118918918919 165.01135135135138 book-spine 0
76.24124513618678 270.8599221789883 71.72373540856032 198.57976653696497 58.08949416342412 199.431906614786 62.60700389105058 271.7120622568093 book-spine 0
449.53846153846166 271.6923076923077 435.23076923076934 200.15384615384613 421.19230769230785 202.96153846153845 435.5000000000001 274.5 book-spine 0
567.0338630625279 168.92559037576115 563.9202435764147 83.81999108866776 551.4856676073073 84.27491459973265 554.5992870934205 169.380513886826 book-spine 0
491.43902439024384 166.9512195121951 488.7164992826399 86.63672883787662 475.32510760401726 87.0906743185079 478.04763271162125 167.40516499282643 book-spine 0
160.09393539881341 162.72214897824657 156.29993408042188 93.16545814106789 135.452867501648 94.30257086354646 139.24686882003954 163.85926170072514 book-spine 0
516.6 306.80000000000007 497.4000000000001 297.2000000000001 463.4000000000001 365.20000000000005 482.6 374.80000000000007 book-spine 0
590.4155744024672 271.96067848882035 588.6067848882036 206.84425597532766 575.2282189668466 207.2158828064765 577.0370084811102 272.3323053199692 book-spine 0
226.60000000000002 301.8 200.14000000000004 298.02 189.90000000000003 369.70000000000005 216.36 373.48 book-spine 0
413.5660377358489 271.9811320754717 393.5660377358489 201.98113207547175 372.69811320754707 207.94339622641513 392.69811320754707 277.9433962264151 book-spine 0
221.8461538461538 455.7692307692307 213.2461538461538 386.9692307692307 195.64615384615382 389.16923076923075 204.24615384615385 457.96923076923076 book-spine 0
538.6043844856661 528.6623946037099 530.5679595278245 466.66711635750426 523.1008431703204 467.6350758853289 531.137268128162 529.6303541315345 book-spine 0
139.01345532831002 161.8595263724435 132.43379978471475 67.55113024757806 108.22604951560817 69.24004305705061 114.80570505920342 163.54843918191602 book-spine 0
388.9619952494063 471.102137767221 378.1472684085512 470.72921615201903 376.03562945368185 531.9667458432305 386.85035629453694 532.3396674584324 book-spine 0
575 195.00000000000006 556 195.00000000000006 556 273.0000000000001 575 273.0000000000001 book-spine 0
222.00000000000006 301 194.79852125693168 300.47689463955635 193.46247689463962 369.9512014787431 220.663955637708 370.47430683918674 book-spine 0
223.277339732602 163.97634556050735 221.84881727802542 86.8361330133699 210.9081247857388 87.03873842989373 212.33664724031541 164.1789509770312 book-spine 0
176.00000000000006 502 170.00000000000006 502 170.00000000000006 531 176.00000000000006 531 book-spine 0
304.0000000000001 555 283.0000000000001 555 283.0000000000001 609 304.0000000000001 609 book-spine 0
63.57854077253219 270.8901287553648 57.81545064377684 205.57510729613736 39.98369098712447 207.14849785407728 45.74678111587983 272.46351931330474 book-spine 0
213.76289592760185 271.54389140271496 205.07873303167423 199.89954751131222 188.41447963800908 201.91945701357466 197.0986425339367 273.5638009049774 book-spine 0
119.00000000000004 300 102.00000000000003 300 102.00000000000004 372 119.00000000000006 372 book-spine 0
191.30051813471505 162.6580310880829 186.29533678756476 85.0777202072539 163.2621761658031 86.5637305699482 168.26735751295337 164.1440414507772 book-spine 0
286.2178217821783 291.82178217821786 274.1386138613862 290.61386138613864 266.4059405940595 367.940594059406 278.4851485148516 369.14851485148523 book-spine 0
95.52853470437017 270.4185089974293 90.69151670951157 199.47557840616966 80.37583547557841 200.1789203084833 85.21285347043703 271.12185089974287 book-spine 0
199.9170305676856 271.87772925764193 190.33624454148475 200.02183406113534 175.2707423580786 202.0305676855895 184.85152838427948 273.8864628820961 book-spine 0
67.00000000000006 393 52.00000000000004 393 52.00000000000004 460 67.00000000000006 460 book-spine 0
17.021607605877314 301.2653414001729 1.7113223854797326 300.8150388936906 -0.3785652549697076 371.8712186689715 14.931719965427877 372.32152117545377 book-spine 0
327.46242774566485 298.9942196531792 316.71676300578036 297.34104046242777 306.08092485549133 366.47398843930637 316.82658959537576 368.1271676300578 book-spine 0
437 94.00000000000006 417 94.00000000000006 417 168.00000000000006 437 168.00000000000006 book-spine 0
513.56 527.92 505.14 468.98 487.35999999999996 471.52 495.78 530.4599999999999 book-spine 0
523.7567567567568 528.5405405405405 513.4324324324324 466.5945945945946 502.7297297297297 468.3783783783784 513.0540540540541 530.3243243243244 book-spine 0
187.1735305877649 162.6765293882447 185.6545381847261 86.72690923630547 161.84406237505 87.203118752499 163.36305477808878 163.15273890443822 book-spine 0
51.02158828064765 371.77717810331535 48.96530454895914 297.7509637625289 38.86198920585968 298.0316114109483 40.91827293754819 372.05782575173475 book-spine 0
367.6772046589018 271.6505823627288 353.5091514143095 203.64392678868555 341.52911813643925 206.13976705490853 355.6971713810316 274.14642262895177 book-spine 0
308 164 306.8116025272832 93.88454910970707 297.9666858127512 94.03446295232625 299.15508328546804 164.14991384261918 book-spine 0
519 90.00000000000006 501 90.00000000000006 501 168.00000000000006 519 168.00000000000006 book-spine 0
433.49831791421366 304.96761984861234 417.5088309503785 300.5449957947856 399.3591253153911 366.1631623212785 415.34861227922624 370.5857863751053 book-spine 0
304.54455445544556 299.5544554455446 286.82178217821786 297.7821782178218 279.8613861386139 367.3861386138614 297.5841584158416 369.1584158415842 book-spine 0
158.09442622950817 162.84131147540984 154.69770491803277 96.60524590163932 143.62426229508193 97.17311475409832 147.02098360655734 163.4091803278688 book-spine 0
565.3658536585365 319.29268292682923 554.6341463414634 310.7073170731707 512.6829268292682 363.1463414634146 523.4146341463414 371.7317073170732 book-spine 0
279 302 257 302 257 370 279 370 book-spine 0
298.26243093922653 271.9861878453039 294.6933701657459 204.1740331491713 270.91712707182324 205.42541436464091 274.4861878453039 273.2375690607735 book-spine 0
30.000000000000053 392 16.00000000000005 392 16.000000000000053 461 30.000000000000057 461 book-spine 0
240.33963074280808 271.86045513095746 232.64534134821812 197.99527694289395 220.05281236582223 199.30699871189353 227.7471017604122 273.17217689995704 book-spine 0
489.28922237380624 531.9045020463847 484.64529331514325 469.2114597544338 473.9263301500682 470.00545702592086 478.5702592087312 532.6984993178717 book-spine 0
303.2058823529413 299.32352941176475 284.92941176470595 297.9176470588236 279.62352941176476 366.8941176470589 297.9000000000001 368.3000000000001 book-spine 0
167.6954128440367 162.94862385321102 165.602752293578 93.8908256880734 155.97522935779818 94.18256880733946 158.0678899082569 163.24036697247706 book-spine 0
268.1098454027665 301.5777054515867 254.78193653376735 300.8161106590725 250.84540276647687 369.70545158665584 264.173311635476 370.46704637917014 book-spine 0
105.00000000000001 94 41.000000000000014 94 41.000000000000014 161 105.00000000000003 161 book-spine 0
171.02511078286565 560.3471196454949 160.04135893648456 559.9246676514033 157.93500738552444 614.6898079763664 168.91875923190554 615.112259970458 book-spine 0
621.196725440806 390.59370277078085 611.6904282115869 383.6969773299748 566.9642317380352 445.34659949622164 576.4705289672543 452.24332493702775 book-spine 0
249.18515283842797 479.1886462882097 235.93799126637555 474.63493449781663 215.09082969432316 535.2812227074237 228.33799126637555 539.8349344978167 book-spine 0
500.05708289611744 166.9693599160546 497.9395592864638 93.91479538300106 487.9189926547744 94.2052465897167 490.0365162644281 167.25981112277023 book-spine 0
536 199.00000000000006 527 199.00000000000006 527 273.0000000000001 536 273.0000000000001 book-spine 0
103.02776553547818 161.26575583957697 95.71771705597179 91.29814896430148 82.26751873071836 92.70339356544736 89.57756721022476 162.67100044072282 book-spine 0
608.328029948526 313.90313523631266 587.3378568086102 296.9943846513805 537.5343940102948 358.8193729527376 558.5245671502106 375.7281235376697 book-spine 0
357.20860018298265 383.5580969807869 348 383 343.7694419030192 452.804208600183 352.97804208600184 453.36230558096986 book-spine 0
603.0178453403834 272.98149372108395 601.7233972240582 201.78684732319897 584.1473892927958 202.10641110376739 585.4418374091209 273.30105750165234 book-spine 0
129.68508705526116 160.93262679788037 120.63890991672974 95.8001514004542 103.52460257380773 98.17713853141558 112.57077971233915 163.30961392884177 book-spine 0
27.769230769230802 192.15384615384613 7.576923076923109 188.1153846153846 -5.499999999999972 253.49999999999997 14.692307692307722 257.5384615384615 book-spine 0
201.00000000000006 300 185.00000000000006 300 185.00000000000006 370 201.00000000000006 370 book-spine 0
234.15175097276267 299.57198443579773 203.023346303502 297.62645914396893 198.51361867704284 369.7821011673152 229.64202334630355 371.72762645914395 book-spine 0
343.7571884984026 554.0702875399362 329.1805111821087 553.4872204472845 326.88498402555916 610.8753993610223 341.46166134185313 611.4584664536741 book-spine 0
575 548 558 548 558 602 575 602 book-spine 0
369 384 354 384 354 454 369 454 book-spine 0
107.00000000000006 389 97.00000000000006 389 97.00000000000006 459 107.00000000000006 459 book-spine 0
241.37198538367846 163.9356881851401 237.73982947624853 86.44969549330085 222.4920828258222 87.16443361753959 226.12423873325216 164.65042630937882 book-spine 0
137.50345281157516 161.67247615915818 130.66622821440316 67.66063794804342 116.36007892140745 68.7010851693522 123.19730351857943 162.71292338046698 book-spine 0
148.00000000000003 203 123.00000000000003 203 123.00000000000003 272 148.00000000000006 272 book-spine 0
219.08490566037733 88.04716981132077 164.40566037735852 85.66981132075475 161.0603773584906 162.61132075471698 215.7396226415094 164.98867924528304 book-spine 0
196.96923076923076 455.7538461538461 188.56923076923073 388.55384615384605 173.79999999999998 390.4 182.19999999999996 457.59999999999997 book-spine 0
366 120.00000000000006 358 120.00000000000006 358 166.00000000000006 366 166.00000000000006 book-spine 0
88.00000000000004 300 78.00000000000003 300 78.00000000000004 371 88.00000000000006 371 book-spine 0
257.2526621490804 301.30493707647634 247.24685382381415 300.36689254598264 240.89254598257503 368.14617618586647 250.89835430784123 369.08422071636016 book-spine 0
147.1877828054299 161.94343891402718 143.88461538461542 92.5769230769231 132.24434389140274 93.13122171945705 135.5475113122172 162.4977375565611 book-spine 0
118.00000000000003 201 101.00000000000003 201 101.00000000000003 272 118.00000000000003 272 book-spine 0
224.00000000000006 325 223.00000000000006 325 223.00000000000006 330 224.00000000000006 330 book-spine 0
117.0493609519612 161.47245482591455 109.76090788893785 91.71154693697665 98.82062582635521 92.85456148082856 106.10907888937858 162.61546936976646 book-spine 0
341.20209909690016 97.06565779838913 333.0478398828411 96.93824749816943 331.9699780327068 165.9214059067611 340.1242372467659 166.04881620698077 book-spine 0
154.58146964856235 299.4632587859425 138.84664536741218 298.8338658146965 135.97603833865819 370.59904153354626 151.71086261980835 371.2284345047923 book-spine 0
499.0000000000001 549 472.0000000000001 549 472.0000000000001 603 499.0000000000001 603 book-spine 0
259.0000000000001 557 250.00000000000006 557 250.00000000000006 611 259.0000000000001 611 book-spine 0
16.000000000000053 393 4.8802174946022026e-14 393 5.290474172316566e-14 460 16.000000000000057 460 book-spine 0
301.76206896551724 163.9551724137931 297.7586206896552 95.89655172413791 283.0448275862069 96.76206896551722 287.048275862069 164.8206896551724 book-spine 0
515.0449597728349 197.07761476573603 502.06341694273544 196.87789872219605 500.8930430667299 272.95220066256513 513.8745858968292 273.1519167061051 book-spine 0
492 205.00000000000006 479 205.00000000000006 479 274.0000000000001 492 274.0000000000001 book-spine 0
38.72941176470592 294.51764705882357 17.70000000000004 292.90000000000003 12.117647058823572 365.47058823529414 33.147058823529456 367.08823529411757 book-spine 0
401.26436303080766 165.95378850957536 399.9171523730224 99.94046627810158 394.24604496253124 100.05620316402997 395.5932556203164 166.06952539550377 book-spine 0
107.00000000000003 213 94.00000000000003 213 94.00000000000003 273 107.00000000000003 273 book-spine 0
384 95.00000000000006 367 95.00000000000006 367 166.00000000000006 384 166.00000000000006 book-spine 0
169.47717842323647 270.4605809128632 154.0946058091286 195.74522821576764 138.80165975103733 198.89377593360996 154.18423236514522 273.60912863070547 book-spine 0
180.00000000000006 300 166.00000000000006 300 166.00000000000006 370 180.00000000000006 370 book-spine 0
412.6773162939297 165.9329073482428 410.0718849840256 100.79712460063897 395.2555910543131 101.38977635782749 397.8610223642172 166.52555910543128 book-spine 0
49.000000000000014 79 32.000000000000014 79 32.000000000000014 161 49.000000000000014 161 book-spine 0
502 199.00000000000006 489 199.00000000000006 489 273.0000000000001 502 273.0000000000001 book-spine 0
472.2913198573128 550.0558858501784 461.41973840665884 549.7907253269917 460.05231866825216 605.8549346016648 470.92390011890615 606.1200951248514 book-spine 0
458.40689655172406 272.91724137931027 454.44482758620677 205.5620689655172 443.8931034482758 206.18275862068964 447.855172413793 273.5379310344827 book-spine 0
256.00876712328767 272.11671232876705 240.41945205479453 201.36520547945202 230.59150684931507 203.53068493150684 246.1808219178082 274.28219178082185 book-spine 0
287.75582685904556 557.3251942286349 270.07547169811323 556.7358490566038 268.20754716981133 612.7735849056604 285.88790233074366 613.3629300776915 book-spine 0
558.5302013422819 529.3288590604027 549.0590604026846 465.39865771812083 537.9328859060403 467.04697986577185 547.4040268456375 530.9771812080537 book-spine 0
91.00000000000001 161 87.34530386740333 91.56077348066299 76.74309392265195 92.11878453038676 80.39779005524863 161.55801104972375 book-spine 0
423.16270270270263 165.99621621621623 421.647027027027 100.82216216216216 409.9324324324324 101.0945945945946 411.44810810810804 166.26864864864865 book-spine 0
224.2865168539326 271.2415730337078 208.79775280898878 204.12359550561797 187.17977528089887 209.1123595505618 202.6685393258427 276.2303370786516 book-spine 0
204.17276360282816 162.92376268060252 201.77128804180757 94.48170919151552 185.01998155548728 95.06947433138642 187.42145711650784 163.5115278204734 book-spine 0
327 102.00000000000003 315 102.00000000000003 315 165.00000000000006 327 165.00000000000006 book-spine 0
285.1886792452831 475.33962264150944 274.0943396226416 472.1698113207548 255.67924528301893 536.6226415094341 266.7735849056604 539.7924528301887 book-spine 0
227.27692307692314 301.78461538461545 199.0923076923077 298.2615384615385 190.1538461538462 369.7692307692308 218.33846153846156 373.2923076923077 book-spine 0
290.83678756476695 473.22020725388603 280.69689119170994 470.5518134715026 264.27202072538864 532.9663212435233 274.41191709844566 535.6347150259068 book-spine 0
148.77931034482756 271.35172413793106 142.99310344827586 201.91724137931035 114.52413793103447 204.2896551724138 120.3103448275862 273.7241379310345 book-spine 0
102.00000000000004 300 87.00000000000003 300 87.00000000000004 371 102.00000000000006 371 book-spine 0
101.81030927835052 616.8268041237113 99.36082474226805 562.9381443298969 86.38762886597937 563.5278350515464 88.83711340206185 617.4164948453608 book-spine 0
506 93.00000000000006 497 93.00000000000006 497 168.00000000000006 506 168.00000000000006 book-spine 0
61.47756258856874 160.96787907416157 59.910722720831366 88.89324515824279 51.45819555975436 89.07699574870097 53.02503542749173 161.15162966461978 book-spine 0
544 85.00000000000006 532 85.00000000000006 532 168.00000000000006 544 168.00000000000006 book-spine 0
596.5407830342577 546.0725938009788 584.1508972267536 545.7185970636216 582.5725938009788 600.9592169657424 594.9624796084829 601.3132137030996 book-spine 0
392.394495412844 298.01834862385317 382.30275229357795 294.9908256880734 360.80733944954125 366.64220183486236 370.89908256880733 369.6697247706422 book-spine 0
320.0208144796381 555.0217194570135 310.8972850678734 554.8276018099547 309.7475113122172 608.8669683257918 318.87104072398193 609.0610859728507 book-spine 0
546 205.00000000000006 532 205.00000000000006 532 273.0000000000001 546 273.0000000000001 book-spine 0
411 419 408 419 408 423 411 423 book-spine 0
211.2683918669131 162.95637707948245 209.95748613678373 94.78927911275417 193.32902033271722 95.10905730129392 194.6399260628466 163.2761552680222 book-spine 0
451.03639514731367 166.87348353552858 447.52512998266894 82.60311958405545 434.214904679376 83.15771230502598 437.7261698440208 167.42807625649914 book-spine 0
45.076775431861904 564.0422264875241 31.235316698656508 563.4994241842611 29.07255278310948 618.6499040307101 42.91401151631487 619.1927063339731 book-spine 0
526 584 516 584 516 601 526 601 book-spine 0
416.58802940147007 271.874343717186 396.56702835141755 208.0574028701435 379.6800840042002 213.3552677633882 399.70108505425276 277.17220861043063 book-spine 0
440.5509554140127 271.07324840764323 420.9808917197453 204.53503184713378 408.25796178343944 208.27707006369428 427.82802547770694 274.81528662420374 book-spine 0
390.38938053097354 553.1592920353983 378.1769911504426 552.3451327433629 374.7168141592921 604.2477876106194 386.9292035398231 605.0619469026548 book-spine 0
348.7513513513514 299.90810810810814 337.40270270270275 298.11621621621623 326.38378378378377 367.90270270270275 337.73243243243246 369.69459459459466 book-spine 0
274.68623629719855 164.63970767356875 270.8311814859927 82.39853836784407 254.44531059683314 83.16662606577341 258.300365408039 165.40779537149808 book-spine 0
65.75247524752476 459.5247524752476 58.95049504950495 391.50495049504957 46.277227722772274 392.77227722772284 53.07920792079207 460.7920792079209 book-spine 0
513.0422641509434 528.3079245283019 504.8905660377359 468.91698113207553 492.0347169811322 470.6815094339623 500.18641509433974 530.0724528301887 book-spine 0
409.5404213620775 386.67025967662914 390.9759921607056 385.02008819206276 385.0534051935325 451.64919157275847 403.61783439490443 453.29936305732485 book-spine 0
557 550 545 550 545 599 557 599 book-spine 0
425.0568047337279 551.2236686390532 414.5035502958581 550.4514792899408 409.74082840236696 615.5420118343195 420.2940828402368 616.3142011834319 book-spine 0
319.9800498753117 164.60099750623442 316.4089775561097 93.17955112219451 297.5561097256857 94.12219451371571 301.1271820448877 165.5436408977556 book-spine 0
129.00000000000006 389 114.00000000000006 389 114.00000000000006 459 129.00000000000006 459 book-spine 0
23.014777001612035 159.90139709833426 21.63863514239656 75.95674368619024 14.132455668995163 76.07979580870501 15.50859752821064 160.02444922084902 book-spine 0
336.2941176470588 272.1764705882352 319.05882352941177 203.23529411764702 305.17647058823525 206.70588235294116 322.4117647058823 275.64705882352933 book-spine 0
554 99.00000000000006 543 99.00000000000006 543 168.00000000000006 554 168.00000000000006 book-spine 0
456.48275862068954 528.793103448276 451.3862068965517 467.6344827586207 441.86896551724124 468.42758620689665 446.9655172413792 529.5862068965519 book-spine 0
358 189.00000000000006 328 189.00000000000006 328 274 358 274 book-spine 0
586 546 572 546 572 602 586 602 book-spine 0
248.0327116212339 163.96499282639883 245.72568149210906 95.90760401721666 238.37819225251076 96.15667144906745 240.68522238163558 164.21406025824962 book-spine 0
312.5124792013312 473.9400998336107 299.9334442595675 471.3194675540766 286.8053244592347 534.3344425956739 299.38435940099845 536.955074875208 book-spine 0
82.12305025996535 92.0467937608319 76.38301559792028 91.80762564991335 74.17504332755632 144.79896013864817 79.9150779896014 145.0381282495667 book-spine 0
342.16494845360836 384.37113402061857 328.23917525773203 383.73814432989695 325.01649484536085 454.6371134020619 338.9422680412372 455.27010309278353 book-spine 0
81.39650872817953 160.93017456359098 77.857855361596 90.15710723192018 58.55610972568577 91.12219451371571 62.09476309226932 161.8952618453865 book-spine 0
66.94639175257733 459.82061855670105 63.843298969072166 391.5525773195876 49.37319587628865 392.2103092783505 52.47628865979381 460.47835051546394 book-spine 0
363.0695468914648 296.4162276080085 352.3213909378293 293.9083245521602 335.45943097997895 366.1738672286618 346.20758693361444 368.68177028451 book-spine 0
468.7649484536083 166.82886597938142 465.21030927835056 88.62680412371132 448.24536082474225 89.39793814432988 451.8 167.59999999999997 book-spine 0
402.0000000000001 469 391.0000000000001 469 391.0000000000001 532 402.0000000000001 532 book-spine 0
139.13197969543148 161.84771573604058 133.38578680203045 81.40101522842639 108.44162436548223 83.18274111675126 114.18781725888324 163.62944162436546 book-spine 0
397 92.00000000000006 385 92.00000000000006 385 166.00000000000006 397 166.00000000000006 book-spine 0
479 205.00000000000006 463 205.00000000000006 463 273.00000000000006 479 273.0000000000001 book-spine 0
351 94.00000000000004 335 94.00000000000003 335 166.00000000000006 351 166.00000000000006 book-spine 0
117.00000000000006 390 107.00000000000006 390 107.00000000000006 459 117.00000000000006 459 book-spine 0
297 301 280 301 280 368 297 368 book-spine 0
514.7560975609756 319.8048780487805 497.31707317073165 305.8536585365854 455.85365853658527 357.68292682926824 473.29268292682923 371.6341463414634 book-spine 0
429.54356846473024 271.7883817427386 410.1576763485477 199.09128630705396 397.08713692946054 202.57676348547722 416.4730290456431 275.27385892116183 book-spine 0
378.9834196891192 470.25699481865286 365.8766839378239 469.4113989637307 361.7834196891192 532.8569948186529 374.89015544041456 533.7025906735752 book-spine 0
61.00000000000004 299 48.00000000000004 299 48.00000000000004 373 61.00000000000004 373 book-spine 0
363 348 359 348 359 361 363 361 book-spine 0
532 94.00000000000006 519 94.00000000000006 519 168.00000000000006 532 168.00000000000006 book-spine 0
165.00000000000006 301 152.00000000000006 301 152.00000000000006 370 165.00000000000006 370 book-spine 0
185.2153846153846 271.72307692307686 176.12307692307692 198.98461538461538 157.90769230769232 201.26153846153844 167 273.99999999999994 book-spine 0
315 96.00000000000003 306 96.00000000000003 306 165.00000000000006 315 165.00000000000006 book-spine 0
191.00000000000006 559 178.00000000000006 559 178.00000000000006 615 191.00000000000006 615 book-spine 0
614 201.00000000000006 601 201.00000000000006 601 274.0000000000001 614 274.0000000000001 book-spine 0
258 95.00000000000003 245 95.00000000000003 245 165.00000000000006 258 165.00000000000006 book-spine 0
527.3449168207025 200.0643253234751 515.4070240295749 199.83475046210725 514.003696857671 272.80776340110907 525.9415896487985 273.0373382624769 book-spine 0
478.54613466334166 527.9226932668329 475.5810473815461 468.6209476309227 461.71571072319193 469.31421446384036 464.68079800498754 528.6159600997506 book-spine 0
232.50000000000006 474.5 224.42307692307696 472.8846153846154 211.84615384615387 535.7692307692307 219.92307692307696 537.3846153846154 book-spine 0
287.08018504240556 164.88666152659985 284.8249807247494 83.69930609097918 271.8072474942174 84.0609097918273 274.06245181187353 165.24826522744797 book-spine 0
104.17449103787447 538.845416483513 103.27840953609038 476.7918081209838 98.45371373871805 476.8614788584291 99.34979524050217 538.9150872209583 book-spine 0
110.54426150734356 543.2497954539064 108.54477818981643 475.76720173305614 100.622280194789 476.0019423039318 102.62176351231614 543.484536024782 book-spine 0
114.96624982987868 543.0817647189226 114.11348016287606 476.5657682998397 104.73569777168528 476.685996347189 105.5884674386879 543.2019927662718 book-spine 0
121.90476200000006 475.555556 109.84127000000004 475.555556 109.84127000000004 541.111111 121.90476200000006 541.111111 book-spine 0
127.22191262810858 540.0890004616725 125.90794841826303 475.786889262308 113.99376781653115 476.0303463838289 115.30773202637668 540.3324575831933 book-spine 0
135.44973500000006 475.714286 126.34920600000004 475.714286 126.34920600000004 539.365079 135.44973500000006 539.365079 book-spine 0
144.9244161062113 541.5816812178189 141.51971593353167 475.1900083160923 131.57436145827467 475.70002634424753 134.9790616309543 542.0916992459742 book-spine 0
156.61375700000005 475.079365 144.33862400000007 475.079365 144.33862400000007 538.888889 156.61375700000005 538.888889 book-spine 0
159.73287582824491 538.8697399113926 159.14144026949486 475.2165754046146 153.2152879717127 475.27163845171737 153.80672353046276 538.9248029584953 book-spine 0
164.22634717624936 538.5601280789443 163.80417815446282 475.551337745282 158.71866034854608 475.58541153190816 159.14082937033263 538.5942018655705 book-spine 0
170.65560300710018 474.34851889225456 164.07115743011394 474.139488863486 162.01913153797975 538.7783012337717 168.60357711496596 538.9873312625402 book-spine 0
92.00000000000006 476 86.00000000000006 476 86.00000000000006 542 92.00000000000006 542 book-spine 0
100.00000000000006 477 93.00000000000006 477 93.00000000000006 543 100.00000000000006 543 book-spine 0
189.11999798465973 475.22691415989016 179.27937951536398 474.18616885019946 172.86498294672043 534.8365784701487 182.70560141601618 535.8773237798393 book-spine 0
192.66489791036167 475.8010942687192 184.51247131550127 474.96715986141027 178.1711205589844 536.9593214770814 186.32354715384486 537.7932558843904 book-spine 0
197.039927499278 475.7757608884882 189.64044312860557 474.7083888453092 180.72878522639178 536.487853452432 188.12826959706416 537.555225495611 book-spine 0
201.01645448935903 474.7556096654811 192.5933126425141 473.97808885449854 186.79409255821764 536.802971071316 195.21723440506264 537.5804918822986 book-spine 0
208.58649578534116 474.1130764688214 202.06675698044435 473.13710165746505 192.45967255833096 537.3146607296353 198.97941136322777 538.2906355409916 book-spine 0
260.4442617188242 473.7571479082113 249.84301967549288 470.96350698243805 232.85863944842401 535.4154285168014 243.4598814917553 538.2090694425747 book-spine 0
322.80424166396733 471.8132048460992 314.28051268846093 470.71040427868877 306.05132028206424 534.3152008595655 314.57504925757064 535.418001426976 book-spine 0
327.8306880000001 472.0634920000001 321.31784429448084 471.40634019749143 315.1019838824818 533.0099562936941 321.61482758800116 533.6671080962028 book-spine 0
333.0444727051596 470.9363561657625 326.1531439869707 470.4540900662952 321.748630379622 533.3922711773054 328.6399590978108 533.8745372767727 book-spine 0
339.54409208823137 471.4366899951674 332.0423073658427 470.9935465869032 328.3424278549712 533.62722018267 335.8442125773599 534.0703635909342 book-spine 0
346.22139820095305 471.39968507149007 339.7825866534149 470.90910914950626 335.06046770412104 532.886945111388 341.4992792516592 533.3775210333717 book-spine 0
351.52299982785087 471.17167521212417 344.1684225499488 470.7896191812564 340.9356845020296 533.0198154659086 348.2902617799317 533.4018714967763 book-spine 0
409.55115715852673 531.3713421524678 408.4364359875435 469.0027483613825 401.17603444607414 469.13251436725443 402.29075561705724 531.5011081583397 book-spine 0
415.6764812822399 469.2312621074404 408.06103615887594 469.19064624914716 407.7351664516003 530.2909892533505 415.3506115749642 530.3316051116436 book-spine 0
422.5417371469065 530.0329403894074 418.72645337447943 468.98832792163387 409.2858169686293 469.57836700001513 413.1011007410564 530.6229794677886 book-spine 0
431.1049143539068 530.5101541484445 429.76753655285825 469.325056559305 419.53042931524215 469.54881823503973 420.8678071162907 530.7339158241792 book-spine 0
438.5382709163492 534.9484851269985 436.42037914535945 469.5585631464906 429.79450906280647 469.7731661816138 431.91240083379614 535.1630881621217 book-spine 0
446.0465561649046 530.1914863083832 443.2304459518391 470.72085416691334 436.54810617253236 471.03728270688435 439.36421638559796 530.5079148483543 book-spine 0
449.0222496024029 530.3395308050643 444.1887495238191 469.28479240094634 437.0693488294913 469.8484116173245 441.90284890807504 530.9031500214426 book-spine 0
455.14466927618946 529.7429701229348 451.074888742233 467.55162893947886 443.28793444211925 468.06120462037507 447.3577149760757 530.252545803831 book-spine 0
459.99617103969297 529.6327005097105 457.73541163371544 467.4052947089638 451.851852 467.619048 454.11261140597753 529.8464538007466 book-spine 0
466.7107507442398 528.2423071231767 461.3974998402732 467.47199708473374 454.7934598837006 468.04939945847343 460.1067107876672 528.8197094969163 book-spine 0
85.50264600000006 476.507937 56.08465600000006 476.507937 56.08465600000007 547.142857 85.50264600000006 547.142857 book-spine 0
233.3832719054946 456.1408870694048 229.03571013111488 386.63710230144443 216.74803766198747 387.40571390009666 221.0955994363672 456.9094986680569 book-spine 0
221.561011717875 456.4588575246896 216.96159173760356 386.7776411290928 208.98544651985566 387.3041193333736 213.58486650012713 456.9853357289705 book-spine 0
239.46472295143397 455.5435135505694 234.6430206354765 386.9986223021456 228.08013695053563 387.460279923694 232.90183926649314 456.0051711721178 book-spine 0
245.26660814911804 456.07761067737164 242.16360868390962 386.9250287256698 234.030818312497 387.28996150852333 237.13381777770542 456.44254346022524 book-spine 0
253.81604353780045 454.8288393480242 249.3644398185609 390.36619875249005 241.04307063752094 390.94084846670063 245.49467435676053 455.40348906223477 book-spine 0
259.09863248555774 455.51478287490045 256.58538977853544 387.14314813907254 249.3935057059049 387.4075114275199 251.9067484129272 455.77914616334783 book-spine 0
273.30781511246806 455.1883824679664 271.46103602186804 386.9729524718958 262.78155449153974 387.2079298810887 264.62833358213976 455.4233598771593 book-spine 0
264.34851785617985 455.85060971201347 263.86928368481364 387.7393851750739 256.966468861021 387.78795374456695 257.4457030323872 455.8991782815064 book-spine 0
280.8891091607945 455.3068694857076 278.0292142934112 386.66941776407805 269.7829489842902 387.0130122775848 272.6428438516735 455.65046399921437 book-spine 0
285.9366540311664 455.182251590681 285.11397832751936 386.43154777391703 274.3199735125296 386.5607095862821 275.14264921617666 455.311413403046 book-spine 0
292.01217938496313 387.80554300849826 284.8116760415874 387.7177319415173 283.99885128611146 454.36932348459356 291.1993546294872 454.4571345515746 book-spine 0
298.877979020412 387.27557751318676 290.84846686059535 387.1141803202493 289.4910358918147 454.64638625001317 297.52054805163135 454.8077834429506 book-spine 0
303.4862232571754 388.6665260157149 296.26361360392747 388.51882439280826 294.92365813616715 454.0426494254301 302.1462677894151 454.19035104833665 book-spine 0
314.5534776606244 392.94336076690604 303.96927039217394 392.7405981858344 302.79002521659413 454.2971994713832 313.3742324850446 454.49996205245486 book-spine 0
319.64295743094897 387.01442331870453 313.9327452018663 386.95302324803976 313.21254528507353 453.9316818672554 318.9227575141562 453.9930819379202 book-spine 0
327.830688 386.190476 319.153439 386.190476 319.153439 454.126984 327.830688 454.126984 book-spine 0
381.8454732907803 386.3763906662176 376.1968706770501 386.02744231541186 372.0861916921323 452.5690723440239 377.73479430586247 452.9180206948297 book-spine 0
376.8877877334304 384.30820655807196 369.3938338466073 383.94115573814827 366.0200033128741 452.82352588788933 373.5139571996972 453.1905767078131 book-spine 0
391.27471690122934 385.61739422252333 381.9039248078704 384.95631545159097 377.0658982741071 453.5353453395318 386.4366903674661 454.19642411046414 book-spine 0
418.03058836902693 385.6293971654536 409.5973575271951 384.8170707564463 403.0722949928478 452.55752336192637 411.50552583467964 453.3698497709337 book-spine 0
424.99020917275095 385.2949701694925 417.59425282303886 384.6148822160977 411.37735956026916 452.2235951373421 418.7733159099813 452.9036830907369 book-spine 0
432.2849674198077 385.0841508173193 424.6978480118804 384.0836515431913 415.74309310110846 451.9905421663374 423.33021250903573 452.99104144046555 book-spine 0
457.71943275109254 383.9945625437354 449.726248736083 382.40637437620103 436.56516954584646 448.6447017697294 444.55835356085595 450.23288993726385 book-spine 0
463.8473115482879 386.3870777080184 456.5396278177854 384.7115947579032 441.58541062006867 449.93499181523146 448.8930943505711 451.6104747653468 book-spine 0
470.7464411807781 388.96330993658785 460.7806004892362 386.4274727751316 444.636647229585 449.87321320469084 454.6024879211269 452.4090503661471 book-spine 0
480.0323349003712 383.9391631019514 471.57618068147855 381.76875007522585 454.1019443207297 449.85018697426824 462.5580985396223 452.0206000009938 book-spine 0
494.25847167994476 390.63453119996825 481.97006153017975 384.5661804379288 452.79063030470746 443.654527980146 465.0790404544725 449.72287874218546 book-spine 0
468.3719979872955 442.9181929783328 465.068830869802 442.7608994830266 464.71857151922563 450.11635412001704 468.0217386367191 450.2736476153233 book-spine 0
498.52005087059626 398.5229071409677 491.27571097920077 395.025639091645 466.76268976463666 445.8026041223022 474.00702965603216 449.2998721716249 book-spine 0
457.1755048345187 305.02694708677495 447.08940078217154 300.80316353802533 419.81127644634626 365.94144470904916 429.8973804986934 370.1652282577988 book-spine 0
473.8949939692309 306.2393165538462 460.17419586153846 298.39886049230773 421.54822927692305 365.9943020153847 435.26902738461547 373.83475807692315 book-spine 0
474.79449306802553 304.2707528940069 466.6217899466907 300.55898358588024 437.0315545023616 365.7117960323401 445.20425762369644 369.4235653404668 book-spine 0
487.51758607480656 304.76003815573335 473.24314758442347 298.2987918588614 442.9591057628593 365.2034836721719 457.23354425324237 371.66472996904383 book-spine 0
507.22018232026426 307.10622341863836 494.61944916863695 298.70573630473353 452.30769300073985 362.1733830517753 464.9084261523672 370.5738701656802 book-spine 0
447.92104179793296 302.2034696358632 432.830838527987 297.3625020973673 410.54999903084814 366.8160554135569 425.64020230079416 371.6570229520528 book-spine 0
438.9483149940278 300.4462256522668 428.6767341433244 297.0861639438633 406.16441712089573 365.90546087945796 416.43599797159914 369.2655225878615 book-spine 0
385.953585924461 273.31325462832496 368.7175131265876 202.96993407099973 358.099197195158 205.57171722446617 375.33526999303143 275.9150377817914 book-spine 0
375.5646502966624 272.4227799590084 358.95058173264306 203.26671426242746 347.6426892043472 205.98332487188492 364.2567577683666 275.13939056846584 book-spine 0
285.2132772605888 272.0395858722253 270.2456714260087 201.21073782585913 257.57786770520454 203.88770770624888 272.54547353978467 274.716555752615 book-spine 0
274.04422739883887 272.6753405071792 256.95457838130187 201.99204704544263 247.32490334909897 204.320288393483 264.414552366636 275.0035818552196 book-spine 0
263.849100424928 272.2779391084375 248.9680441302429 201.5929155045955 235.40061601917895 204.44921590885625 250.28167231386402 275.13423951269823 book-spine 0
285.47563151436174 271.74121609732606 270.7283727332701 201.19351018493427 254.63835488515923 204.556959838324 269.3856136662509 275.1046657507158 book-spine 0
274.0870875461908 272.66230674032687 256.9089046363009 201.89565919050764 247.04071847713408 204.291102703805 264.218901387024 275.0577502536242 book-spine 0
320.84656100000007 272.22222200000004 305.33838390411125 202.6728001083186 294.68646414401474 205.04797237514276 310.1946412399035 274.5973942668242 book-spine 0
312.201872204142 272.33211195660755 298.41676777071 203.40659340803757 291.6910858635766 204.7517298600839 305.47619029700854 273.6772484086539 book-spine 0
308.42877329278303 272.4974165935502 292.67019261365596 201.941951611233 281.0049185758592 204.54739347338807 296.7634992549863 275.1028584557053 book-spine 0
285.44981649420146 272.0998631203378 270.35644882554715 201.2838884463731 255.60363300312133 204.42823086884178 270.69700067177564 275.2442055428064 book-spine 0
40.53058609990564 160.08971963491524 35.52118405160298 75.48657855009422 15.968804760376226 76.64428649822423 20.97820680867889 161.2474275830453 book-spine 0
41.891028699094676 271.29463545958623 40.011421804373285 200.20524247008197 27.450692294122582 200.5373487491957 29.330299188843966 271.6267417387 book-spine 0
42.434786948685854 271.4692758934234 39.236343983758914 199.30439154203626 26.383197517047424 199.87405996544086 29.581640481974368 272.03894431682795 book-spine 0
631.2057803720975 302.4227592530607 622.0885334465935 298.987274608742 597.6135497532074 363.9401103605487 606.7307966787114 367.37559500486736 book-spine 0
616.2116702434101 312.6731425790051 604.2920420579951 306.60172159141996 575.0125593837328 364.0842364182033 586.9321875691478 370.1556574057885 book-spine 0
624.2915627188407 308.4029630920372 613.6554960779115 303.3780499551739 585.3606740412906 363.2687594217631 595.9967406822199 368.29367255862644 book-spine 0
456.9571010759539 549.7687549084641 445.4273703536739 549.5889540092775 444.51192879047665 608.2916343818408 456.0416595127567 608.4714352810274 book-spine 0
444.6074586089551 549.6870684153241 435.38177332984503 549.4307992340403 433.76779143329077 607.53411446373 442.9934767124008 607.7903836450139 book-spine 0
466.9771567969584 608.0144349638589 465.72791880084964 550.8618755897157 458.0674270206412 551.029318264296 459.31666501675 608.1818776384391 book-spine 0
432.8889274315318 550.8056581051347 423.5917092953714 550.2848055664106 420.08962833072155 612.7969529365655 429.3868464668818 613.3178054752897 book-spine 0
372.7452167057511 553.1000421051539 366.95890399922683 552.7301409536747 363.5493319322927 606.0656066471856 369.3356446388169 606.4355077986648 book-spine 0
367.16609525761965 552.8408489700178 360.94598565927527 552.3082403916684 356.25676354629206 607.0716757913297 362.47687314463644 607.604284369679 book-spine 0
358.4317566950937 552.8473111892295 351.9302540522581 552.3389632542863 347.62332418145536 607.422330398609 354.12482682429095 607.9306783335521 book-spine 0
244.86772500000006 556.031746 237.03703700000005 556.031746 237.03703700000005 614.603175 244.86772500000006 614.603175 book-spine 0
199.1585665880782 557.4803081703415 186.24938206190538 557.4273474656687 186.01883263941917 613.6238247533881 198.928017165592 613.6767854580609 book-spine 0
204.02116400000006 557.936508 198.51851900000008 557.936508 198.51851900000008 613.015873 204.02116400000006 613.015873 book-spine 0
217.98941800000006 557.936508 209.73545000000004 557.936508 209.73545000000004 612.698413 217.98941800000006 612.698413 book-spine 0
210.57663331547602 613.1030881985942 209.02673034799773 558.1784117436812 200.814014830318 558.41016389906 202.36391779779632 613.3348403539729 book-spine 0
118.20429323173123 616.8570666862685 116.88639374198316 560.8463705451774 109.90364307869473 561.01067065516 111.2215425684428 617.0213667962511 book-spine 0
89.5080405614546 618.986546986174 87.11396993458192 561.5289801434321 71.57216913797076 562.1765566215261 73.96623976484345 619.6341234642679 book-spine 0
53.514750697909506 617.6881175763166 52.880473730633355 562.5059659795018 43.65892271122708 562.6119607123079 44.29319967850323 617.7941123091227 book-spine 0