209.00000000000003 639 207.59270072992703 586.9299270072992 196.9788321167883 587.2167883211678 198.3861313868613 639.2868613138686 book-spine 0
237.18200692041532 587.0837370242216 222.27128027681673 586.691349480969 220.95363321799317 636.7619377162631 235.86435986159177 637.1543252595156 book-spine 0
325.37146273415703 485.8577122359506 320.86966919091276 410.82781984854523 311.5631725787167 411.38620964527706 316.064966121961 486.4161020326824 book-spine 0
398.0000000000001 501 382.0000000000001 501 382.0000000000001 569 398.0000000000001 569 book-spine 0
385 486 383.23135135135135 409.94810810810804 372.95783783783776 410.18702702702694 374.72648648648646 486.2389189189189 book-spine 0
242.00000000000006 325 217.00000000000006 325 217.00000000000006 395 242.00000000000006 395 book-spine 0
167.093950177936 250.02064056939508 152.2501779359431 249.74056939501787 151.13238434163705 308.98362989323846 165.97615658362994 309.26370106761567 book-spine 0
151.11460674157306 489.70337078651687 143.67640449438204 411.6022471910113 126.78202247191012 413.2112359550563 134.22022471910114 491.31235955056184 book-spine 0
322.79853181076675 567.9486133768353 320.93393148450247 502.6876019575857 305.66068515497557 503.1239804241436 307.52528548123985 568.3849918433932 book-spine 0
391 332 379 332 379 392 391 392 book-spine 0
491.0000000000001 584 473.0000000000001 584 473.0000000000001 638 491.0000000000001 638 book-spine 0
536 243.00000000000006 523 243.00000000000006 523 305.0000000000001 536 305.0000000000001 book-spine 0
414 245.00000000000006 399 245.00000000000006 399 307 414 307 book-spine 0
90.28235779060182 218.76710634789782 84.24154987633966 159.56718878812862 72.6277823577906 160.75226710634792 78.66859027205275 219.9521846661171 book-spine 0
398 244.00000000000006 384 244.00000000000006 384 307 398 307 book-spine 0
376 156.00000000000006 364 156.00000000000006 364 216.00000000000006 376 216.00000000000006 book-spine 0
498.96299376299385 319.40665280665286 487.24781704781714 318.92848232848235 484.18835758835763 393.88523908523916 495.90353430353434 394.36340956340973 book-spine 0
424 70.00000000000006 411 70.00000000000006 411 126.00000000000006 424 126.00000000000006 book-spine 0
110.4335260115607 218.68208092485546 104.7908874532472 157.74158449506967 94.19653179190749 158.72254335260112 99.839170350221 219.66303978238693 book-spine 0
439 323 426 323 426 394 439 394 book-spine 0
608 64.00000000000009 592 64.00000000000009 592 122.00000000000009 608 122.00000000000009 book-spine 0
536.6932668329177 69.13466334164596 524.074812967581 68.50374064837912 521.3291770573566 123.41645885286788 533.9476309226933 124.04738154613472 book-spine 0
220.99694033656294 127.77307496175419 214.6124426313105 71.58949515553289 200.9479857215706 73.14227434982152 207.33248342682302 129.32585415604282 book-spine 0
455 410 441 410 441.0000000000001 486 455.00000000000006 486 book-spine 0
598.1959526159922 152.18213228035546 589.0227048371174 151.9782823297138 587.667818361303 212.94817374136238 596.8410661401778 213.15202369200404 book-spine 0
384 69.00000000000006 373 69.00000000000006 373 126.00000000000006 384 126.00000000000006 book-spine 0
378 327 361 327 361 395 378 395 book-spine 0
287.2054631828979 483.95843230403796 284.75296912114015 412.83610451306413 274.3171021377672 413.1959619952494 276.769596199525 484.31828978622326 book-spine 0
548 499.0000000000001 534 499.0000000000001 534 566 548 566 book-spine 0
164.1176470588235 126.47058823529412 140.35294117647058 31.411764705882355 112.58823529411764 38.35294117647059 136.35294117647055 133.41176470588235 book-spine 0
507.6070038910506 155.28793774319075 494.0972762645914 154.44357976653703 490.38132295719845 213.89883268482498 503.8910505836576 214.7431906614787 book-spine 0
429.0000000000001 501 410.0000000000001 501 410.0000000000001 569 429.0000000000001 569 book-spine 0
549.9160583941607 317.1058394160585 535.1160583941606 316.7058394160585 533.0087591240876 394.67591240875925 547.8087591240877 395.0759124087592 book-spine 0
284 324 265 324 265 396 284 396 book-spine 0
227.52154903185513 216.86196127420368 226.0430980637102 157.72392254840727 209.97813866333541 158.12554653341664 211.45658963148034 217.26358525921302 book-spine 0
300.6970033296338 567.9100998890123 298.5238623751388 502.715871254162 287.9023307436182 503.06992230854604 290.07547169811323 568.2641509433962 book-spine 0
322.0000000000001 585 306.0000000000001 585 306.0000000000001 640 322.0000000000001 640 book-spine 0
471.3562300319488 154.09424920127802 461.052715654952 153.68210862619813 458.6405750798721 213.98562300319492 468.94408945686894 214.3977635782748 book-spine 0
117.3028362305581 398.49679780420865 112.83074107959746 324.7072278133578 97.8252516010979 325.61665141811534 102.29734675205856 399.4062214089662 book-spine 0
246.00000000000006 247.00000000000006 236.00000000000006 247.00000000000006 236.00000000000006 309 246.00000000000006 309 book-spine 0
108.45233968804158 485.8561525129983 105.4800693240901 414.52166377816286 86.88734835355285 415.29636048526856 89.85961871750433 486.630849220104 book-spine 0
245.98362892223741 127.77899045020462 241.79809004092772 71.27421555252387 226.14324693042292 72.43383356070942 230.32878581173262 128.93860845839015 book-spine 0
277.2748295286096 488.3133708864512 273.3107026386007 411.6735843462793 256.4076489771717 412.54788022531864 260.3717758671806 489.1876667654906 book-spine 0
178.0274314214464 247.45137157107234 167.15461346633418 246.90773067331673 164.07481296758107 308.50374064837905 174.94763092269326 309.04738154613466 book-spine 0
217.00000000000006 324 190.00000000000006 324 190.00000000000006 398 217.00000000000006 398 book-spine 0
411.0000000000001 501 397.0000000000001 501 397.0000000000001 572 411.0000000000001 572 book-spine 0
504.5484072454717 501.0637101811369 486.28482198625875 500.60712054965666 484.6514678326048 565.9412866958152 502.91505309181775 566.3978763272955 book-spine 0
337.29675810473805 483.9351620947631 333.6708229426433 411.4164588528678 320.004987531172 412.09975062344137 323.63092269326677 484.6184538653367 book-spine 0
480 154.00000000000006 469 154.00000000000006 469 214.00000000000006 480 214.00000000000006 book-spine 0
534 410.0000000000001 511 410.0000000000001 511.0000000000001 486.0000000000001 534 486.0000000000001 book-spine 0
520.6297577854673 500.06920415224926 506.66574394463686 499.7017301038063 504.974394463668 563.9730103806229 518.9384083044985 564.3404844290658 book-spine 0
232.51194539249144 127.35153583617748 225.64505119453923 68.98293515358361 213.40273037542661 70.42320819112628 220.2696245733788 128.79180887372016 book-spine 0
471 321.0000000000001 428 321 428 395 471 395.00000000000006 book-spine 0
374.11955217912833 125.97760895641744 372.9752099160336 68.76049580167933 357.4414234306277 69.07117153138744 358.58576569372246 126.28828468612555 book-spine 0
508 68.00000000000006 484 68.00000000000006 484 124.00000000000006 508 124.00000000000006 book-spine 0
479 323.0000000000001 470 323.0000000000001 470 395.0000000000001 479 395.0000000000001 book-spine 0
89.80327868852459 185.8360655737705 88.09016393442622 166.9918032786885 86.01639344262296 167.1803278688525 87.72950819672133 186.02459016393448 book-spine 0
510.7544589774079 484.9328180737218 508.87455410225925 407.8567181926279 493.2497027348395 408.23781212841857 495.12960760998806 485.31391200951253 book-spine 0
260.5465870750065 396.2961328834675 256.88710096029075 320.66675317934084 241.13366208149495 321.42901635089544 244.79314819621078 397.0583960550221 book-spine 0
331 155.00000000000006 313 155.00000000000006 313 216.00000000000006 331 216.00000000000006 book-spine 0
55.80769230769231 489.0384615384616 40.11538461538461 410.57692307692315 21.461538461538467 414.3076923076924 37.15384615384616 492.76923076923083 book-spine 0
261.716814159292 308.7522123893805 257.5840707964602 246.76106194690266 242.98230088495575 247.73451327433628 247.11504424778758 309.7256637168141 book-spine 0
489.07120549656486 500.1517801374142 475.2548407245473 499.80637101811374 473.5758900687073 566.9643972517179 487.3922548407247 567.3098063710183 book-spine 0
346.7168539325843 483.1730337078652 340.527191011236 410.4444943820225 330.8103370786517 411.2714606741573 337 484 book-spine 0
250.80542986425343 216.91402714932127 247.92533936651586 156.4321266968326 233.19683257918555 157.13348416289594 236.0769230769231 217.6153846153846 book-spine 0
299.7408829174665 485.8925143953935 296.82955854126686 411.6537428023033 284.22149712092136 412.1481765834933 287.132821497121 486.38694817658353 book-spine 0
102.26849315068492 218.55068493150685 95.89041095890411 157.95890410958904 83.13698630136986 159.3013698630137 89.51506849315066 219.89315068493153 book-spine 0
223.15498519249755 638.974333662389 221.97532082922015 585.8894373149062 206.96051332675225 586.2230997038499 208.14017769002965 639.3079960513327 book-spine 0
575 409.0000000000001 557 409.0000000000001 557 485.0000000000001 575 485.0000000000001 book-spine 0
292.53343523118076 567.8012991975544 287.5552158960642 504.32900267481847 270.425296140619 505.6725257928926 275.4035154757356 569.1448223156285 book-spine 0
350 155.00000000000006 299 155.00000000000006 299 216.00000000000006 350 216.00000000000006 book-spine 0
565 330.0000000000001 556 330.0000000000001 556 392.0000000000001 565 392.0000000000001 book-spine 0
526.1087806612159 67.1173124777818 512.5055101315322 66.6039815143975 510.34767152506225 123.78670458585148 523.950942054746 124.30003554923576 book-spine 0
188.28794178794183 487.9261954261955 185.8669438669439 412.87525987526 173.94386694386694 413.2598752598753 176.36486486486487 488.31081081081084 book-spine 0
408.00000000000006 411 391 411 391.0000000000001 487 408.0000000000001 487 book-spine 0
559 242.00000000000006 545 242.00000000000006 545 304.0000000000001 559 304.0000000000001 book-spine 0
174.947172156619 217.62896208825356 170.47980111870726 158.06401491609694 153.7489123679304 159.3188315724052 158.21628340584215 218.88377874456182 book-spine 0
126.73529411764706 257.44117647058823 106.73529411764706 245.44117647058823 70.47058823529414 305.88235294117646 90.47058823529414 317.88235294117646 book-spine 0
221.00000000000006 247 187.00000000000006 247 187.00000000000006 310 221.00000000000006 310 book-spine 0
242.4564315352697 486.7883817427386 237.92033195020747 412.698755186722 227.28672199170126 413.34979253112033 231.8228215767635 487.4394190871369 book-spine 0
366.3503184713376 569.8089171974523 363.9108280254777 501.5031847133758 345.47006369426754 502.16178343949036 347.9095541401274 570.467515923567 book-spine 0
240.50484883057612 569.9572162007985 234.8160296634341 502.82915002852246 220.9158585282373 504.0071306332003 226.60467769537934 571.1351968054762 book-spine 0
462.01537710519904 501.01586526726874 445.3475713937029 500.7554308030267 444.31462045399087 566.8642909445938 460.982426165487 567.124725408836 book-spine 0
37.951219512195195 507.4390243902439 15.78048780487812 504.9756097560976 7.670731707317138 577.9634146341463 29.841463414634212 580.4268292682926 book-spine 0
284 157.00000000000006 272 157.00000000000006 272 217.00000000000006 284 217.00000000000006 book-spine 0
178.03448275862067 568.5862068965516 169.17444219066937 503.61257606490875 156.09939148073022 505.39553752535494 164.95943204868152 570.3691683569979 book-spine 0
237.00000000000006 246 221.00000000000006 246 221.00000000000006 309 237.00000000000006 309 book-spine 0
291 246.00000000000006 276 246.00000000000006 276 308 291 308 book-spine 0
255.92319449751625 569.7707298433321 250.7416889568208 503.70653419946507 234.74207107374855 504.96140619029427 239.92357661444402 571.0256018341613 book-spine 0
387.03387815750375 155.0350668647846 376.6059435364042 154.85527488855874 375.5693907875186 214.97533432392277 385.99732540861817 215.1551263001486 book-spine 0
65.96039603960396 487.6039603960396 61.673267326732685 444.73267326732685 56.72277227722773 445.2277227722773 61.00990099009901 488.0990099009901 book-spine 0
310.7406199021207 396.9216965742253 308.5619902120718 320.6696574225123 294.1166394779771 321.0823817292007 296.29526916802604 397.3344208809136 book-spine 0
131.88615384615386 217.95076923076923 128.56923076923078 158.24615384615382 113.55999999999997 159.07999999999998 116.87692307692308 218.7846153846154 book-spine 0
523.0330463760065 304.98278256039987 521.9822271591223 241.93362954734792 511.9350180505415 242.10108303249092 512.9858372674257 305.15023604554284 book-spine 0
241.73929961089493 486.82879377431897 237.09727626459144 412.556420233463 217.61089494163423 413.7743190661478 222.25291828793772 488.0466926070038 book-spine 0
502 67.00000000000006 482 67.00000000000006 482 124.00000000000006 502 124.00000000000006 book-spine 0
518 153.00000000000006 505 153.00000000000006 505 215.00000000000006 518 215.00000000000006 book-spine 0
360 69.00000000000004 342 69.00000000000003 342 127.00000000000004 360 127.00000000000006 book-spine 0
191 217 186.89349112426038 157.45562130177512 170.8319526627219 158.56331360946743 174.93846153846158 218.10769230769233 book-spine 0
131.00000000000006 325 114.00000000000003 325 114.00000000000004 399 131.00000000000006 399 book-spine 0
505.0798704803023 584.2827846735025 490.2746896923907 583.5941716135997 487.75121424716673 637.8488936859148 502.5563950350783 638.5375067458177 book-spine 0
309.0000000000001 586 292.0000000000001 586 292.0000000000001 639 309.0000000000001 639 book-spine 0
17.154093959731547 579.699865771812 14.954362416107383 512.6080536912751 -0.6845637583892632 513.1208053691275 1.515167785234901 580.2126174496644 book-spine 0
336.6303751143642 307.9011893870083 332.93229643183906 246.8828911253431 318.3494967978042 247.76669716376944 322.04757548032933 308.7849954254346 book-spine 0
548 242.00000000000006 535 242.00000000000006 535 304.0000000000001 548 304.0000000000001 book-spine 0
121.26461538461538 484.7630769230768 117.43076923076922 415.7538461538461 104.35999999999999 416.47999999999996 108.19384615384615 485.48923076923074 book-spine 0
459 68.00000000000006 446 68.00000000000006 446 125.00000000000006 459 125.00000000000006 book-spine 0
153.8753372908797 247.18024824608744 143.8969239071776 246.7161359956827 140.9730167296277 309.5801403130059 150.95143011332976 310.0442525634107 book-spine 0
398.5919708029197 154.09708029197085 388.0591240875913 153.81240875912414 386.41167883211676 214.76788321167885 396.9445255474453 215.05255474452557 book-spine 0
201.62191780821917 309.7917808219178 199.31506849315068 247.5068493150685 182.78219178082193 248.11917808219178 185.08904109589042 310.4041095890411 book-spine 0
201.55907429963463 488.9269183922046 197.92691839220467 411.44092570036537 184.1291108404385 412.0876979293544 187.76126674786843 489.57369062119363 book-spine 0
432.1389486627728 154.0399631109745 420.0836151245004 153.61696895173688 417.93237011988924 214.92745158315404 429.98770365816165 215.35044574239168 book-spine 0
434 69.00000000000006 423 69.00000000000006 423 125.00000000000006 434 125.00000000000006 book-spine 0
492.0349674322935 154.11175865615365 480.0205690778198 153.88926979773748 478.9077819677752 213.97977374014408 490.9221803222489 214.20226259856025 book-spine 0
474.0000000000001 584 461.0000000000001 584 461.0000000000001 639 474.0000000000001 639 book-spine 0
456 319 396 319 396 396 456 396 book-spine 0
318 245.00000000000006 301 245.00000000000006 301 308 318 308 book-spine 0
287.26634958382886 587.0796670630203 277.02853745541034 586.8299643281808 275.7562425683711 638.9940546967896 285.9940546967896 639.2437574316291 book-spine 0
556.7320754716983 500.16226415094354 545.8830188679245 499.69056603773595 543.0924528301887 563.8735849056606 553.9415094339624 564.3452830188681 book-spine 0
118.20917431192662 218.902752293578 116.38440366972478 158.68532110091743 104.78899082568809 159.03669724770643 106.61376146788993 219.254128440367 book-spine 0
473 68.00000000000006 459 68.00000000000006 459 125.00000000000006 473 125.00000000000006 book-spine 0
261.5569245933958 216.53080335140464 258.9359290290784 157.5584031542632 247.44751108920653 158.0689995071464 250.0685066535239 217.04139970428787 book-spine 0
236.47285067873304 216.9298642533937 233.6447963800905 157.5407239819005 219.67647058823528 158.20588235294122 222.50452488687782 217.59502262443442 book-spine 0
313 156.00000000000006 303 156.00000000000006 303 216.00000000000006 313 216.00000000000006 book-spine 0
260.00000000000006 413 228.00000000000006 413 228.00000000000006 488 260.0000000000001 488 book-spine 0
345 156.00000000000006 331 156.00000000000006 331 217.00000000000006 345 217.00000000000006 book-spine 0
309.16327868852454 567.6839344262295 305.8386885245901 502.85442622950814 296.52983606557376 503.3318032786884 299.8544262295082 568.1613114754098 book-spine 0
146.00000000000006 325 127.00000000000003 325 127.00000000000004 399 146.00000000000006 399 book-spine 0
576 243.00000000000006 567 243.00000000000006 567 304.0000000000001 576 304.0000000000001 book-spine 0
88.21801193874903 489.5055800674799 84.5094731378147 412.86244484817024 56.65533350635869 414.21022579807936 60.36387230729302 490.8533610173891 book-spine 0
32.560311284046776 589.035019455253 16.996108949416424 588.0622568093385 13.817120622568169 638.9260700389104 29.38132295719852 639.8988326848249 book-spine 0
554.0370106761567 68.03843416370114 541.0416370106761 67.79323843416377 540 123.00000000000009 552.9953736654805 123.24519572953746 book-spine 0
93.8082191780822 126.82191780821921 66.97260273972601 55.26027397260273 55.356164383561634 59.61643835616439 82.1917808219178 131.17808219178085 book-spine 0
564.705451586656 500.1545972335232 554.4247355573638 499.56712774613504 550.5353946297803 567.6305939788447 560.8161106590725 568.2180634662328 book-spine 0
426 327 410 327 410 394 426 394 book-spine 0
391.0000000000001 585 373.0000000000001 585 373.0000000000001 639 391.0000000000001 639 book-spine 0
513 241.00000000000006 503 241.00000000000006 503 306.0000000000001 513 306.0000000000001 book-spine 0
350.19543624161076 482.96080536912746 347.8319463087248 410.8743624161074 339.87328859060403 411.13530201342286 342.23677852348993 483.22174496644294 book-spine 0
286.19451371571074 126.89027431421445 283.3890274314214 70.78054862842893 255.7581047381546 72.16209476309228 258.56359102244386 128.2718204488778 book-spine 0
489 240.00000000000006 475 240.00000000000006 475 306.0000000000001 489 306.0000000000001 book-spine 0
58.270270270270345 588.3783783783784 31.837837837837924 583.972972972973 22.72972972972981 638.6216216216217 49.16216216216223 643.0270270270271 book-spine 0
542 67.00000000000006 532 67.00000000000006 532 124.00000000000006 542 124.00000000000006 book-spine 0
477.04424778761063 305.6637168141593 472.7964601769911 241.94690265486724 443.858407079646 243.87610619469027 448.1061946902655 307.59292035398227 book-spine 0
429.0322132740904 306.9327964454318 427.9805609552901 243.8336573174118 414.01777284087746 244.066370452652 415.0694251596778 307.165509580672 book-spine 0
440.0986883198003 585.052467207995 430.0799500312306 584.8019987507809 428.73016864459726 638.793254216115 438.74890693316684 639.0437226733292 book-spine 0
351 332 340 332 340 394 351 394 book-spine 0
589 152.00000000000006 576 152.00000000000006 576 213.00000000000006 589 213.00000000000006 book-spine 0
486 323.0000000000001 471 323.0000000000001 471 394.0000000000001 486 394.0000000000001 book-spine 0
418.7072104879825 482.58339402767666 414.8208302986161 410.68536052439913 402.04734158776404 411.3758193736344 405.9337217771304 483.2738528769119 book-spine 0
553 585 532 585 532 637 553 637 book-spine 0
352 156.00000000000006 343 156.00000000000006 343 216.00000000000006 352 216.00000000000006 book-spine 0
180.54769230769233 488.85846153846154 176.23692307692306 411.26461538461524 161.50461538461536 412.0830769230769 165.8153846153846 489.6769230769231 book-spine 0
447 69.00000000000006 434 69.00000000000006 434 125.00000000000006 447 125.00000000000006 book-spine 0
350.7941176470588 306.67647058823536 347.8846153846154 245.5769230769231 335.1515837104073 246.18325791855204 338.06108597285066 307.2828054298643 book-spine 0
374 156.00000000000006 352 156.00000000000006 352 216.00000000000006 374 216.00000000000006 book-spine 0
471.1525172754196 485.86327739387957 469.4600197433367 409.7008884501481 453.4234945705825 410.05725567620937 455.11599210266536 486.2196446199408 book-spine 0
594.4652849740934 67.28808290155449 579.1098445595856 66.29740932642494 575.4663212435233 122.77202072538867 590.8217616580312 123.7626943005182 book-spine 0
257.748725418791 127.85142024763292 254.66205389657688 70.74799708667152 241.37654770575384 71.46613255644574 244.46321922796795 128.56955571740713 book-spine 0
336.53538461538454 568.6369230769229 332.8738461538461 502.7292307692307 319.58153846153846 503.46769230769223 323.2430769230769 569.3753846153845 book-spine 0
518 67.00000000000006 509 67.00000000000006 509 124.00000000000006 518 124.00000000000006 book-spine 0
373.00000000000006 411 350 411 350.00000000000006 486 373.0000000000001 486 book-spine 0
103.25719938448012 127.92877555506705 79.23081996043086 41.16684985711146 64.21323367773135 45.325566058474394 88.2396131017806 132.08749175642998 book-spine 0
410 324 390 324 390 395 410 395 book-spine 0
460.06329711856404 154.08833254605582 447.17808219178085 153.80821917808228 445.85262163438824 214.77940481813897 458.7378365611715 215.0595181861125 book-spine 0
444.0000000000001 501 428.0000000000001 501 428.0000000000001 568 444.0000000000001 568 book-spine 0
558.0330269959793 213.94859276278 556.9988512349224 152.93222286042504 544.9853532452614 153.13584147041928 546.0195290063183 214.15221137277427 book-spine 0
400.0712328767123 125.92328767123288 397.90821917808216 67.52191780821917 382.41095890410963 68.0958904109589 384.57397260273973 126.49726027397261 book-spine 0
496 412.0000000000001 479 412.0000000000001 479.00000000000006 486.0000000000001 496.0000000000001 486.0000000000001 book-spine 0
419.37135135135134 155.03189189189195 407.37783783783783 154.75297297297303 405.9772972972973 214.97621621621624 417.9708108108108 215.25513513513516 book-spine 0
165.02602230483274 565.8661710037175 156.81784386617102 502.9368029739777 138.73420074349443 505.2955390334573 146.94237918215612 568.2249070631971 book-spine 0
368.2857847976308 215.86031589338597 366.97680157946695 156.95607107601185 351.16238894373146 157.3075024679171 352.47137216189526 216.2117472852912 book-spine 0
546 152.00000000000006 532 152.00000000000006 532 214.00000000000006 546 214.00000000000006 book-spine 0
470.0420322383188 320.0577433176904 455.50214241991443 319.8500306059989 454.4290961028362 394.96327280146915 468.9689859212406 395.17098551316064 book-spine 0
419.12068965517255 585.051724137931 407.07907253269923 584.7580261593341 405.7574316290131 638.9453032104639 417.79904875148645 639.2390011890608 book-spine 0
175.030243902439 396.9678048780488 172.83414634146342 326.6926829268293 144.0809756097561 327.59121951219515 146.2770731707317 397.86634146341464 book-spine 0
510.01553205551886 67.14573694646405 499.38268341044284 66.95241242564448 498.3460013218771 123.96992729676145 508.97884996695313 124.16325181758103 book-spine 0
577 152.00000000000006 563 152.00000000000006 563 214.00000000000006 577 214.00000000000006 book-spine 0
489 243.00000000000006 466 243.00000000000006 466 306.0000000000001 489 306.0000000000001 book-spine 0
185.00000000000006 247 167.00000000000006 247 167.00000000000006 309 185.00000000000006 309 book-spine 0
331 71.00000000000003 317 71.00000000000003 317 127.00000000000003 331 127.00000000000003 book-spine 0
411 69.00000000000006 398 69.00000000000006 398 126.00000000000006 411 126.00000000000006 book-spine 0
198.41557440246726 638.9606784888203 196.96144949884348 586.6121819583655 181.7232074016962 587.0354664610641 183.1773323053199 639.383962991519 book-spine 0
558 411.0000000000001 543 411.0000000000001 543 482.0000000000001 558 482.0000000000001 book-spine 0
213.89276807980048 216.85536159600997 210.94014962593513 157.80299251870326 198.67082294264338 158.41645885286783 201.62344139650872 217.46882793017454 book-spine 0
519 321.0000000000001 504 321.0000000000001 504 394.0000000000001 519 394.0000000000001 book-spine 0
475.0000000000001 501.0000000000001 461.0000000000001 501.0000000000001 461.0000000000001 569 475.0000000000001 569 book-spine 0
233.19058823529411 485.9223529411765 228.39482352941175 412.3872941176471 215.75294117647053 413.2117647058824 220.54870588235292 486.7468235294118 book-spine 0
317 72.00000000000003 302 72.00000000000003 302 126.00000000000003 317 126.00000000000003 book-spine 0
330.611930364931 396.0587918386539 327.21197389607323 320.8347675157946 307.6053582416986 321.72094238248866 311.0053147105564 396.94496670534795 book-spine 0
333.9889673461089 395.4857932714974 332.76145215604447 324.3666449065389 326.6229751742099 324.4725949061142 327.85049036427426 395.59174327107263 book-spine 0
193.97727912412606 398.29398309846624 189.70419462570703 322.980871618042 170.9062140945091 324.04742374463046 175.17929859292815 399.3605352250547 book-spine 0
441.49997815551365 306.65703168321664 441.2613360662879 243.29749384902738 428.5642998994331 243.34531691310593 428.80294198865886 306.7048547472952 book-spine 0
578.0216759200509 67.07848180876226 565.1270810423317 66.96152414738057 564.6131578669672 123.62161008198221 577.5077527446864 123.73856774336392 book-spine 0
565.4871577515056 67.0525797242225 553.6167736951892 66.73067107365713 552.0705020459494 123.74945046847307 563.9408861022658 124.07135911903843 book-spine 0
514.9605571509767 584.0304555903775 503.72448564570834 583.7063384965229 502.10601166190327 639.8134977801451 513.3420831671716 640.1376148739997 book-spine 0
18.659106549593083 594.0893183545436 2.812913441161527 592.5379426321572 -1.8009205586162835 639.6649560794599 14.045272549815273 641.2163318018463 book-spine 0
535.7640860664727 319.5431145144892 520.9268850757413 318.8292970396418 517.3282209961822 393.6300747285896 532.1654219869135 394.343892203437 book-spine 0
302.7246157145603 127.66340635576614 301.10585195573435 72.62542708269271 284.00424342893666 73.12841546392409 285.6230071877626 128.16639473699752 book-spine 0
295.8896266873008 216.65229678673603 295.31244158682347 156.48083221875365 282.95165960838165 156.59940103271603 283.52884470885897 216.77086560069847 book-spine 0
532.486772 152.06349200000005 517.037037 152.06349200000005 517.037037 214.28571400000007 532.486772 214.28571400000007 book-spine 0
275.5663516684096 308.067915381318 273.95488727934196 245.0193586273911 258.14088605723987 245.4235502715797 259.75235044630745 308.47210702550666 book-spine 0
368.0096953738098 307.09336255083633 366.02179194448473 241.91855226734202 350.03154935909424 242.4062722612012 352.01945278841936 307.5810825446955 book-spine 0
585.185185 241.74603200000007 573.756614 241.74603200000007 573.756614 304.7619050000001 585.185185 304.7619050000001 book-spine 0
568.2604217582774 304.4117244693314 567.8227973245898 242.0501806355249 557.0307916794277 242.12591393313863 557.4684161131153 304.48745776694506 book-spine 0
432.69435051961227 483.82489870590666 427.9601944818895 409.2619546263077 413.26508743382976 410.1949774651362 417.99924347155246 484.75792154473515 book-spine 0
442.12568442039844 485.54719572446845 441.62647483120804 409.16805309777214 428.69311295681416 409.2525847911917 429.1923225460045 485.631727417888 book-spine 0
536.0445971281572 499.4046283537634 520.7878500022315 499.1140239343016 519.5208020390482 565.6341078563108 534.777549164974 565.9247122757727 book-spine 0
221.14977618934898 547.2832728794381 219.76190607692314 540.3439157596157 213.636549881657 541.5689858409764 215.02441999408285 548.5083429607989 book-spine 0
228.88546791398073 569.4827873944503 220.0730928570606 500.98660487190864 195.3016406096043 504.1735755886684 204.11401566652447 572.6697581112101 book-spine 0
531.1205139226448 583.9168317365992 515.5250787573386 582.8202765321666 511.5252479537595 639.7066984079286 527.1206831190657 640.803253612361 book-spine 0