129.55837563451786 507.18274111675123 108.66497461928941 505.6903553299492 101.36548223350259 607.8832487309645 122.25888324873104 609.3756345177666 book-spine 0
411.56652191077774 529.9553888669562 394.7064745361232 528.768061587051 387.33872878010266 633.3900513225425 404.1987761547572 634.5773786024478 book-spine 0
481.57400520639646 247.01394570472303 456.7067683153589 244.629416139829 445.87355894384524 357.6043138713277 470.7407958348829 359.9888434362217 book-spine 0
544.9989235737353 385.34876210979553 528.034983853606 384.16523143164693 519.8681377825619 501.2233584499462 536.8320775026912 502.4068891280948 book-spine 0
146.31415929203547 508.2876106194691 127.39823008849564 507.0265486725664 120.4823008849558 610.7654867256638 139.39823008849564 612.0265486725665 book-spine 0
283.9115281501341 65.20107238605902 268.0026809651475 63.72117962466493 258.428418230563 166.64450402144777 274.3372654155496 168.12439678284187 book-spine 0
480.0994082840237 80.55857988165687 459.473372781065 79.13609467455626 452.5976331360946 178.83431952662727 473.22366863905324 180.25680473372785 book-spine 0
314.18024327312946 522.8757832657575 286.38813122005166 521.2723921857722 280.4124585329893 624.8507187615186 308.2045705860671 626.4541098415039 book-spine 0
434.44470588235305 242.70117647058834 410.4941176470589 240.2235294117648 398.6988235294118 354.244705882353 422.649411764706 356.72235294117655 book-spine 0
109.58988159311096 504.8783638320775 88.11302475780414 503.3799784714747 80.71959095801942 609.3525296017225 102.19644779332624 610.8509149623252 book-spine 0
361.34679925419516 70.37600994406468 335.7656929770044 68.45742697327536 327.99254195152275 172.09944064636426 353.5736482287135 174.01802361715357 book-spine 0
418.5774419859688 382.58499730167307 402.96006475984893 381.8586076632489 397.8904479222882 490.8553696708042 413.507825148408 491.5817593092283 book-spine 0
372.3598045204643 527.6982284667075 347.81185094685407 525.5448992058645 338.55100794135626 631.1185094685401 363.09896151496645 633.271838729383 book-spine 0
355.17403314917135 380.6933701657458 330.40055248618785 379.3895027624309 324.8425414364641 484.9917127071823 349.6160220994475 486.2955801104972 book-spine 0
57.31949873534148 40.755231087606354 27.199816049666605 38.48815819728674 18.74235456426765 150.8515750747298 48.86203724994253 153.11864796504943 book-spine 0
238.122515952598 67.97793983591616 212.42151321786693 66.93600729261625 208.48459434822243 164.0466727438469 234.18559708295356 165.0886052871468 book-spine 0
308.0285252960173 233.25780409041982 279.23842841765344 231.2491926803014 271.26533907427347 345.5301399354144 300.0554359526373 347.53875134553283 book-spine 0
443.05172413793105 378.12068965517244 418.31379310344823 376.66551724137935 411.1931034482758 497.7172413793103 435.9310344827587 499.1724137931034 book-spine 0
396.7430374536974 530.1052270544657 372.2074358622582 527.7959939635067 362.3855124159693 632.1539305803265 386.9211140074085 634.4631636712854 book-spine 0
569.0119120342091 254.2642028100184 545.1951740989616 252.1750152718388 535.357055589493 364.3295662797801 559.1737935247405 366.4187538179598 book-spine 0
288.2305580969808 374.19579139981704 272.9231473010064 373.26806953339434 266.47483989021043 479.66514181152786 281.78225068618485 480.5928636779506 book-spine 0
368.5376795580111 239.49591160221001 344.31403314917134 237.32662983425422 334.244640883978 349.7681767955802 358.46828729281776 351.937458563536 book-spine 0
404.4491803278688 374.74098360655745 378.7475409836066 373.42295081967217 372.8222950819673 488.9652459016394 398.5239344262295 490.28327868852455 book-spine 0
539 79.00000000000006 511 79.00000000000006 511 184.00000000000006 539 184.00000000000006 book-spine 0
42.64253393665166 499.50678733031685 24.25565610859735 498.63122171945713 19.2488687782806 603.7737556561086 37.63574660633492 604.6493212669684 book-spine 0
457.4121807465619 243.53359528487232 433.5037328094303 241.17642436149313 422.1992141453831 355.8365422396856 446.1076620825147 358.1937131630649 book-spine 0
500.20547945205476 243.5479452054795 481.7780821917808 241.60821917808224 469.43835616438355 358.83561643835617 487.86575342465756 360.77534246575345 book-spine 0
325.09514220991707 525.0030203876165 310.06267304304055 524.5257991442236 306.5937578655928 633.7966272338285 321.6262270324693 634.2738484772215 book-spine 0
327.98693586698346 377.3788598574822 304.4976247030879 376.56888361045134 300.81472684085514 483.37292161520196 324.3040380047507 484.18289786223283 book-spine 0
635.5133844163599 395.66593690914533 620.6561846949945 394.62593292864966 612.7603741665838 507.42322619166094 627.6175738879492 508.4632301721565 book-spine 0
519.0053821313242 83.25618945102266 498.1071044133477 81.7981700753499 491.14962325080734 181.52206673842846 512.0479009687838 182.98008611410125 book-spine 0
26.87810650887576 53.26745562130177 18.092307692307692 52.661538461538456 11.382248520710046 149.95739644970413 20.16804733727811 150.56331360946746 book-spine 0
68.11970074812974 501.6059850374064 41.73566084788037 500.286783042394 36.356608478803054 607.8678304239402 62.74064837905243 609.1870324189526 book-spine 0
24.000000000000043 355 4.3597426049645776e-14 355 4.9965589405212016e-14 459 24.00000000000005 459 book-spine 0
74.76574257425749 207.8774257425743 52.80495049504957 206.94950495049505 47.640198019802014 329.18198019801986 69.60099009900993 330.10990099009905 book-spine 0
264.1531120331951 518.4991701244813 246.68796680497934 517.4298755186722 240.2834024896266 622.0377593360996 257.74854771784237 623.1070539419088 book-spine 0
253.43604964921752 64.62493254182411 238.1203453858608 63.91257420399356 233.39935240151107 165.41392336751218 248.7150566648678 166.1262817053427 book-spine 0
440.24827586206897 73.02068965517248 422.3724137931034 71.53103448275866 413.6 176.8 431.4758620689655 178.2896551724138 book-spine 0
116.45431309904156 44.55782747603835 84.30198083067094 41.26952076677316 72.6761661341853 154.9441533546326 104.82849840255591 158.23246006389778 book-spine 0
493.1817252396167 537.2231309904154 466.8323322683706 534.5283067092652 456.1772523961661 638.7113099041534 482.52664536741224 641.4061341853035 book-spine 0
248.88235294117652 517.529411764706 228.5411764705883 515.964705882353 220.55882352941182 619.7352941176471 240.90000000000003 621.3000000000001 book-spine 0
254.31476598549773 231.562623599209 226.74225444957156 230.0586684245221 220.6760052735663 341.2732366512854 248.24851680949246 342.7771918259724 book-spine 0
188.9034482758621 359.15862068965515 163.66206896551728 357.05517241379306 154.12413793103448 471.5103448275862 179.36551724137934 473.61379310344824 book-spine 0
159.99793814432996 224.04536082474232 127.74639175257735 222.57938144329898 122.6453608247423 334.8020618556701 154.8969072164949 336.26804123711344 book-spine 0
384.6620689655173 73.05517241379314 361.9862068965517 71.16551724137935 353.5655172413793 172.2137931034483 376.2413793103448 174.1034482758621 book-spine 0
102.2098291418699 208.77846035707427 75.32559032443851 206.91149932808597 66.76732578229988 330.1505087348819 93.65156459973127 332.0174697638702 book-spine 0
422.6816655473473 71.62525184687715 384.8509066487576 68.54600402955009 376.28542646071185 173.77904633982547 414.1161853593016 176.8582941571525 book-spine 0
518.7633952254643 242.3623342175067 500.58249336870034 239.8254641909815 483.83023872679047 359.8832891246685 502.01114058355444 362.42015915119384 book-spine 0
278.88966630785796 234.24811625403663 254.3810548977395 232.53821313240047 246.71313240043054 342.4451022604953 271.221743810549 344.15500538213143 book-spine 0
4.000000000000063 498 6.098741059753819e-14 498 6.686571523344549e-14 594 4.000000000000069 594 book-spine 0
439.15044247787614 532.7433628318585 409.349557522124 530.7566371681417 402.31415929203547 636.2876106194691 432.11504424778764 638.2743362831859 book-spine 0
162.30187144019533 357.21724979658256 131.54515866558182 355.459723352319 124.72823433685929 474.7558991049634 155.4849471114728 476.513425549227 book-spine 0
129.2280802292264 210.18108882521489 100.92836676217769 208.74212034383953 94.63696275071635 332.4730659025788 122.93667621776505 333.91203438395416 book-spine 0
336.4196018376723 71.52067381317002 316.46523736600307 70.12036753445639 309.3987748851455 170.8174578866769 329.3531393568147 172.21776416539052 book-spine 0
600.4577861163228 87.73545966228902 572.2363977485929 85.28142589118207 563.5759849906192 184.87617260788 591.7973733583491 187.330206378987 book-spine 0
134.18646080760098 49.59263657957247 107.70071258907367 48.67933491686463 103.9869358669834 156.3788598574822 130.4726840855107 157.29216152019006 book-spine 0
87.173304628633 352.8493003229279 70.23250807319704 351.66738428417653 62.37244348762114 464.3283100107642 79.3132400430571 465.5102260495156 book-spine 0
183.07719714964378 226.76128266033257 157.72802850356302 225.8871733966746 153.9073634204276 336.68646080760095 179.25653206650836 337.56057007125895 book-spine 0
267.11040134988554 65.4883692901049 252.0625527299024 64.82692539472102 247.5838254790889 166.71797035072922 262.631674099072 167.3794142461131 book-spine 0
87.14880763116062 503.22225755166926 67.08139904610499 502.1472178060413 61.37901430842612 608.59173290938 81.44642289348175 609.6667726550079 book-spine 0
319.00000000000006 66.00000000000003 257 66.00000000000003 257.00000000000006 627 319.0000000000001 627 book-spine 0
208.12584269662923 366.6786516853932 186.70112359550563 364.638202247191 176.4224719101124 472.5640449438202 197.84719101123596 474.6044943820225 book-spine 0
132.37782805429873 363.0656108597286 123.49321266968334 362.64253393665166 118.2963800904978 471.77601809954757 127.18099547511318 472.19909502262453 book-spine 0
460.26903553299496 79.23350253807112 438.3807106598985 77.67005076142138 431.18781725888323 178.37055837563457 453.07614213197974 179.93401015228432 book-spine 0
182.43147208121832 510.95939086294425 163.95431472081225 509.6395939086295 156.72081218274116 610.9086294416244 175.19796954314728 612.2284263959391 book-spine 0
529.5863013698631 384.43013698630136 501.8410958904109 381.509589041096 489.5999999999999 497.80000000000007 517.3452054794521 500.72054794520557 book-spine 0
83.48275862068967 55.20689655172416 56.337931034482764 52.9448275862069 48.082758620689646 152.0068965517241 75.22758620689655 154.26896551724138 book-spine 0
221.72604951560822 363.25995694294943 205.8266953713671 362.15069967707217 197.62594187298174 479.694833153929 213.5252960172229 480.80409041980624 book-spine 0
468.18223212555716 535.3267777562488 436.3420848672739 531.8590389459407 424.8667893819028 637.2231156752568 456.70693664018614 640.690854485565 book-spine 0
225.79896013864817 230.82495667244365 202.2149046793761 229.842287694974 197.66031195840554 339.15251299826696 221.24436741767767 340.1351819757366 book-spine 0
25.510891089109005 498.9089108910892 4.00000000000006 498.00000000000006 -0.29148514851481266 599.5651485148516 21.219405940594132 600.4740594059407 book-spine 0
465.26370597243493 379.49218989280246 442.2891271056662 377.8799387442573 434.22419601837674 492.8052067381317 457.1987748851455 494.41745788667686 book-spine 0
156.34337534583463 60.71380264371351 133.862280971411 59.92499231478636 130.36274208422992 159.66185059944667 152.84383645865356 160.4506609283738 book-spine 0
395.74257425742576 239.57425742574264 369.5049504950495 236.950495049505 358.1287128712871 350.71287128712873 384.36633663366337 353.33663366336634 book-spine 0
501.78176943699737 382.095978552279 471.0477211796248 379.23699731903497 460.25308310991966 495.2793565683647 490.98713136729225 498.1383378016086 book-spine 0
273.9221789883269 365.2451361867704 252.00778210116735 363.87548638132296 244.88326848249034 477.8677042801556 266.79766536964985 479.23735408560304 book-spine 0
379.8390532544379 381.3337278106509 355.91834319526635 379.68402366863916 348.56213017751486 486.3491124260355 372.4828402366864 487.99881656804735 book-spine 0
247.09045889732585 362.5123803235391 218.27401782766594 361.46450973918786 213.88511059755697 482.15945856718383 242.7015516672169 483.2073291515351 book-spine 0
212.1563946406821 62.663580998782 183.126431181486 61.30280146163217 178.37612667478683 162.64263093788063 207.4060901339829 164.00341047503045 book-spine 0
70.3657080306499 356.77559956214554 26.99820877699278 353.7398746143895 19.53985471191166 460.28778982983386 62.907353965568774 463.3235147775898 book-spine 0
202.69835782195338 228.25583405358688 179.57130509939503 227.57562662057046 176.31028522039765 338.45030250648233 199.43733794295593 339.1305099394988 book-spine 0
70.92527821939593 350.43402225755165 25.49602543720195 346.79968203497606 16.44038155802864 459.99523052464224 61.86963434022262 463.6295707472178 book-spine 0
410.501620745543 237.81442463533233 393.9092382495948 236.39222042139386 383.8808752025932 353.38978930307945 400.4732576985414 354.81199351701787 book-spine 0
204.78988326848253 513.3618677042801 181.44357976653697 511.9027237354085 174.77431906614788 618.6108949416342 198.12062256809344 620.0700389105058 book-spine 0
183.33135391923992 61.390736342042786 155.36460807600952 60.42636579572449 151.88598574821853 161.30641330166273 179.85273159144893 162.27078384798102 book-spine 0
544.323076923077 239.4153846153847 517 236.00000000000009 501.29230769230765 361.6615384615385 528.6153846153846 365.0769230769231 book-spine 0
348.7560111835975 525.8018639328984 320.6173345759554 523.4890959925442 312.09319664492085 627.1994408201306 340.231873252563 629.5122087604848 book-spine 0
134.56050955414014 55.30573248407646 119.61528662420385 54.771974522293014 115.94267515923569 157.60509554140128 130.88789808917198 158.13885350318475 book-spine 0
527.7301119622864 539.2663523865646 492.5285798467884 535.8320565704184 482.4779021803181 638.8515026517383 517.6794342958161 642.2857984678844 book-spine 0
342.1412964311726 237.3860160233067 320.25928623452296 236.20320466132563 314.21849963583395 347.95775673707215 336.10050983248357 349.1405680990532 book-spine 0
296.52140077821014 65.65758754863816 280.39688715953315 64.64980544747085 273.9105058365759 168.43190661478604 290.03501945525295 169.43968871595334 book-spine 0
553 251.00000000000006 530 251.00000000000006 530 364.0000000000001 553 364.0000000000001 book-spine 0
31.389027431421496 216.21945137157104 4.8054862842893264 214.89027431421445 -0.8004987531171697 327.0099750623441 25.783042394015002 328.3391521197007 book-spine 0
320.8755085435314 233.67860048820182 305.639544344996 232.80797396257125 299.09926769731493 347.26281529698946 314.3352318958503 348.13344182262006 book-spine 0
53.21790690779724 204.78713311592054 30.640379484138776 203.61932997331752 24.18144085383934 328.49214349243994 46.75896827749781 329.65994663504296 book-spine 0
228.20627714172926 515.0708645874457 206.24476904855902 513.524279510462 198.87208843268854 618.216344255823 220.83359652585875 619.7629293328067 book-spine 0
502.7315308453923 79.7383853769993 479.5426504188882 77.46496572734203 469.48362528560557 180.06702208682415 492.6725057121097 182.34044173648144 book-spine 0
108.22689844464779 362.256175663312 85.55260750228729 360.8819762122598 79.26715462031109 464.59194876486725 101.94144556267159 465.9661482159194 book-spine 0
306.9590958019377 377.25296017222826 287.14854682454256 375.87082884822394 279.7793326157158 481.49623250807326 299.58988159311093 482.87836383207764 book-spine 0
573.5917647058824 83.61294117647066 539.269411764706 80.06235294117656 528.5470588235295 183.71176470588244 562.8694117647059 187.26235294117657 book-spine 0
164.36923076923082 509.6461538461539 145.424852071006 508.33964497041416 138.36686390532552 610.6804733727811 157.31124260355034 611.9869822485207 book-spine 0