248.5766423357664 485.33576642335777 184.02189781021895 307.8102189781022 146.6861313868613 321.3868613138686 211.24087591240874 498.9124087591241 book-spine 0
409.8429935731875 147.82419364526396 369.3552765931888 -10.330950807856311 327.52844014655534 0.3767193224818328 368.01615712655416 158.53186377560212 book-spine 0
392.82722680990946 631.4535396456346 356.11945802934343 508.7119377856169 287.4912210374408 529.2362703439429 324.1989898180069 651.9778722039607 book-spine 0
506.3040224508887 417.29840972871835 426.1304957904583 214.5065481758653 385.1819457436857 230.69550982226377 465.355472404116 433.4873713751168 book-spine 0
578.4167995300832 395.38558362003863 505.2321473525216 195.16342200218173 487.58320046991696 201.61441637996137 560.7678526474784 401.83657799781827 book-spine 0
120.028682089396 228.8375379461949 57.500366377054334 54.516172929969635 32.43222024494923 63.50800795561604 94.96053595729092 237.8293729718413 book-spine 0
588.9705693148923 98.39610807333551 565.1437761338051 -9.52524927629463 520.8483435188164 0.25426182052106583 544.6751366999035 108.17561917015121 book-spine 0
168.03905064662956 215.37161332273678 115.92012860342459 46.251029549888 98.16028466151289 51.7241890036847 150.27920670471786 220.8447727765335 book-spine 0
436.5610894941634 436.82256809338514 357.23501945525294 249.8396887159533 330.80933852140083 261.05058365758754 410.13540856031125 448.0334630350194 book-spine 0
639 490.0000000000001 630 490.0000000000001 630 572 639 572 book-spine 0
552.7417679654183 405.67434506368045 480.2552438422931 201.07528503873044 447.56427514578314 212.65722823406537 520.0507992689082 417.2562882590154 book-spine 0
509.5358807082945 603.1640260950606 482.3643988816403 478.95153774464126 460.9515377446412 483.6356011183598 488.12301957129546 607.8480894687792 book-spine 0
650.4811248565234 375.23727840836625 588.5193215151129 186.17434000765206 570.3832419334269 192.11809718148197 632.3450452748374 381.18103558219616 book-spine 0
219.23371150729332 488.85996758508907 149.4897893030794 327.18087520259314 129.1393841166937 335.95948136142624 198.8833063209076 497.63857374392217 book-spine 0
351.37880146196824 456.25853389421417 262.9145576167161 257.66533342528106 215.21577822219155 278.9129715192056 303.68002206744364 477.5061719881387 book-spine 0
380.1890379131903 449.81117330235514 298.4991023339318 251.10592459605033 268.65434575984796 263.3754356320626 350.3442813391065 462.0806843383674 book-spine 0
148.06330733229333 221.43067082683308 93.72879875195011 46.124992199687966 77.27971918876756 51.223244929797175 131.61422776911078 226.5289235569423 book-spine 0
53.35294117647058 520.4117647058823 35.76470588235294 450.0588235294117 23.294117647058826 453.17647058823525 40.882352941176464 523.5294117647059 book-spine 0
196.39999999999998 207.2 143.9 49.69999999999999 114.79999999999997 59.39999999999999 167.29999999999995 216.89999999999998 book-spine 0
566.801007556675 591.4634760705289 546.319395465995 462.7219143576826 506.95214105793457 468.98488664987394 527.4337531486146 597.7264483627204 book-spine 0
167.09999999999997 215.29999999999998 109.29999999999998 41.89999999999999 89.80000000000001 48.39999999999998 147.6 221.8 book-spine 0
92.61919173936266 236.74844222894788 33.16396653017623 60.8600676517714 8.439736514153457 69.21755385437066 67.89496172333989 245.1059284315471 book-spine 0
320.7476923076923 638.4584615384615 286.31221719457017 527.3257918552035 251.30696832579184 538.1724886877828 285.74244343891405 649.3051583710408 book-spine 0
509.9747102212855 119.60590094836672 479.6880927291886 -10.193888303477351 434.9251844046364 0.25079030558482884 465.2118018967333 130.05057955742888 book-spine 0
623.6 382.79999999999984 560.6 193.79999999999995 538.6999999999999 201.09999999999997 601.6999999999999 390.0999999999999 book-spine 0
491.29411764705884 607.1764705882354 460.52941176470586 484.1176470588235 416.2941176470589 495.17647058823525 447.0588235294118 618.2352941176471 book-spine 0
639 438.0000000000001 615 438.0000000000001 615 575 639 575 book-spine 0
521.3461538461539 599.7307692307693 496.26923076923083 474.3461538461538 482.61538461538464 477.0769230769231 507.69230769230774 602.4615384615386 book-spine 0
228.651376146789 198.4954128440367 175.84827099505998 25.685250529287217 162.56104446012702 29.745236414961184 215.36414961185602 202.55539872971065 book-spine 0
269.3790177423502 186.92594497300075 222.23013628182053 20.51812805348419 201.0318848032913 26.524299305734125 248.180766263821 192.9321162252507 book-spine 0
124.80000000000001 227.40000000000003 66.69999999999999 53.10000000000001 54.39999999999999 57.2 112.5 231.5 book-spine 0
289.59861591695505 181.25259515570934 237.4982698961938 10.06574394463668 216.40830449826993 16.48442906574394 268.50865051903116 187.67128027681662 book-spine 0
612.1823529411765 583.4294117647058 598.34 449.62 547.6070588235293 454.86823529411765 561.4494117647058 588.6776470588235 book-spine 0
252.52293577981652 190.7431192660551 204.1376146788991 29.458715596330286 194.87155963302754 32.23853211009176 243.25688073394497 193.52293577981655 book-spine 0
605.3183619550858 391.6974900924703 532.0700132100396 180.09114927344783 503.63143989431967 189.93527080581242 576.8797886393659 401.54161162483484 book-spine 0
522.4118811881187 411.08118811881184 452.13861386138615 226.61386138613864 434.1326732673267 233.4732673267327 504.4059405940593 417.94059405940584 book-spine 0
137.5 224.49999999999994 79.3 49.89999999999999 65.79999999999998 54.39999999999999 123.99999999999997 228.99999999999994 book-spine 0
258.27621562839835 472.04645020972515 192.51980736367875 315.079540158459 171.43607270467612 323.9119154885817 237.19248096939572 480.87882553984787 book-spine 0
552.8883222845487 405.9719530851605 479.9023457419685 200.91611422743497 436.050994390617 216.52422233554313 509.03697093319727 421.5800611932687 book-spine 0
618.5551219512195 576.7639024390243 614.4321951219513 444.83024390243907 598.1668292682926 445.3385365853659 602.2897560975609 577.2721951219511 book-spine 0
216.97351351351352 201.30108108108112 162.31729729729727 28.923783783783776 138.5151351351351 36.470810810810804 193.17135135135135 208.84810810810814 book-spine 0
237.85285067873306 196.1160180995475 184.5352036199095 24.045429864253386 173.95909502262444 27.322533936651574 227.276742081448 199.3931221719457 book-spine 0
637.4 380.19999999999993 575.4 194.2 561 199 623 385 book-spine 0
545.4963898916968 109.28339350180507 520.0812274368232 -7.626353790613734 483.33935018050545 0.36101083032490067 508.75451263537906 117.2707581227437 book-spine 0
466.89067719404795 429.5548132402065 380.63437594898267 221.7555420589128 350.1992104464015 234.38900698451255 436.45551169146677 442.1882781658063 book-spine 0
450.75113122171956 617.2262443438915 416.323076923077 494.81538461538463 390.2886877828055 502.13755656108606 424.716742081448 624.5484162895928 book-spine 0
246.09433962264143 193.83018867924528 196.6226415094339 20.679245283018865 182.62264150943392 24.679245283018865 232.09433962264143 197.83018867924525 book-spine 0
651.3177532597795 335.5582748244734 608.9650952858576 183.9803410230692 589.2948846539618 189.4764292878636 631.6475426278837 341.05436308926784 book-spine 0
584.1219512195122 585.0975609756098 569.8536585365854 456.68292682926824 546.4756097560976 459.280487804878 560.7439024390244 587.6951219512196 book-spine 0
407.2425510295567 441.24273034278707 327.9855055138818 249.89357759780046 301.0907623800842 261.0334120319178 380.34780789575916 452.38256477690436 book-spine 0
425.9999999999999 623 391.2452830188679 501.3584905660377 357.8301886792452 510.90566037735846 392.5849056603772 632.5471698113207 book-spine 0
354.566037735849 162.9811320754717 305.6603773584905 -8.188679245283012 238.96226415094335 10.867924528301884 287.86792452830184 182.03773584905662 book-spine 0
370.0778702163062 158.86622296173044 326.9970049916805 -4.225623960066557 309.2186356073212 0.4705490848585612 352.29950083194683 163.56239600665558 book-spine 0
562.9315068493149 401.15068493150693 493.68493150684924 216.49315068493152 482.3972602739725 220.72602739726028 551.6438356164383 405.3835616438357 book-spine 0
467.6470588235294 131.58823529411765 431.235294117647 -14.058823529411754 373.11764705882354 0.4705882352941302 409.52941176470586 146.11764705882354 book-spine 0
283.52138728323695 638.5109826589595 250.88208092485547 536.9664739884394 223.36763005780347 545.8104046242775 256.00693641618494 647.3549132947976 book-spine 0
642.4958596644149 292.1354325561125 615.4211157114839 182.65929396382657 607.649161037263 184.58139028110702 634.7239049901939 294.0575288733929 book-spine 0
530.0636925557646 597.4383230314431 507.0319806503628 471.81080354743347 495.6156947057242 473.9037893039506 518.647406611126 599.5313087879603 book-spine 0
302.6426229508196 471.46885245901643 213.36393442622946 267.40327868852467 175.54098360655732 283.9508196721312 264.8196721311475 488.016393442623 book-spine 0