199.7553444180523 581.9049881235154 197.85748218527317 526.8669833729217 185.25178147268406 527.3016627078385 187.14964370546318 582.3396674584322 book-spine 0
218.00000000000006 529 206.00000000000006 529 206.00000000000006 584 218.00000000000006 584 book-spine 0
582.2926829268292 151.36585365853665 567.1463414634147 149.68292682926835 560.4756097560976 209.71951219512204 575.6219512195121 211.40243902439033 book-spine 0
327.4923076923078 379.1384615384615 308.3846153846154 378.0769230769231 304.4584615384615 448.7476923076923 323.56615384615384 449.8092307692308 book-spine 0
306.6896551724137 591.7241379310344 303.55517241379306 538.4379310344826 288.9586206896552 539.2965517241378 292.0931034482759 592.5827586206896 book-spine 0
345.00000000000006 463 333.00000000000006 463 333.0000000000001 526 345.0000000000001 526 book-spine 0
170.94262295081967 356.36885245901647 165.18852459016392 293.07377049180326 150.4016393442623 294.4180327868852 156.15573770491807 357.7131147540984 book-spine 0
177.00000000000003 225 163 225 163.00000000000006 278 177.00000000000006 278 book-spine 0
146.1402714932127 509.9457013574662 143.2081447963801 448.3710407239819 127.57692307692308 449.11538461538464 130.50904977375566 510.69004524886896 book-spine 0
485 153.00000000000006 467 153.00000000000006 467 209.00000000000006 485 209.00000000000006 book-spine 0
320.00000000000006 463 306 463 306.00000000000006 526 320.0000000000001 526 book-spine 0
65.06389776357832 516.402555910543 48.051118210862676 515.7220447284344 45.94089456869015 568.4776357827476 62.9536741214058 569.1581469648562 book-spine 0
514.1638954869359 236.24703087885996 503.7624703087887 235.8883610451307 501.72684085510696 294.9216152019003 512.1282660332542 295.2802850356295 book-spine 0
431.1636274026615 229.31838344011837 418.4110399211436 228.75160177427313 415.6185312962051 291.583045835387 428.3711187777231 292.14982750123227 book-spine 0
100.82352941176475 169.70588235294122 69.29411764705884 161.82352941176472 61.82352941176472 191.7058823529412 93.35294117647064 199.58823529411768 book-spine 0
370.05380476556513 150.2559569561876 353.5699461952345 149.93274404304384 352.4738662567256 205.8328209069947 368.95772482705627 206.15603382013842 book-spine 0
530.2540983606557 392.20491803278696 514.204918032787 390.7459016393443 507.56557377049194 463.7786885245903 523.6147540983607 465.23770491803293 book-spine 0
394 151.00000000000006 382 151.00000000000006 382 206.00000000000006 394 206.00000000000006 book-spine 0
15.000000000000032 218 4.000000000000028 218 4.000000000000032 271 15.000000000000032 271 book-spine 0
461.4380622837371 236.35363321799315 437.42837370242216 235.72179930795855 435.94809688581324 291.97231833910035 459.95778546712813 292.604152249135 book-spine 0
595.243654822335 63.588832487309716 576.6954314720812 62.26395939086301 572.9340101522843 114.92385786802038 591.4822335025381 116.24873096446709 book-spine 0
525.0350515463917 62.97113402061862 515 62.00000000000007 509.96494845360826 114.02886597938151 520 115.00000000000006 book-spine 0
170.99433962264155 60.13018867924531 158.19245283018867 59.5735849056604 156.09622641509432 107.78679245283021 168.8981132075472 108.34339622641511 book-spine 0
440.25278219395875 391.2813990461051 425.3491255961844 390.4829888712242 421.82066772655 456.3475357710652 436.72432432432447 457.145945945946 book-spine 0
596.4714747039828 159.2421959095803 581.1506996770721 158.17330462863302 577.4273412271259 211.5414424111949 592.7481162540366 212.61033369214215 book-spine 0
360.10996386164163 58.16159008776462 348.1615900877645 57.89003613835832 346.9318533815178 111.99845121321636 358.8802271553949 112.27000516262265 book-spine 0
383.7850678733032 227.51357466063354 369.48416289592774 226.83257918552042 366.5746606334842 287.93212669683265 380.8755656108598 288.61312217194575 book-spine 0
258.1123537061119 374.0340702210664 247.72795838751625 373.8665799739922 246.59739921976595 443.96124837451237 256.98179453836156 444.1287386215865 book-spine 0
526.1245880026369 555.7158866183257 509.6463414634147 554.8170731707318 506.3289386947924 615.636123928807 522.8071852340146 616.534937376401 book-spine 0
145 59.000000000000014 129 59.000000000000014 129 107.00000000000003 145 107.00000000000003 book-spine 0
534.1049515608182 154.49569429494088 520.7976318622176 153.5672766415501 516.9144241119484 209.22658772874064 530.221743810549 210.15500538213138 book-spine 0
414.0000000000001 470 401.0000000000001 470 401.0000000000001 532 414.0000000000001 532 book-spine 0
577.1882037533512 316.22680965147464 557.3597855227882 314.3823056300269 551.0970509383378 381.70670241286876 570.9254691689008 383.55120643431644 book-spine 0
296.3840991223542 301.0996386164171 283.50438822922047 300.8069179143004 282.0511099638616 364.7511615900877 294.93082085699535 365.0438822922044 book-spine 0
199.61538461538464 140.92307692307696 164.16923076923075 138.95384615384617 161.01846153846157 195.66769230769233 196.46461538461546 197.6369230769231 book-spine 0
207.98823529411766 509.84705882352944 203.55882352941177 452.26470588235304 179.31764705882355 454.1294117647059 183.74705882352941 511.7117647058824 book-spine 0
318.0000000000001 539 304.0000000000001 539 304.0000000000001 594 318.0000000000001 594 book-spine 0
500 153.00000000000006 480 153.00000000000006 480 209.00000000000006 500 209.00000000000006 book-spine 0
27.000000000000046 360 4.4087284769304716e-14 360 4.8128619206490976e-14 426 27.00000000000005 426 book-spine 0
295.1107828655835 230.1196454948302 282.89807976366325 229.6499261447563 280.8094534711965 283.95420974889225 293.0221565731167 284.4239290989661 book-spine 0
30.000000000000064 439 16.000000000000057 439 16.00000000000006 501 30.000000000000064 501 book-spine 0
202 60.00000000000003 188 60.00000000000003 188 108.00000000000003 202 108.00000000000003 book-spine 0
269.2896551724138 520.4758620689655 264.0344827586207 457.4137931034483 249.7172413793103 458.60689655172416 254.9724137931034 521.6689655172414 book-spine 0
88.48073022312371 271.52535496957404 80.5760649087221 213.5578093306288 65.44827586206895 215.62068965517244 73.35294117647058 273.5882352941176 book-spine 0
190.00000000000006 294 174.00000000000006 294 174.00000000000006 359 190.00000000000006 359 book-spine 0
377.67567567567573 383.94594594594605 350.91891891891896 379.48648648648657 339.24324324324334 449.54054054054063 366.0000000000001 454.0000000000001 book-spine 0
496 396.0000000000001 466 396.0000000000001 466 461.0000000000001 496 461.0000000000001 book-spine 0
338.68668555240794 378.1592067988669 325.59886685552414 377.84759206798867 323.86345609065165 450.73484419263457 336.95127478753545 451.0464589235128 book-spine 0
525.0723981900454 477.47963800904984 510.0588235294118 476.76470588235304 506.88009049773757 543.5180995475115 521.8936651583712 544.2330316742083 book-spine 0
494.3172413793103 554.1931034482759 482.23448275862063 553.1862068965518 477.41379310344826 611.0344827586207 489.49655172413793 612.0413793103448 book-spine 0
250.0848963474828 60.179664363277425 237.06910167818364 59.89042448173744 235.95952615992104 109.82132280355385 248.9753208292202 110.11056268509384 book-spine 0
36.000000000000036 287 2.0000000000000355 287 2.000000000000039 348 36.00000000000004 348 book-spine 0
418.5235668789809 223.3401273885351 403.5426751592357 222.80509554140136 401.1210191082803 290.6114649681529 416.1019108280255 291.1464968152867 book-spine 0
352.30345800988005 55.78334509527174 334.350035285815 54.08962597035995 329.0165843330981 110.62420606916024 346.97000705716306 112.31792519407205 book-spine 0
545.1319587628866 65.09690721649493 532.7484536082475 64.53402061855678 530.4123711340206 115.92783505154648 542.7958762886598 116.49072164948461 book-spine 0
428.2401225114854 306.57825421133236 418.25421133231237 305.87748851454825 413.5105666156202 373.47442572741204 423.49647779479324 374.1751914241961 book-spine 0
356.58076009501195 232.15795724465562 341.6330166270784 231.64251781472686 339.7030878859858 287.61045130641344 354.65083135391933 288.12589073634217 book-spine 0
159 60.000000000000014 144 60.000000000000014 144 107.00000000000003 159 107.00000000000003 book-spine 0
501.3897967317656 312.5033878039061 487.65922678357913 311.6795536070149 483.72419290554006 377.2634515743325 497.4547628537266 378.0872857712237 book-spine 0
270.04755507791515 297.099140247179 256.8216012896293 296.8823213326169 255.73938742611512 362.8973670069855 268.96534121440095 363.1141859215477 book-spine 0
320.7938144329898 231.53608247422684 308.138144329897 230.96082474226807 305.64742268041243 285.7567010309279 318.30309278350524 286.33195876288664 book-spine 0
6.000000000000057 437 5.3517065122739335e-14 437 5.731347020009613e-14 499 6.00000000000006 499 book-spine 0
203.83783783783792 225.97297297297303 176.10810810810813 221.35135135135135 166.83783783783787 276.972972972973 194.5675675675676 281.59459459459464 book-spine 0
471.99433962264163 552.1301886792453 457.02264150943404 551.4792452830188 454.567924528302 607.9377358490567 469.53962264150954 608.5886792452832 book-spine 0
310.59390862944167 382.68527918781723 293.751269035533 381.48223350253807 289.1878172588833 445.3705583756345 306.03045685279193 446.5736040609137 book-spine 0
220.34525547445264 146.22554744525547 205.8423357664234 145.83357664233577 204.4094890510949 198.8489051094891 218.91240875912413 199.2408759124088 book-spine 0
306 298 295 298 295 365 306 365 book-spine 0
111.00000000000003 144 98.00000000000003 144 98.00000000000003 194 111.00000000000003 194 book-spine 0
208.00000000000006 528 196.00000000000006 528 196.00000000000006 583 208.00000000000006 583 book-spine 0
553.1668789808919 479.32738853503196 538.3286624203822 478.79745222929944 535.9426751592357 545.6050955414013 550.7808917197453 546.1350318471337 book-spine 0
242.12426035502958 517.6982248520711 237.48047337278106 454.2331360946746 224.9863905325444 455.14733727810653 229.63017751479293 518.6124260355031 book-spine 0
460.36565977742447 152.42925278219403 449.6740858505564 151.57392686804457 445.30842607313195 206.1446740858506 456 207.00000000000006 book-spine 0
557.76 394.68000000000006 544.0400000000001 392.72 533.7800000000001 464.54 547.5 466.5 book-spine 0
556.7375796178346 64.34777070063701 543.7898089171975 63.88535031847141 541.9312101910829 115.9261146496816 554.87898089172 116.38853503184721 book-spine 0
514.4268292682927 395.15853658536594 502.1341463414635 393.79268292682934 494.53658536585374 462.17073170731715 506.82926829268297 463.53658536585374 book-spine 0
386.0000000000001 467 371.0000000000001 467 371.0000000000001 531 386.0000000000001 531 book-spine 0
546.84 394.12000000000006 530.3199999999999 391.76 519.92 464.56000000000006 536.44 466.92 book-spine 0
177 59.00000000000002 167 59.000000000000014 167 108.00000000000003 177 108.00000000000003 book-spine 0
42.00000000000003 216 25.00000000000003 216 25.00000000000003 258 42.00000000000003 258 book-spine 0
223.03387815750372 359.96493313521546 221.9476968796434 296.9664190193165 207.48647845468054 297.2157503714711 208.57265973254087 360.21426448737003 book-spine 0
269.52356687898094 374.34012738853505 257.18216560509563 373.8993630573248 254.65859872611472 444.5592356687898 267.00000000000006 445.00000000000006 book-spine 0
371.0000000000001 465 356.0000000000001 465 356.0000000000001 529 371.0000000000001 529 book-spine 0
612.5958019375674 565.4601722282025 575.7518837459634 562.889666307858 571.6862217438105 621.1641550053822 608.5301399354146 623.7346609257268 book-spine 0
402.0000000000001 468 385.0000000000001 468 385.0000000000001 531 402.0000000000001 531 book-spine 0
67.4029197080292 568.9080291970803 65.93795620437956 514.7043795620436 48.1941605839416 515.1839416058393 49.65912408759124 569.387591240876 book-spine 0
326 144.00000000000006 313 144.00000000000006 313 203.00000000000006 326 203.00000000000006 book-spine 0
176.2658788774003 508.9128508124076 174.02658788774002 450.6912850812407 161.698670605613 451.1654357459379 163.93796159527326 509.38700147710483 book-spine 0
260.03746877602003 148.16402997502087 248.0220649458784 147.91881765195674 246.9412989175687 200.87635303913407 258.95670274771027 201.12156536219823 book-spine 0
340.1478848204764 145.0810522573765 326.0924280127978 144.55065766086034 323.86491290437266 203.57980803412732 337.9203697120512 204.11020263064353 book-spine 0
232.28048780487802 516.5243902439023 225.2073170731707 452.8658536585366 212.8048780487805 454.2439024390244 219.8780487804878 517.9024390243901 book-spine 0
383 152.00000000000006 370 152.00000000000006 370 206.00000000000006 383 206.00000000000006 book-spine 0
52.171013535820464 441.29712776493886 38.02608121492247 440.78276658963347 35.85506767910206 500.4856388246946 50.00000000000006 501 book-spine 0
282.4922010398614 297.18717504332756 271.13691507798967 296.71403812824957 268.34835355285963 363.63951473136916 279.7036395147314 364.11265164644715 book-spine 0
138 145 121.00000000000003 145 121.00000000000003 195 138 195 book-spine 0
54.00000000000004 287 42.000000000000036 287 42.00000000000004 335 54.00000000000004 335 book-spine 0
287.4117330462864 521.9015069967706 282.9843918191604 458.44294940796556 270.53336921420885 459.3116254036599 274.96071044133475 522.7701829924649 book-spine 0
45.00000000000001 57 35.00000000000001 57 35.000000000000014 104 45.000000000000014 104 book-spine 0
510.9684542586751 152.59621451104104 499.45425867507885 151.21451104100947 492.5835962145111 208.47003154574134 504.09779179810727 209.8517350157729 book-spine 0
390 62.00000000000004 369 62.00000000000004 369 114.00000000000006 390 114.00000000000006 book-spine 0
120.23103448275862 273.92758620689654 116.78275862068965 215.30689655172415 102.83103448275861 216.12758620689652 106.27931034482758 274.7482758620689 book-spine 0
197.38303104826312 439.9163848754995 194.9139256071319 369.5468798032585 179.80971411005225 370.0768521364893 182.27881955118352 440.4463572087303 book-spine 0
484.36470588235295 553.2588235294119 472.4352941176471 552.3411764705884 467.9529411764707 610.6117647058825 479.8823529411765 611.529411764706 book-spine 0
304.0000000000001 538 292.0000000000001 538 292.0000000000001 593 304.0000000000001 593 book-spine 0
17.444906444906515 439.09979209979207 5.587110187110248 438.61580041580044 3.142203742203794 498.51600831600825 15.00000000000006 498.9999999999999 book-spine 0
342.8934426229509 232.17213114754102 324.2295081967214 230.47540983606558 319.2295081967214 285.4754098360657 337.8934426229509 287.1721311475411 book-spine 0
529.1720578114248 228.48726772195465 513.2973158981418 227.23399862353756 507.9559532002753 294.8912594631797 523.8306951135582 296.14452856159676 book-spine 0
505.1089023336215 231.2973206568713 489.76923076923083 230.84615384615392 487.88764044943827 294.8202247191012 503.22731201382896 295.2713915298186 book-spine 0
40.428301886792525 441.1490566037736 28.2773584905661 440.62075471698114 25.716981132075535 499.50943396226415 37.867924528301955 500.0377358490566 book-spine 0
461 58.00000000000006 416 58.00000000000006 416 115.00000000000006 461 115.00000000000006 book-spine 0
105.53901639344262 273.5108196721311 102.73377049180328 218.80852459016387 89.61442622950818 219.4813114754098 92.41967213114754 274.183606557377 book-spine 0
407.10543130990413 152.3642172523962 394.48562300319486 151.85942492012782 392.2859424920128 206.85143769968056 404.90575079872207 207.35623003194894 book-spine 0
266 225.00000000000006 249 225.00000000000006 249.00000000000003 283 266 283 book-spine 0
217.00000000000006 369 192.00000000000006 369 192.00000000000006 441 217.00000000000006 441 book-spine 0
451.8185840707964 153.72123893805318 437.3495575221239 152.75663716814165 433.69026548672565 207.64601769911508 448.15929203539827 208.61061946902657 book-spine 0
36.78048780487805 61.97560975609757 29.65853658536586 53.07317073170733 10.268292682926838 68.58536585365854 17.39024390243903 77.48780487804878 book-spine 0
520 154.00000000000006 507.48307692307696 153.30461538461543 504.42461538461544 208.35692307692315 516.9415384615385 209.05230769230775 book-spine 0
458.3998623537509 551.2684101858225 445.3757742601515 550.2401927047488 440.8479008947006 607.5932553337921 453.87198898830013 608.6214728148658 book-spine 0
441.1176470588236 307.4705882352942 428.6529411764707 306.51176470588246 423.45294117647074 374.11176470588236 435.9176470588236 375.07058823529417 book-spine 0
263 222.00000000000006 227.00000000000003 222.00000000000003 227.00000000000006 281 263 281 book-spine 0
293.6780487804879 537.3024390243904 279.8165853658537 536.869268292683 278.099512195122 591.8156097560977 291.9609756097562 592.248780487805 book-spine 0
540.502538071066 478.9644670050762 525.5786802030458 477.89847715736045 520.8477157360406 544.1319796954316 535.7715736040609 545.1979695431473 book-spine 0
56.12054965646473 59.17801374141163 42.57901311680202 58.83947532792006 41.450968144909446 103.96127420362276 54.99250468457216 104.29981261711433 book-spine 0
481.1150943396227 62.35283018867931 467.22830188679256 61.74905660377364 464.933962264151 114.51886792452837 478.8207547169811 115.12264150943403 book-spine 0
226 221 209.00000000000003 221 209.00000000000006 279 226.00000000000006 279 book-spine 0
303.2367826479892 149.4356077722549 287.5630366018979 148.76863985539995 285.30637144148216 201.8002711251695 300.98011748757347 202.46723904202446 book-spine 0
357 144.00000000000006 336 144.00000000000006 336 205.00000000000006 357 205.00000000000006 book-spine 0
299.4679399727149 522.8171896316508 294.68758526603006 458.2824010914052 282.34788540245563 459.1964529331514 287.1282401091405 523.7312414733971 book-spine 0
309.0777225485766 522.82647989155 306.43515589697245 460.72616357885227 295.92227745142344 461.17352010845013 298.5648441030276 523.2738364211477 book-spine 0
164.00000000000003 224 153 224 153.00000000000003 277 164.00000000000006 277 book-spine 0
575.4823008849557 234.76548672566378 560.4823008849557 233.76548672566378 556.3318584070796 296.0221238938053 571.3318584070796 297.0221238938053 book-spine 0
33.000000000000036 287 15.000000000000037 287 15.000000000000039 348 33.00000000000004 348 book-spine 0
30.000000000000068 512 17.000000000000064 512 17.000000000000068 565 30.00000000000007 565 book-spine 0
104.19683257918552 57.866515837104096 80.72624434389141 56.74886877828057 78.43212669683258 104.92533936651586 101.90271493212671 106.0429864253394 book-spine 0
623.0418493423676 566.3025109605421 612.2606616181746 565.6556396970906 608.7297728178557 624.5037863690715 619.5109605420488 625.150657632523 book-spine 0
417.56942675159235 308.0560509554141 406.11974522292996 307.64713375796185 403.7885350318471 372.92101910828035 415.2382165605096 373.32993630573253 book-spine 0
368.39179708580684 542.5763626551538 351.0572045331894 541.7701025364274 348.40744738262276 598.7398812736104 365.7420399352402 599.5461413923368 book-spine 0
559.0807504078304 233.1737357259381 539.1256117455139 232.60358890701474 537.2977161500816 296.5799347471453 557.252854812398 297.1500815660686 book-spine 0
394.18051157125456 303.1490864799026 381.2713763702801 302.54397076735694 378.06674786845315 370.90937880633373 390.97588306942754 371.5144945188794 book-spine 0
306.33031674208144 62.06334841628964 294.21493212669685 61.48642533936656 291.88009049773757 110.51809954751135 303.99547511312215 111.09502262443443 book-spine 0
471.25660377358497 154.09811320754724 457.84716981132084 153.5150943396227 455.48113207547175 207.93396226415103 468.890566037736 208.51698113207556 book-spine 0
49.000000000000064 514 36.00000000000006 514 36.000000000000064 569 49.00000000000007 569 book-spine 0
534.0859728506788 64.19457013574669 522.3031674208146 63.633484162895996 519.8303167420815 115.56334841628967 531.6131221719457 116.12443438914035 book-spine 0
454.85846153846154 309.54769230769233 439.51692307692315 308.6953846153847 435.9292307692308 373.2738461538462 451.27076923076925 374.12615384615384 book-spine 0
441.82551594746724 234.50656660412764 431.46904315197 233.60600375234526 426.4258911819888 291.60225140712953 436.782363977486 292.5028142589119 book-spine 0
380.3331690487926 543.5036964021688 367.0261212419912 542.9122720551998 364.49581074420905 599.8442582552983 377.80285855101044 600.4356826022673 book-spine 0
352.13757961783443 304.14777070063695 340.4025477707007 303.7286624203822 338.11974522292996 367.64713375796185 349.85477707006373 368.0662420382166 book-spine 0
314 143.00000000000006 302 143.00000000000006 302 203.00000000000006 314 203.00000000000006 book-spine 0
588 234.00000000000006 572 234.00000000000006 572 298.0000000000001 588 298.0000000000001 book-spine 0
206.00000000000006 453 179.00000000000006 453 179.00000000000006 510 206.00000000000006 510 book-spine 0
427.85866983372927 471.0985748218528 413.8752969121141 470.61638954869363 411.70308788598584 533.6104513064133 425.68646080760107 534.0926365795725 book-spine 0
440.2773192472763 471.373720699901 427.4760647078243 470.90822053483004 425.161109276989 534.5694948827995 437.9623638164411 535.0349950478706 book-spine 0
543.9543147208124 558.6395939086295 526.0456852791879 557.3604060913706 521.8223350253807 616.4873096446702 539.7309644670052 617.766497461929 book-spine 0
446.1106194690266 550.3407079646018 433.3008849557523 549.4867256637169 429.5132743362832 606.3008849557523 442.32300884955754 607.1548672566372 book-spine 0
164.04143646408843 510.7872928176796 160.7458563535912 448.1712707182321 141.58839779005527 449.17955801104983 144.8839779005525 511.79558011049727 book-spine 0
425.1044585987261 63.07515923566885 412.656050955414 62.6305732484077 410.8700636942675 112.63821656050962 423.3184713375796 113.08280254777075 book-spine 0
351.17586206896556 232.0103448275862 339.33448275862065 231.3137931034483 336.0344827586207 287.4137931034483 347.87586206896555 288.11034482758623 book-spine 0
568.0492390331245 152.53715308863036 557.0881826320502 151.37108325872882 550.88630259624 209.66875559534475 561.8473589973142 210.83482542524627 book-spine 0
487.1944608131997 475.5067766647025 471.17619328226283 473.94401885680617 464.79080730701236 539.3942251031233 480.80907483794925 540.9569829110195 book-spine 0
368 221.00000000000006 354 221.00000000000006 354 288 368 288 book-spine 0
610.4472551130248 65.58934337997854 594.5479009687837 64.48008611410125 590.9278794402584 116.36706135629717 606.8272335844995 117.47631862217446 book-spine 0
283.0205479452055 62.445205479452085 267.70821917808223 61.87808219178086 265.9328767123288 109.81232876712332 281.24520547945207 110.37945205479457 book-spine 0
334.00000000000006 463 319.00000000000006 463 319.0000000000001 526 334.0000000000001 526 book-spine 0
514.0734439834024 61.8004149377594 494.5141078838174 60.60290456431541 491.1630705394191 115.33651452282163 510.7224066390041 116.5340248962656 book-spine 0
327.49757150566654 379.30221262817054 301.94819212088515 378.11386940097145 298.677819751754 448.4268753372909 324.2271991365354 449.61521856449 book-spine 0
64 58.00000000000001 54 58 54.000000000000014 105 64 105 book-spine 0
428.50620615218577 471.11656772800865 415.0701565029682 470.49163518618457 412.1203453858608 533.9125742039936 425.55639503507825 534.5375067458176 book-spine 0
407.54822335025386 307.3248730964467 395.25380710659897 306.44670050761425 390.5837563451777 371.82741116751276 402.87817258883257 372.7055837563452 book-spine 0
421.0721689059501 153.15969289827262 407.05451055662195 152.6099808061421 404.9309021113244 206.76199616122847 418.9485604606526 207.31170825335903 book-spine 0
393.41659886086245 544.7095199349064 380.06021155410906 543.946297803092 376.839707078926 600.3051261187959 390.19609438567943 601.0683482506104 book-spine 0
558.0731707317074 154.34146341463423 547.5365853658537 153.17073170731715 541.2804878048781 209.47560975609764 551.8170731707318 210.64634146341467 book-spine 0
467.9246901811249 388.08198284080083 451.23832221163025 385.47473784556723 439.89895138226893 458.0467111534797 456.5853193517636 460.6539561487132 book-spine 0
434 153.00000000000006 420 153.00000000000006 420 207.00000000000006 434 207.00000000000006 book-spine 0
146.03817787418663 522.1674620390455 135.06377440347077 521.9388286334056 133.89891540130156 577.852060737527 144.87331887201742 578.080694143167 book-spine 0
404.55477603885595 225.07231516459802 395.57420399352407 224.65461413923376 392.55099838100375 289.65353480841884 401.53157042633563 290.0712358337831 book-spine 0
547.0950976778474 154.3516402506451 531.2056763730187 153.4349428676742 527.9889421304828 209.1916697382971 543.8783634353115 210.108367121268 book-spine 0
478.2656572608397 237.96834136269794 451.0929112181694 235.82312456985557 446.6207845836202 292.4700619408122 473.7935306262905 294.6152787336546 book-spine 0
350.0000000000001 541 335.0000000000001 541 335.0000000000001 597 350.0000000000001 597 book-spine 0
21.000000000000043 286 11.000000000000036 286 11.00000000000004 347 21.000000000000043 347 book-spine 0
468 60.00000000000006 422 60.00000000000006 422 115.00000000000006 468 115.00000000000006 book-spine 0
84.4459016393443 448.6950819672132 57.79672131147544 437.03606557377054 33.90491803278695 491.6459016393443 60.554098360655814 503.3049180327869 book-spine 0
282 229.00000000000006 268 229.00000000000006 268 284 282 284 book-spine 0
295.6208825357365 61.72156619018027 283.38968303293973 60.80422622747051 279.6550652579242 110.59912989434434 291.88626476072096 111.51646985705409 book-spine 0
402.5690607734806 63.18784530386745 387.1906077348066 62.37845303867407 384.5359116022099 112.8176795580111 399.914364640884 113.62707182320447 book-spine 0
230.00000000000006 530 217.00000000000006 530 217.00000000000006 585 230.00000000000006 585 book-spine 0
232 147 219 147 219 200 232 200 book-spine 0
541.1023839397741 314.3874529485571 523.6647427854455 313.2803011292346 519.4429109159348 379.7741530740276 536.8805520702634 380.8813048933501 book-spine 0
499.0000000000001 474.0000000000001 482.0000000000001 474.0000000000001 482.0000000000001 541 499.0000000000001 541 book-spine 0
255.36470588235295 518.7411764705882 250.47647058823537 455.1941176470589 235.94705882352943 456.31176470588235 240.8352941176471 519.8588235294118 book-spine 0
334.01130247578044 62.837997847147506 319.13024757804095 61.79978471474708 315.6587728740582 111.55758880516689 330.5398277717977 112.59580193756733 book-spine 0
267.7963186085272 588.7326100437766 267.795293412845 533.1418266366925 255.3278775603917 533.1420565586349 255.32890275607394 588.732839965719 book-spine 0
260.1318284370475 587.285386048668 259.53282388618914 531.1573274901227 242.81050817487204 531.3357898041456 243.40951272573045 587.4638483626909 book-spine 0
242.77547289617195 585.7925797602475 241.85117450282263 530.3108045914739 227.89592047974935 530.5432920854856 228.82021887309872 586.0250672542592 book-spine 0
432.988141002176 548.1469886392247 419.47089056777577 547.6814097515957 417.49582082746554 605.0240277580457 431.0130712618658 605.4896066456747 book-spine 0
419.4942136450567 547.2822611520382 405.9988076276737 546.6048983735608 403.1409540042716 603.543212983571 416.6363600216545 604.2205757620486 book-spine 0
405.5322412394072 544.6771781708113 392.0122741230978 544.2321176687417 390.09028919906416 602.6178266906487 403.6102563153736 603.0628871927183 book-spine 0
392.1029572061918 543.7619575530014 379.4629728596604 543.3071810789597 377.40080720462413 600.6226824019759 390.04079155115556 601.0774588760175 book-spine 0
575.2088609018545 617.6983960107531 563.5438591607862 556.5647444903988 543.6675934956605 560.3573639041505 555.3325952367288 621.4910154245048 book-spine 0
612.3331774364026 563.8103610955827 575.0525741437842 561.0268853393337 570.6036390336321 620.6138907385449 607.8842423262505 623.3973664947939 book-spine 0
510.6475121346082 475.9008871342717 497.34665872287394 474.97080102787896 492.7737351762767 540.366666355076 506.07458858801095 541.2967524614687 book-spine 0
472.25750963933984 473.0513752059698 454.9825324702328 471.08633111186464 447.45588109233125 537.2541749292769 464.7308582614383 539.219219023382 book-spine 0
455.14078020511903 471.67333951576074 440.569277018273 470.7050995430377 436.2757476873364 535.3204615308478 450.8472508741824 536.2887015035707 book-spine 0
220.14103382153732 515.7914242001608 212.93583286895318 452.035997561533 202.98892093428583 453.1601293119668 210.19412188686997 516.9155559505947 book-spine 0
118.56611448925128 445.7788836607157 101.88726545815862 444.61258471096164 97.82367337241561 502.7246484630098 114.50252240350827 503.89094741276386 book-spine 0
133.6040298950422 507.13442803965575 126.37383080927967 444.6401381939537 112.03155250134631 446.2994502329544 119.26175158710885 508.79374007865647 book-spine 0
227.62727711620806 441.78014051552134 226.7320798200464 371.3622965363363 211.5826573057517 371.55488581920633 212.4778546019133 441.9727297983914 book-spine 0
233.1442019657429 371.8245125488065 227.1902668197834 371.8062345161872 226.97534230473224 441.81631987615305 232.9292774506917 441.83459790877237 book-spine 0
247.57692833955423 443.3515610268064 247.09215596344262 371.85654311557613 232.61862494122656 371.9546809750991 233.1033973173382 443.4496988863294 book-spine 0
279.5278345208572 445.97024899201006 279.0371048134439 374.0724513367371 266.08680686133647 374.160842026469 266.5775365687498 446.0586396817419 book-spine 0
292.44609205901355 378.94035932169925 281.3348564768201 378.3974899744386 278.11703204957655 444.2586505900762 289.22826763177 444.8015199373368 book-spine 0
299.1103390246536 380.76157766801435 287.9057621925026 380.7061479957507 287.5829310031368 445.96337787531684 298.78750783528784 446.01880754758054 book-spine 0
390.38254502743854 381.6310534593181 376.6647242306439 380.589354741113 371.11166827199395 453.7158981303489 384.8294890687886 454.75759684855393 book-spine 0
405.19084004239113 383.30318218201677 390.2907910227242 382.15271477088976 384.696271388172 454.60901904348134 399.59632040783896 455.75948645460835 book-spine 0
420.8952443555994 385.0105786204922 405.6638312209993 383.0375988909379 396.50949791446567 453.7090966640766 411.74091104906574 455.68207639363084 book-spine 0
430.29372430991464 386.0043005200363 417.8681851579005 384.57741293123524 409.6483212704245 456.15715148925455 422.07386042243866 457.5840390780556 book-spine 0
474.5438747301679 392.21516061684997 465.16120505191384 390.932790505599 455.96333912849514 458.23047387106845 465.3460088067492 459.5128439823194 book-spine 0
500.68156372780595 390.8715866573083 483.7915901987214 389.6905247530726 478.82005787244066 460.7867552628703 495.71003140152516 461.96781716710586 book-spine 0
473.0511243459204 308.61202608249596 458.7516857280727 307.82166967314384 455.0592001133232 374.62756986022623 469.3586387311709 375.4179262695784 book-spine 0
460.84667672510363 303.06767696059035 453.88984523930327 302.703704107673 450.1399451823265 374.3777934686842 457.09677666812684 374.7417663216016 book-spine 0
557.0873899104668 314.5203073850978 542.0247499548242 313.18078696772193 536.1038045738342 379.7606369752284 551.1664445294767 381.1001573926043 book-spine 0
523.7522122292572 312.76684479301673 510.6624834169362 311.85152194395465 506.0231250802408 378.197448468953 519.1128538925618 379.11277131801506 book-spine 0
510.11843627200795 313.5637735949272 501.040075902065 312.9289528205373 496.5003690443983 377.84978794507356 505.5787294143413 378.4846087194635 book-spine 0
379.53705674091464 308.4219574793292 370.1095332510231 308.1060310502586 368.0589856308333 369.2961819133857 377.48650912072486 369.6121083424563 book-spine 0
373 339 368 339 368 341 373 341 book-spine 0
369.818061280635 307.630929199405 359.56119955279206 307.32647666336396 357.7488346319167 368.3841923767454 368.00569635975967 368.68864491278646 book-spine 0
359.8886084561708 304.6736843590304 350.581586589908 304.440725313644 348.99479008332935 367.83534370909376 358.30181194959215 368.0683027544802 book-spine 0
339.8824139685381 300.80796774596774 328.57412502899587 300.50026878117035 326.7732178475462 366.68566779458 338.0815067870884 366.9933667593774 book-spine 0
329.5713621265674 300.581424813394 319.03742959638254 300.0656039519702 315.84026549649764 365.3570906575559 326.3741980266825 365.87291151897966 book-spine 0
318.4987861429603 298.94813559763304 305.4146365654568 298.6521421046281 303.8874299743289 366.16105681492104 316.97157955183235 366.457050307926 book-spine 0
246.09885181628493 361.0558971476394 244.60727362201817 296.29792468811667 232.58479659922722 296.5748398521836 234.07637479349398 361.33281231170633 book-spine 0
250.96362239149084 297.2332386112793 241.9981699458432 297.15535186824826 241.44182431439157 361.1956507434264 250.40727676003917 361.27353748645754 book-spine 0
257.882104598136 297.1851534680851 251.3590271666195 296.97425356659096 249.2569860545512 361.98982181062365 255.78006348606763 362.2007217121178 book-spine 0
234.54434528951086 361.20991472403 234.24889259316535 293.0262681679201 218.78759105207018 293.0932649253547 219.08304374841563 361.2769114814646 book-spine 0
220.14429016854254 360.07881668803304 219.89226744344577 295.9754210127125 213.02073526033388 296.0024364656091 213.27275798543064 360.1058321409296 book-spine 0
214.47937540970543 360.1090621136352 213.54121543619559 294.2195680312001 202.91189101301234 294.3709124429026 203.85005098652218 360.2604065253377 book-spine 0
206.5412706801477 359.4669277767106 204.73698033695803 292.91521989105235 197.9483030618922 293.0992684337506 199.75259340508183 359.65097631940876 book-spine 0
200.61241272044828 358.59599346940956 197.1096386696709 292.3869198480884 185.91352446314116 292.9792473972771 189.41629851391855 359.1883210185983 book-spine 0
179.88134874332593 356.77671515047746 177.78824701339892 293.3679060960444 166.14942431141284 293.75209940128263 168.24252604133983 357.1609084557157 book-spine 0
156.17795364322467 355.470192903715 152.10409246054783 293.19413530436515 143.76384343238777 293.73972245421766 147.8377046150646 356.0157800535674 book-spine 0
208.1854124386547 223.1951039194575 194.21386193299094 223.18173738430409 194.1607040095712 278.74577124282877 208.132254515235 278.7591377779822 book-spine 0
395.0118109033744 232.4302466815805 382.1225503560668 231.88485832837972 379.70599516498766 288.99573959668726 392.5952557122952 289.54112794988805 book-spine 0
489.550302107319 236.75202629407352 476.8898061960732 236.1718491132569 474.27189732983123 293.29926741402767 486.932393241077 293.87944459484424 book-spine 0
538.2035328302641 230.95825084861016 524.1041391887541 230.53300512036742 522.1424533674929 295.57441237735287 536.2418470090029 295.99965810559564 book-spine 0
287.3864903311122 201.67948525299232 286.94273292199546 149.21462190863141 273.68792997535854 149.3267334560369 274.1316873844753 201.79159680039783 book-spine 0
274.40871024971614 148.04873333062903 259.70195004598236 147.693013711515 258.4260362974392 200.44399097615073 273.132796501173 200.7997105952648 book-spine 0
249.7082737157093 146.52645394311048 238.47840031679 146.2266575502002 237.059626675257 199.3715543965993 248.28950007417632 199.67135078950957 book-spine 0
162.25642723449383 196.35393051931717 162.11006024024203 145.3303630594085 152.42340751280207 145.3581503411424 152.56977450705386 196.38171780105102 book-spine 0
153.30303363817762 144.64829236306494 137.63165527600603 144.47708461716184 137.07365411528417 195.5533210927756 152.74503247745577 195.7245288386787 book-spine 0
508.5224965116548 554.8338184569969 493.3215208635096 553.7708626921273 489.1804222491785 612.9913319472489 504.3813978973237 614.0542877121186 book-spine 0
574.8697641483662 617.947489268347 563.9832277674894 556.4344431875062 544.2202034558305 559.9320895710438 555.1067398367073 621.4451356518846 book-spine 0
237.0781572691646 60.66293795306672 224.41942142189023 60.08012154994955 222.20087297597308 108.2668551268371 234.85960882324744 108.84967152995426 book-spine 0
223.93737707329427 53.432532068226024 203.21700025385417 53.04389182893825 202.1790195977723 108.38389049897191 222.89939641721236 108.7725307382597 book-spine 0
372.2195302448233 62.13330394317295 359.05659337188706 61.82609075447968 357.8850419760738 112.02268918856734 371.04797884901006 112.32990237726062 book-spine 0
322.4016182543699 55.07865715207447 306.1448256502271 53.94052363937101 302.1872925594521 110.46886057230196 318.4440851635949 111.60699408500545 book-spine 0