142.00000000000006 520 122.00000000000006 520 122.00000000000009 622 142.00000000000006 622 book-spine 0
425.0000000000001 523 409.0000000000001 523 409.0000000000001 627 425.0000000000001 627 book-spine 0
475.06501590814776 235.2368239037212 450.7725826532024 234.66523723889892 448.10803707290086 347.9084244017155 472.4004703278463 348.4800110665377 book-spine 0
548.031345479235 369.05352495190687 532.2458979291615 368.885594658821 531.0013579268983 485.8723548715628 546.7868054769718 486.04028516464865 book-spine 0
159.00000000000006 520 141.00000000000006 520 141.00000000000006 623 159.00000000000006 623 book-spine 0
265.10281995661603 170.9353579175705 262.953579175705 67.77180043383949 248.3349240780911 68.07635574837312 250.48416485900216 171.23991323210413 book-spine 0
462 70.00000000000006 442 70.00000000000006 442 170.00000000000006 462 170.00000000000006 book-spine 0
328.0000000000001 523 301.0000000000001 523 301.0000000000001 626 328.0000000000001 626 book-spine 0
428.1782817269953 234.23096380287836 404.37976450065423 233.34129960750116 400.09890972525085 347.85416484954214 423.8974269515919 348.7438290449194 book-spine 0
122.39493433395882 519.1697936210131 100.49493433395881 518.8697936210131 99.04333958724209 624.8362101313321 120.9433395872421 625.1362101313322 book-spine 0
343 68.00000000000003 318 68.00000000000003 318 171.00000000000006 343 171.00000000000006 book-spine 0
424.29478575116156 483.9705730511099 421.81208053691273 374.731543624161 407.0924109447599 375.0660815694373 409.5751161590087 484.30511099638613 book-spine 0
385.512864864865 523.1251891891892 361.63567567567566 522.7740540540541 360.07437837837836 628.9422702702702 383.9515675675676 629.2934054054053 book-spine 0
359 378 335 378 335.00000000000006 483 359.00000000000006 483 book-spine 0
38.07046132660089 59.34955244434246 8.804452605003458 58.90612806977279 7.094789993114544 171.74386045444118 36.360798714711976 172.18728482901076 book-spine 0
222.02103316768753 170.9780422974691 219.9248815439732 73.50699179475326 194.9256905119612 74.04460880619439 197.0218421356755 171.51565930891022 book-spine 0
301 234.00000000000006 273 234.00000000000006 273 348 301 348 book-spine 0
446.0000000000001 369 422 369 422 491 446.0000000000001 491 book-spine 0
410.25513513513533 524.0291891891893 386.03567567567575 523.465945945946 383.60702702702713 627.8978378378379 407.8264864864866 628.4610810810811 book-spine 0
562.0191365443285 237.00979938984938 539.0308773227327 236.78875843579556 537.9525746510122 348.9322362947213 560.940833872608 349.1532772487751 book-spine 0
292.00000000000006 376 277 376 277.00000000000006 482 292.0000000000001 482 book-spine 0
361 236.00000000000006 338 236.00000000000006 338 348 361 348 book-spine 0
409.00000000000006 369 384 369 384.00000000000006 484 409.0000000000001 484 book-spine 0
521.0440132513015 66.13913866540472 502.0946521533365 65.84761003312832 500.5082820634169 168.96166587789878 519.457643161382 169.25319451017515 book-spine 0
57.084093613645386 622.9706465688221 55.603530345101156 517.8506545021818 37.56485521618406 518.1047203490679 39.04541848472829 623.2247124157082 book-spine 0
450.8183011438215 234.1320082505157 427.6439152447028 233.49709356834805 424.50946934183384 347.90436902306396 447.68385524095254 348.5392837052316 book-spine 0
494.01900237529696 231.44893111638962 475.5926365795725 230.8135391923991 471.5534441805226 347.9501187648457 489.9798099762471 348.58551068883617 book-spine 0
341.0000000000001 524 328.0000000000001 524 328.0000000000001 633 341.0000000000001 633 book-spine 0
339.00000000000006 371 269 371 269.00000000000006 483 339.0000000000001 483 book-spine 0
639 373.0000000000001 625 373.0000000000001 625 486.0000000000001 639 486.0000000000001 book-spine 0
501.02072257784533 70.01063252685262 481.1478789193881 69.80362373874368 480.11500488228273 168.95953130085715 499.98784854073995 169.1665400889661 book-spine 0
8.000000000000016 74 9.123618653647781e-15 74 1.512438796946981e-14 172 8.000000000000021 172 book-spine 0
82.52099958000841 625.9489710205796 80.96598068038642 518.6526669466613 55.15980680386393 519.0266694666108 56.714825703485936 626.3229735405291 book-spine 0
28.00000000000005 377 2.000000000000046 377 2.0000000000000524 480 28.000000000000057 480 book-spine 0
69.86712802768167 346.9508650519032 66.64429065743946 224.48304498269897 45.50103806228374 225.03944636678202 48.72387543252594 347.5072664359862 book-spine 0
278.0000000000001 522 261.0000000000001 522 261.0000000000001 626 278.0000000000001 626 book-spine 0
237.70208126858276 170.92388503468783 234.84895936570865 69.6380574826561 219.77641228939547 70.06263627353816 222.62953419226957 171.3484638255699 book-spine 0
421 65.00000000000006 404 65.00000000000006 404 170.00000000000006 421 170.00000000000006 book-spine 0
97.14234627126038 59.192237243785456 65.14967291757524 57.99624945486264 60.897775839511574 171.7344962930659 92.8904491931967 172.93048408198868 book-spine 0
507.0759518449645 524.082215914652 481.5022022119997 523.0693941470099 477.32367622589805 628.5771752960752 502.8974258588629 629.5899970637174 book-spine 0
262.8272197463148 522.330133699006 243.0191978059651 521.9633184778884 241.11210147411728 624.9465203976689 260.920123414467 625.3133356187865 book-spine 0
249.39755452742898 346.8654990085922 247.3783873099802 235.81130204890945 220.22372769332452 236.30502313284867 222.2428949107733 347.3592200925315 book-spine 0
191.77048371174737 368.3282329713722 166.93830207305044 367.77640671273446 164.41066140177696 481.5202369200395 189.24284304047393 482.07206317867724 book-spine 0
155.69643972517179 346.85758900687074 152.90693316677078 235.2773266708308 120.85196752029984 236.07870081199255 123.64147407870081 347.6589631480325 book-spine 0
366.15060159524126 69.04826280924703 345.0139245640124 68.80248749493042 343.8373664999324 169.98648100581318 364.9740435311612 170.2322563201298 book-spine 0
94.00000000000003 224 68.00000000000003 224 68.00000000000003 347 94.00000000000003 347 book-spine 0
405 64.00000000000006 366 64.00000000000006 366 171.00000000000006 405 171.00000000000006 book-spine 0
511.955453290382 228.80469397146808 494.22807179015194 227.6115048320295 486.1250805338243 347.99880349746894 503.85246203405427 349.1919926369075 book-spine 0
273.37289194253594 346.9156777014366 270.6146158650843 236.5846346033729 246.95440349781387 237.17613991255467 249.71267957526547 347.5071830106184 book-spine 0
20.00000000000007 518 6.349793653579026e-14 518 6.992733223131387e-14 623 20.000000000000078 623 book-spine 0
453.0000000000001 524 424.0000000000001 524 424.0000000000001 629 453.0000000000001 629 book-spine 0
165.00000000000006 368 135.00000000000006 368 135.00000000000006 487 165.00000000000006 487 book-spine 0
124.00000000000003 223 93.00000000000003 223 93.00000000000003 348 124.00000000000003 348 book-spine 0
318 71.00000000000003 298 71.00000000000003 298 171.00000000000006 318 171.00000000000006 book-spine 0
582 68.00000000000007 554 68.00000000000006 554 168.00000000000006 582 168.00000000000006 book-spine 0
118 63.000000000000014 92.00000000000001 63.000000000000014 92.00000000000003 171 118.00000000000003 171 book-spine 0
89.00000000000006 369 73.00000000000006 369 73.00000000000006 481 89.00000000000006 481 book-spine 0
179.80285035629458 346.2826603325416 176.0083135391924 236.24109263657957 151.2790973871734 237.0938242280285 155.07363420427555 347.1353919239905 book-spine 0
251.17429088714545 170.93023536511765 248.9550995775498 69.95703077851539 234.2149668074834 70.28098974049486 236.43415811707905 171.25419432709714 book-spine 0
101.76070528967256 624.9244332493703 100.07833753148616 518.9352644836273 79.98816120906802 519.2541561712846 81.67052896725443 625.2433249370276 book-spine 0
301.0000000000001 523 279.0000000000001 523 279.0000000000001 628 301.0000000000001 628 book-spine 0
209.00000000000006 374 188.00000000000006 374 188.00000000000006 482 209.00000000000006 482 book-spine 0
137.00000000000006 376 128.00000000000006 376 128.00000000000006 485 137.00000000000006 485 book-spine 0
442 70.00000000000006 421 70.00000000000006 421 170.00000000000006 442 170.00000000000006 book-spine 0
195.00000000000006 520 177.00000000000006 520 177.00000000000006 622 195.00000000000006 622 book-spine 0
531 369.0000000000001 504 369.0000000000001 504.00000000000006 485.0000000000001 531 485.0000000000001 book-spine 0
64.00000000000001 72 37.000000000000014 72 37.000000000000014 171 64.00000000000003 171 book-spine 0
224.00000000000006 370 209.00000000000006 370 209.00000000000006 487 224.00000000000006 487 book-spine 0
482.06498972301074 524.3590094939807 450.11510228051293 523.09366741705 445.93187824214556 628.7200743858276 477.8817656846433 629.9854164627582 book-spine 0
220.00000000000006 238 196.00000000000006 238 196.00000000000006 347 220.00000000000006 347 book-spine 0
40.504174809024704 619.906555338426 37.79854325812755 518.4453721797832 16.89340913128442 519.0028424231658 19.599040682181567 620.4640255818085 book-spine 0
468.00000000000006 369.00000000000006 446 369 446.0000000000001 484.00000000000006 468.0000000000001 484.0000000000001 book-spine 0
141.32191780821918 171.69178082191786 137.65753424657535 72.75342465753425 115.2068493150685 73.58493150684932 118.87123287671233 172.5232876712329 book-spine 0
388.98962834917893 234.3526361279171 363.276577355229 233.5963699222127 359.9317199654279 347.3215211754538 385.64477095937775 348.07778738115826 book-spine 0
504.80517897943656 369.3902513328257 475.0208682406703 368.65483625285617 472.1523229246003 484.8309215536939 501.9366336633665 485.56633663366347 book-spine 0
277.0117561683599 481.97576197387514 275.6358490566038 367.7754716981132 254.51843251088533 368.02989840348334 255.89433962264152 482.2301886792452 book-spine 0
383.00000000000006 377 360 377 360.00000000000006 483 383.0000000000001 483 book-spine 0
253.00000000000006 368 225.00000000000006 368 225.00000000000006 488 253.00000000000006 488 book-spine 0
196.03687635574835 171.77006507592188 193.93622559652928 70.93882863340565 164.94880694143166 71.54273318872018 167.04945770065075 172.37396963123643 book-spine 0
73.00000000000006 377 46.00000000000005 377 46.00000000000006 480 73.00000000000006 480 book-spine 0
198.00000000000006 237 175.00000000000006 237 175.00000000000006 347 198.00000000000006 347 book-spine 0
72.00000000000006 367 28.000000000000043 367 28.00000000000005 480 72.00000000000006 480 book-spine 0
424 170.00000000000006 359 170.00000000000006 359 349 424 349 book-spine 0
218.00000000000006 520 195.00000000000006 520 195.00000000000006 627 218.00000000000006 627 book-spine 0
168.05717255717258 171.7723492723493 164.81288981288984 71.19958419958421 137.64760914760913 72.0758835758836 140.89189189189187 172.6486486486487 book-spine 0
537.4338461538463 223.19076923076926 510.57230769230773 221.69846153846157 503.5692307692308 347.75384615384615 530.4307692307693 349.2461538461539 book-spine 0
362.0945728103172 523.231058570661 334.1840408382591 522.7735088662012 332.4819989253091 626.5980655561527 360.3925308973671 627.0556152606126 book-spine 0
119.00000000000003 69.00000000000001 104.00000000000003 69 104.00000000000003 171 119.00000000000003 171 book-spine 0
541.0289870460822 524.062752176683 508.09142068379697 523.0440645572309 504.78562327458064 629.9315141218945 537.7231896368658 630.9502017413466 book-spine 0
337.5709038971639 347.9632728014691 335.96796572128136 235.75760048969602 314.41522138339116 236.06549683738018 316.01815955927367 348.27116914915325 book-spine 0
279 68.00000000000003 263 68.00000000000003 263 171.00000000000006 279 171.00000000000006 book-spine 0
546.9807231951619 237.1789089076478 534.7245810759732 236.6280710595944 529.7357943807483 347.6285750283483 541.991936499937 348.1794128764017 book-spine 0
26.000000000000036 236 2.89628967998349e-14 236 3.582091887506008e-14 348 26.000000000000043 348 book-spine 0
315.37000914355383 347.97074062785737 313.95016763181957 232.96357817738496 299.35979884181654 233.14370618713806 300.7796403535508 348.15086863761053 book-spine 0
47.74651522973671 347.846670108415 44.92307692307692 223.6153846153846 22.61641713990707 224.12235415591118 25.43985544656686 348.3536396489416 book-spine 0
242.05323814380426 521.364711881693 220.06221315655284 520.9204487506374 217.96206017338102 624.8780214176442 239.95308516063238 625.3222845486997 book-spine 0
484 67.00000000000006 462 67.00000000000006 462 170.00000000000006 484 170.00000000000006 book-spine 0
111.00000000000006 377 89.00000000000006 377 89.00000000000006 480 111.00000000000006 480 book-spine 0
311.9907869481766 482.7650671785029 307.86564299424185 377.573896353167 288.9731285988484 378.3147792706335 293.09827255278316 483.5059500959693 book-spine 0
554.0277980218635 65.27579385736603 521.0516397709526 64.93930244664243 519.9921915668923 168.76522644456017 552.9683498178032 169.10171785528377 book-spine 0
177.00000000000006 520 159.00000000000006 520 159.00000000000006 622 177.00000000000006 622 book-spine 0