146.70715474209658 551.6056572379367 135.32612312811986 549.2346089850249 124.60232945091519 600.7088186356074 135.9833610648919 603.0798668885192 book-spine 0
175.0000000000001 559 160.64705882352945 555.4117647058823 148.47058823529414 604.1176470588235 162.8235294117648 607.7058823529412 book-spine 0
299.8377358490567 408.53207547169814 289.9962264150944 406.68679245283033 276.1283018867925 480.6490566037736 285.9698113207548 482.4943396226416 book-spine 0
350.6210696920584 515.1124797406809 336.98541329011346 511.8298217179904 321.21685575364677 577.3299837925447 334.8525121555917 580.6126418152352 book-spine 0
359.1584905660378 423.15471698113214 348.29056603773586 421.1169811320755 334.4 495.20000000000005 345.26792452830193 497.23773584905666 book-spine 0
244.24066390041497 306.59751037344404 219.46887966804982 299.9917012448134 201.21161825726148 368.45643153526976 225.9834024896266 375.0622406639004 book-spine 0
189.41176470588238 215.3529411764706 174.11764705882354 211.5294117647059 159.76470588235298 268.9411764705883 175.05882352941177 272.764705882353 book-spine 0
127.75988428158155 366.8293153326905 110.38042430086792 364.125843780135 98.28736740597878 441.86692381870785 115.66682738669242 444.5703953712633 book-spine 0
277.51360781577114 497.62456385205866 262.22819260293096 494.3196092114446 248.3217027215632 558.6371249127704 263.6071179344034 561.9420795533845 book-spine 0
386.9411764705883 349.2352941176471 374.47058823529414 346.11764705882354 359.76470588235304 404.9411764705883 372.2352941176472 408.0588235294118 book-spine 0
422.4324324324325 617.4054054054055 404.2702702702704 614.3783783783786 400.21621621621637 638.7027027027029 418.37837837837844 641.7297297297298 book-spine 0
549.423076923077 298.11538461538464 535.9692307692308 294.44615384615383 519.4461538461538 355.03076923076924 532.9000000000001 358.70000000000005 book-spine 0
430.47058823529414 270.11764705882365 414.94117647058823 266.23529411764713 399.7647058823529 326.9411764705883 415.29411764705884 330.82352941176475 book-spine 0
130.91198044009784 107.5867970660147 119.22493887530564 105.83374083129586 110.34963325183375 165.00244498777508 122.03667481662595 166.7555012224939 book-spine 0
415.17647058823536 265.2941176470589 400.82352941176475 261.7058823529412 385.3529411764707 323.5882352941177 399.70588235294133 327.1764705882353 book-spine 0
415.0588235294118 174.764705882353 402.5882352941177 171.64705882352945 387.9411764705883 230.23529411764707 400.41176470588243 233.3529411764706 book-spine 0
494.86902286902296 362.939708939709 482.86985446985443 359.3654885654886 461.26735966735964 431.8881496881497 473.26652806652817 435.46237006237016 book-spine 0
481.2852459016393 102.53770491803283 468.5213114754099 99.53442622950826 455.53770491803283 154.71475409836071 468.3016393442623 157.7180327868853 book-spine 0
151.40162271805275 110.70993914807303 140.68052738336718 108.98073022312374 130.86308316430024 169.84888438133876 141.58417849898584 171.57809330628805 book-spine 0
435.7058823529412 352.17647058823536 422.2941176470589 348.82352941176475 404.9411764705883 418.2352941176472 418.3529411764706 421.5882352941178 book-spine 0
639 173.00000000000006 633 173.00000000000006 633 196.00000000000006 639 196.00000000000006 book-spine 0
592.1423487544483 129.54448398576517 579.4448398576512 125.57651245551605 562.9857651245552 178.24555160142353 575.6832740213523 182.21352313167267 book-spine 0
278.44609665427515 53.57992565055767 264.5520446096655 51.76765799256509 257.14126394052045 108.58364312267662 271.0353159851301 110.3959107806692 book-spine 0
430.70769230769247 440.7384615384616 415.9000000000001 436.70000000000005 395.77692307692314 510.4846153846155 410.5846153846155 514.523076923077 book-spine 0
631.7538461538462 224.56923076923087 621.9384615384616 221.89230769230778 605.7153846153847 281.37692307692316 615.5307692307692 284.0538461538462 book-spine 0
443.7058823529412 92.17647058823536 432.4117647058824 89.35294117647064 418.47058823529414 145.1176470588236 429.76470588235304 147.9411764705883 book-spine 0
375.47058823529414 341.11764705882354 358.2941176470588 336.82352941176475 341.6470588235295 403.4117647058824 358.82352941176475 407.7058823529412 book-spine 0
264.16585365853666 401.8926829268293 253.78536585365856 399.66829268292685 238.91707317073173 469.0536585365854 249.29756097560983 471.27804878048784 book-spine 0
498.3686486486487 550.0681081081082 486.82216216216216 546.4070270270271 466.7670270270271 609.6578378378379 478.3135135135136 613.3189189189189 book-spine 0
216 2.4737865342776538e-14 187 2.2962127484012872e-14 187 95.00000000000003 216 95.00000000000003 book-spine 0
542.8143261074458 205.87558906691808 528.789820923657 201.35155513666353 510.2601319509897 258.7935909519322 524.2846371347784 263.3176248821867 book-spine 0
382 522 363.64705882352945 517.4117647058824 347.2352941176471 583.0588235294118 365.5882352941177 587.6470588235295 book-spine 0
544.5816618911175 373.1060171919771 529.7793696275072 368.99426934097426 508.70487106017197 444.8624641833811 523.5071633237823 448.974212034384 book-spine 0
284.64705882352945 315.41176470588243 266.29411764705884 310.82352941176475 248.64705882352945 381.4117647058823 267.00000000000006 386 book-spine 0
269.4117647058823 141.3529411764706 253.41176470588235 137.3529411764706 239.17647058823525 194.29411764705884 255.17647058823528 198.29411764705884 book-spine 0
255.46153846153845 492.6923076923077 244.5 490.5 231.69230769230774 554.5384615384615 242.65384615384616 556.7307692307693 book-spine 0
257.5817120622568 578.8073929961089 243.4918287937744 575.0692607003891 229.74824902723748 626.8719844357976 243.83813229571987 630.6101167315173 book-spine 0
507.92812105926873 195.86759142496857 497.30517023959646 192.720050441362 479.92307692307696 251.38461538461547 490.5460277427492 254.53215636822205 book-spine 0
118.76981132075477 274.89433962264155 103.37358490566044 272.0075471698114 89.68679245283022 345.00377358490573 105.08301886792455 347.89056603773594 book-spine 0
265.8968229954615 231.1367624810893 256.1201210287443 228.86717095310138 241.96762481089254 289.83177004538584 251.74432677760976 292.10136157337377 book-spine 0
89.1094339622642 360.0830188679246 69.84905660377365 356.4716981132076 56.649056603773644 426.8716981132076 75.9094339622642 430.48301886792456 book-spine 0
304.918918918919 60.48648648648655 288.8648648648649 57.810810810810864 279.51351351351354 113.91891891891896 295.56756756756766 116.59459459459467 book-spine 0
254.06445215666838 398.240456122955 236.76549330689153 394.70203272186427 221.31333663857222 470.2459097669806 238.61229548834905 473.7843331680715 book-spine 0
201.4987405541562 215.42065491183882 189.9647355163728 211.7783375314862 171.0125944584383 271.7934508816121 182.54659949622166 275.43576826196477 book-spine 0
215.04449938195305 297.1508034610631 192.5475896168109 293.13349814585916 179.49443757725592 366.2311495673672 201.99134734239806 370.2484548825712 book-spine 0
365.52941176470597 517.8823529411766 351.17647058823536 514.2941176470589 333.76470588235304 583.9411764705883 348.11764705882365 587.529411764706 book-spine 0
455.15752212389384 540.5628318584071 437.083185840708 535.8477876106194 420.51681415929204 599.3522123893805 438.5911504424779 604.0672566371682 book-spine 0
311.59245283018873 412.1735849056605 297.645283018868 409.5584905660378 284.1849056603774 481.3471698113208 298.13207547169816 483.9622641509435 book-spine 0
515.3332204537758 197.52827632915682 503.9722316288519 194.95597697257034 490.5540128682694 254.21977649847616 501.9150016931933 256.7920758550627 book-spine 0
506.9411764705883 459.2352941176472 483.88235294117646 453.47058823529426 465.2352941176471 528.0588235294118 488.2941176470589 533.8235294117648 book-spine 0
471.9312320916907 543.647564469914 458.00573065902586 539.7793696275071 440.6275071633238 602.3409742120343 454.5530085959887 606.2091690544412 book-spine 0
290.14 54.02000000000004 277.54 52.22000000000004 269.16 110.88000000000005 281.76 112.68000000000004 book-spine 0
466.3350895679663 357.2781875658589 424.00632244467863 347.40147523709174 407.1443624868283 419.6670179135933 449.47312961011596 429.5437302423605 book-spine 0
432.3960323291697 89.16385011021313 416.86370315944157 85.81373989713452 404.67156502571635 142.34092578986042 420.2038941954445 145.69103600293906 book-spine 0
564.4705882352941 121.1176470588236 540.4705882352943 115.1176470588236 526.6470588235295 170.41176470588243 550.6470588235294 176.41176470588243 book-spine 0
474.58823529411774 361.6470588235295 464.94117647058823 359.2352941176471 447.52941176470586 428.8823529411766 457.17647058823536 431.2941176470589 book-spine 0
186.34615384615387 121.2692307692308 172.5 118.50000000000003 160.88461538461536 176.5769230769231 174.73076923076923 179.34615384615387 book-spine 0
483.0455967814038 451.4456861868575 467.6848457755924 447.77246312025045 449.64818953956194 523.1984801072866 465.00894054537343 526.8717031738937 book-spine 0
259.35049365303246 306.14739069111425 242.80747531734846 303.0176304654443 228.68406205923844 377.669957686883 245.22708039492244 380.799717912553 book-spine 0
371.52941176470586 162.88235294117652 353.41176470588243 158.35294117647064 338.47058823529414 218.1176470588236 356.5882352941176 222.64705882352945 book-spine 0
27.229281767955854 340.6436464088398 8.911602209944796 339.6795580110498 4.712707182320472 419.4585635359116 23.03038674033153 420.4226519337016 book-spine 0
278.7217787913341 234.0114025085519 264.7673888255416 231.1242873432155 252.0216647662486 292.72862029646524 265.97605473204106 295.61573546180165 book-spine 0
440.5922270203579 535.6903146206047 426.39728562615664 532.050586057989 409.5805058605798 597.6360271437385 423.77544725478106 601.2757557063542 book-spine 0
319.00550458715605 413.21834862385333 309.4256880733946 411.5522935779817 296.7798165137616 484.26605504587167 306.35963302752305 485.93211009174325 book-spine 0
289.5815645845967 143.67677380230447 273.9842328684051 140.94724075197092 263.52031534263193 200.7410551849606 279.11764705882354 203.47058823529414 book-spine 0
276.34775374376045 403.53078202995016 263.20965058236277 400.79367720465893 247.92678868552417 474.15141430948427 261.06489184692185 476.8885191347754 book-spine 0
142.349344978166 109.37991266375548 128.9213973799127 107.58951965065503 120.87772925764193 167.91703056768563 134.30567685589523 169.70742358078604 book-spine 0
161.23575638506884 554.9626719056974 145.93516699410614 551.4852652259332 134.1080550098232 603.5245579567779 149.40864440078593 607.0019646365422 book-spine 0
546.7058823529412 469.17647058823536 528.3529411764706 464.5882352941177 509.9411764705883 538.2352941176471 528.2941176470589 542.8235294117648 book-spine 0
245.42264150943402 492.07924528301885 228.15471698113217 488.8415094339623 216.44905660377367 551.2716981132075 233.71698113207555 554.5094339622642 book-spine 0
389.52941176470597 167.88235294117655 339.6470588235294 155.41176470588243 324.82352941176475 214.70588235294122 374.7058823529412 227.17647058823536 book-spine 0
556.1176470588236 389.52941176470597 546.7058823529412 387.17647058823536 531.5882352941177 447.6470588235294 541.0000000000001 450.00000000000006 book-spine 0
582.1461318051576 124.87392550143272 568.1690544412606 120.99140401146136 552.7392550143265 176.53868194842408 566.7163323782235 180.42120343839545 book-spine 0
167.84615384615387 377.76923076923083 156.30769230769232 375.4615384615385 141.4615384615385 449.6923076923077 153 452 book-spine 0
384.2941176470589 429.82352941176475 367.11764705882354 425.5294117647059 348.52941176470597 499.8823529411765 365.7058823529412 504.17647058823536 book-spine 0
571.6470588235294 302.41176470588243 557.2941176470589 298.82352941176475 542.0588235294118 359.76470588235304 556.4117647058823 363.3529411764706 book-spine 0
214.66548042704628 126.72953736654807 197.60071174377228 123.96227758007122 187.94092526690395 183.5309608540926 205.00569395017794 186.29822064056947 book-spine 0
145.80754716981136 211.57358490566043 128.60000000000002 195.80000000000007 82.48301886792456 246.10943396226418 99.69056603773586 261.88301886792453 book-spine 0
242.6470588235295 225.41176470588232 208.76470588235298 216.94117647058823 193.3529411764706 278.5882352941177 227.23529411764713 287.0588235294118 book-spine 0
218.67240356083096 390.5157270029674 208.10118694362018 388.4756676557864 194.0166172106825 461.459347181009 204.5878338278933 463.49940652819 book-spine 0
319.65723793677205 506.8452579034942 300.928452579035 502.9434276206323 286.90183028286197 570.271214642263 305.63061564059905 574.1730449251248 book-spine 0
193.36639439906656 476.8436406067678 179.49241540256713 474.9299883313886 170.19019836639444 542.3710618436406 184.06417736289387 544.2847141190198 book-spine 0
415.36923076923085 530.6461538461539 398.27692307692314 525.9846153846154 380.87692307692305 589.7846153846154 397.9692307692309 594.446153846154 book-spine 0
325.41176470588243 153.35294117647067 313.1764705882353 150.29411764705887 298.4117647058824 209.3529411764706 310.64705882352945 212.4117647058824 book-spine 0
129.3852459016394 461.7622950819673 116.13114754098365 460.55737704918033 110.17213114754102 526.1065573770493 123.42622950819677 527.3114754098361 book-spine 0
256.30023094688227 227.25866050808318 240.4272517321017 224.52193995381066 229.56120092378762 287.54503464203236 245.43418013856814 290.28175519630486 book-spine 0
310.41176470588243 241.3529411764706 295.3529411764706 237.58823529411768 280.11764705882354 298.5294117647059 295.17647058823536 302.29411764705884 book-spine 0
209.14563894523332 480.98296146044623 192.7261663286004 478.30223123732253 181.8344827586207 545.0137931034483 198.2539553752536 547.694523326572 book-spine 0
425.9923076923077 176.36153846153854 415.4153846153845 173.4769230769231 399.37692307692305 232.2846153846154 409.95384615384614 235.1692307692308 book-spine 0
112.25035902345627 363.4667304930589 99.90713259932986 361.2723791287697 86.65677357587364 435.80564863571084 99.00000000000006 438 book-spine 0
309.06489184692185 317.88851913477544 294.4891846921798 314.8519134775375 278.8069883527455 390.126455906822 293.3826955074876 393.16306156405994 book-spine 0
173.904 117.52800000000002 158.328 114.69600000000003 147.656 173.392 163.232 176.224 book-spine 0
536.5882352941177 294.6470588235295 525.0588235294118 291.764705882353 509.8823529411765 352.4705882352942 521.4117647058823 355.3529411764707 book-spine 0
218.47163323782235 390.45787965616046 198.8057306590258 386.62063037249277 184.52951289398283 459.7862464183381 204.19541547277936 463.6234957020057 book-spine 0
558.9024390243903 119.12195121951231 538.7821698906645 113.55677039529026 523.3275862068965 169.43103448275872 543.4478553406224 174.9962153069808 book-spine 0
554.2452830188679 207.6415094339623 541.8301886792453 204.0943396226416 525.1509433962265 262.4716981132076 537.566037735849 266.01886792452837 book-spine 0
417.2229617304492 86.12978369384363 400.3311148086522 82.61064891846927 388.7004991680532 138.43760399334448 405.59234608985025 141.95673876871885 book-spine 0
231.7547169811321 130.6415094339623 214.24528301886792 127.35849056603777 203.27547169811322 185.86415094339625 220.7849056603774 189.1471698113208 book-spine 0
135.47058823529414 279.11764705882354 119.23529411764707 275.05882352941177 101.35294117647061 346.5882352941177 117.58823529411768 350.64705882352945 book-spine 0
435.30731707317074 620.5658536585365 421.58048780487803 617.6243902439023 417 639 430.7268292682927 641.9414634146342 book-spine 0
245.58823529411774 575.6470588235294 228.6470588235295 571.4117647058823 215.6470588235295 623.4117647058824 232.58823529411774 627.6470588235295 book-spine 0
351.3851301115242 252.0193308550186 336.6371747211896 249.15167286245355 324.7657992565056 310.2044609665428 339.51375464684014 313.07211895910785 book-spine 0
559.5411764705883 299.564705882353 546.0941176470589 296.57647058823534 532.564705882353 357.4588235294118 546.0117647058825 360.44705882352946 book-spine 0
101.42311491603563 364.1047085940073 88.53210405004945 361.47876193612126 74.63088574250912 429.7211063549556 87.5218966084953 432.3470530128417 book-spine 0
516.7058823529412 110.17647058823535 503.2941176470588 106.82352941176477 489.4705882352941 162.1176470588236 502.88235294117646 165.4705882352942 book-spine 0
177.4954128440367 209.34862385321105 166.85321100917434 206.1559633027523 148.44036697247708 267.5321100917431 159.08256880733947 270.72477064220186 book-spine 0
437.4018099547511 178.23800904977384 426.5131221719457 175.1755656108598 409.7429864253394 234.80271493212678 420.6316742081448 237.86515837104076 book-spine 0
221.0582362728786 220.72046589018305 204.2462562396007 217.21797004991683 191.4176372712147 278.79534109816973 208.22961730449254 282.297836938436 book-spine 0
180.26923076923083 379.6538461538462 166.23076923076928 376.8461538461539 151.00000000000006 453.00000000000006 165.0384615384616 455.8076923076924 book-spine 0
469.7149211484028 186.36029114435914 456.8269308532148 182.8697937727457 440.7096643752527 242.37970076829768 453.5976546704409 245.8701981399111 book-spine 0
492.17647058823536 104.2941176470589 480.8823529411765 101.47058823529417 467.11764705882354 156.5294117647059 478.4117647058824 159.35294117647067 book-spine 0
528.0588235294118 200.76470588235304 515.1176470588236 197.52941176470597 500.3529411764707 256.58823529411774 513.2941176470588 259.82352941176475 book-spine 0
405.6470588235294 613.4117647058824 393.17647058823536 610.2941176470589 386.0000000000001 639 398.47058823529414 642.1176470588236 book-spine 0
452.2941176470589 351.82352941176475 436.29411764705884 347.82352941176475 417.6470588235294 422.4117647058824 433.64705882352945 426.4117647058823 book-spine 0
337.11764705882354 247.5294117647059 319.70588235294116 243.1764705882353 304.3529411764706 304.5882352941177 321.764705882353 308.9411764705883 book-spine 0
224.41176470588243 571.3529411764706 212.88235294117658 568.4705882352941 200.05882352941188 619.764705882353 211.58823529411774 622.6470588235295 book-spine 0
506.9315068493151 552.1506849315069 495.9008219178083 548.922191780822 477.6082191780823 611.4219178082192 488.6389041095891 614.6504109589041 book-spine 0
162.45573159366262 114.63094128611372 150.43709226467848 112.00186393289843 137.50046598322461 171.1407269338304 149.51910531220875 173.7698042870457 book-spine 0
529.5684533970638 113.02936155684537 516.1113007852508 109.14749061113011 500.30727210652094 163.93479003072724 513.7644247183339 167.8166609764425 book-spine 0
300.82538860103625 148.05647668393786 289.19533678756477 145.62227979274616 276.9544041450777 204.1067357512954 288.5844559585492 206.54093264248712 book-spine 0
276.2692307692307 141.6538461538462 262.4230769230769 138.88461538461542 250.6153846153846 197.92307692307696 264.46153846153845 200.6923076923077 book-spine 0
353.8953741074201 159.48245886370697 343.3769015833592 156.805029493946 328.4119838559453 215.5957777087861 338.93045638000626 218.27320707854707 book-spine 0
240.2941176470589 395.82352941176464 208.5294117647059 387.88235294117646 190.11764705882354 461.5294117647059 221.88235294117652 469.47058823529414 book-spine 0
382.7752808988765 167.64044943820227 369.55617977528095 164.5898876404495 356.1404494382023 222.72471910112364 369.35955056179785 225.77528089887647 book-spine 0
262.923076923077 494.38461538461536 253.30769230769235 492.46153846153845 240.5384615384616 556.3076923076923 250.15384615384622 558.2307692307693 book-spine 0
147.11697574893014 281.7917261055635 129.05420827389446 278.3181169757489 115.13124108416551 350.71754636233953 133.1940085592012 354.19115549215405 book-spine 0
588.1176470588236 307.52941176470597 578.470588235294 305.1176470588236 563.470588235294 365.11764705882354 573.1176470588236 367.52941176470597 book-spine 0
69.79622641509442 353.0867924528302 41.47924528301892 347.77735849056603 27.181132075471737 424.033962264151 55.49811320754725 429.3433962264151 book-spine 0
609.0074183976261 132.4020771513354 595.9881305637982 128.75667655786359 580.8872403560831 182.68842729970333 593.906528189911 186.33382789317517 book-spine 0
146.04117647058823 78.53529411764706 140.18235294117648 2.370588235294118 126.72352941176472 3.405882352941177 132.58235294117648 79.57058823529412 book-spine 0
514.7900355871886 554.8718861209966 504.25622775800724 551.5800711743773 483.8825622775802 616.7758007117438 494.41637010676163 620.067615658363 book-spine 0
422.1176470588236 352.52941176470597 405.8823529411765 348.47058823529426 389.41176470588243 414.3529411764706 405.6470588235295 418.4117647058824 book-spine 0
325.4499659632404 594.635125936011 307.84411164057184 589.8767869298844 294.73315180394826 638.3873383253916 312.3390061266168 643.1456773315183 book-spine 0
527.3529411764706 290.5882352941177 516.7647058823529 287.9411764705883 501.0588235294118 350.76470588235304 511.6470588235295 353.41176470588243 book-spine 0
325.9170731707317 415.0536585365854 317.4487804878049 413.2390243902439 302.17073170731715 484.5365853658536 310.6390243902439 486.35121951219514 book-spine 0
346.63606557377045 70.79672131147547 318.87868852459013 64.26557377049184 306.09180327868853 118.6098360655738 333.84918032786885 125.14098360655743 book-spine 0
504.35294117647067 283.5882352941178 490.00000000000006 280.0000000000001 473.9411764705883 344.23529411764713 488.2941176470589 347.82352941176475 book-spine 0
2.0000000000000653 501 -66.99999999999994 501 -66.99999999999994 567 2.0000000000000693 567 book-spine 0
597.6470588235295 128.41176470588243 587.7647058823529 125.94117647058829 573.9999999999999 181.00000000000006 583.8823529411765 183.4705882352942 book-spine 0
487.4127516778523 281.6610738255034 459.4026845637584 276.71812080536915 448.23825503355704 339.98322147651015 476.248322147651 344.92617449664436 book-spine 0
444.11764705882365 272.52941176470597 430.7058823529412 269.17647058823536 415.2941176470589 330.8235294117648 428.7058823529412 334.17647058823536 book-spine 0
373.01834862385334 606.605504587156 363.01834862385317 603.6055045871559 352.5321100917431 638.5596330275229 362.5321100917432 641.559633027523 book-spine 0
347.2359550561798 338.9775280898877 335.7696629213484 336.33146067415737 321.6629213483146 397.46067415730346 333.12921348314615 400.1067415730338 book-spine 0
622.6470588235295 222.41176470588246 609.235294117647 219.05882352941182 594.3529411764705 278.5882352941177 607.764705882353 281.94117647058835 book-spine 0
481.1764705882353 364.2941176470589 465.88235294117635 360.47058823529414 448.7647058823529 428.9411764705883 464.0588235294118 432.76470588235304 book-spine 0
391.8592730661697 431.5004659832247 378.2898415657037 428.5321528424977 362.7567567567568 499.5405405405405 376.3261882572227 502.50885368126745 book-spine 0
480.0000000000001 630 461.0000000000001 630 461.0000000000001 639 480.0000000000001 639 book-spine 0
391.764705882353 168.9411764705883 382.11764705882354 166.5294117647059 367.52941176470586 224.88235294117652 377.1764705882353 227.2941176470589 book-spine 0
155.75384615384624 372.96923076923076 140.86153846153854 371.10769230769233 131.16923076923084 448.6461538461539 146.06153846153853 450.5076923076923 book-spine 0
503.8544827586207 107.15379310344832 491.1468965517241 104.06275862068969 477.7275862068966 159.23103448275867 490.4351724137931 162.3220689655173 book-spine 0
365.8461538461539 254.76923076923077 352.7692307692308 252.15384615384613 340.6538461538462 312.7307692307693 353.7307692307693 315.34615384615387 book-spine 0
412.7058823529411 175.17647058823536 391.0588235294118 169.76470588235298 376.5882352941177 227.64705882352945 398.2352941176471 233.0588235294118 book-spine 0
444.2377210216109 443.5540275049117 428.0294695481336 439.8703339882122 411.1041257367387 514.3418467583498 427.3123772102161 518.0255402750491 book-spine 0
646.0588235294118 140.76470588235304 631.2352941176471 137.05882352941185 617.5294117647059 191.88235294117652 632.3529411764706 195.58823529411774 book-spine 0
317.5842450765865 62.68271334792128 304.25820568927793 60.14442013129107 293.47483588621446 116.75711159737423 306.80087527352305 119.29540481400443 book-spine 0
289.69230769230774 500.53846153846155 276.03846153846155 497.80769230769226 262.9230769230769 563.3846153846154 276.5769230769231 566.1153846153846 book-spine 0
574.3529411764707 122.58823529411774 564.9411764705883 120.23529411764714 550.9411764705883 176.23529411764713 560.3529411764707 178.58823529411774 book-spine 0
350.41176470588243 421.3529411764706 327.3529411764706 415.5882352941177 309.05882352941177 488.7647058823529 332.1176470588236 494.52941176470586 book-spine 0
157.028522039758 81.96974935177182 154.60501296456354 -0.42955920484010246 138.82454624027656 0.034572169403630504 141.24805531547102 82.43388072601556 book-spine 0
407.2941176470589 345.82352941176475 387.2941176470588 340.82352941176475 369.88235294117646 410.4705882352942 389.8823529411766 415.4705882352942 book-spine 0
496.7607436757086 193.38494361475173 484.0039622066444 189.67387991466035 466.80920451082 248.7808594940568 479.5659859798842 252.49192319414823 book-spine 0
397.5294117647059 525.8823529411766 381.2941176470589 521.8235294117648 364.8823529411766 587.4705882352943 381.11764705882354 591.529411764706 book-spine 0
590.455737704918 215.81311475409842 578.9737704918033 213.11147540983612 564.9803278688524 272.58360655737715 576.4622950819671 275.2852459016394 book-spine 0
457.5889351576443 94.38251041047002 442.14574657941705 90.9077929803689 429.22129684711484 148.3497917906009 444.6644854253421 151.82450922070203 book-spine 0
469.47058823529414 452.11764705882365 452.2941176470589 447.82352941176487 434.17647058823536 520.294117647059 451.3529411764706 524.5882352941178 book-spine 0
457.34631028471824 184.1952353282976 444.63277164439285 180.69901220220805 428.49389889599075 239.3858221963975 441.20743753631615 242.882045322487 book-spine 0
117.32979113228293 458.57017222425793 98.9992671308172 456.8076218395016 92.94759985342623 519.7449615243678 111.27812385489196 521.5075119091242 book-spine 0
406.0390286209887 173.46400693842153 390.29748482220293 169.64787510841285 376.2471812662619 227.6053772766696 391.9887250650477 231.4215091066783 book-spine 0
581.5351724137931 212.29793103448287 567.728275862069 208.58068965517253 551.6041379310345 268.4703448275863 565.4110344827586 272.18758620689664 book-spine 0
466.8662068965518 356.92551724137945 451.9834482758621 352.9186206896553 432.30620689655177 426.00551724137944 447.1889655172414 430.0124137931036 book-spine 0
353.0188679245283 601.433962264151 340.07547169811323 597.7358490566038 328.41509433962267 638.5471698113208 341.35849056603786 642.2452830188681 book-spine 0
175.39245283018872 290.5735849056604 146.35094339622648 285.1283018867925 133.21886792452835 355.1660377358491 162.2603773584906 360.611320754717 book-spine 0
566.5882352941177 120.64705882352948 555.2941176470589 117.82352941176478 541.2941176470589 173.82352941176478 552.5882352941177 176.64705882352948 book-spine 0
609.7058823529412 220.1764705882354 597 217.00000000000006 582.1764705882352 276.2941176470589 594.8823529411766 279.47058823529426 book-spine 0
503.6470588235294 286.41176470588243 480.5882352941177 280.6470588235295 465.11764705882354 342.52941176470597 488.17647058823525 348.2941176470589 book-spine 0
207.58823529411768 216.6470588235294 189.47058823529414 212.11764705882354 174.29411764705884 272.82352941176475 192.41176470588238 277.3529411764706 book-spine 0
391.7058823529412 82.17647058823533 377.3529411764706 78.58823529411768 363.8235294117647 132.70588235294122 378.1764705882353 136.2941176470589 book-spine 0
469.4662921348315 98.6460674157304 456.1741573033708 95.57865168539334 443.2303370786517 151.66853932584277 456.52247191011236 154.73595505617985 book-spine 0
136.4615384615385 548.6923076923077 120.69230769230774 545.5384615384615 110.23076923076927 597.8461538461538 126.00000000000006 601 book-spine 0
530.1244655581947 466.80950118764855 514.9700712589073 462.33206650831363 494.77529691211396 530.6836104513064 509.9296912114014 535.1610451306414 book-spine 0
254.07877461706786 136.58643326039393 241.53391684901536 134.19693654266962 230.382932166302 192.7396061269147 242.9277899343545 195.129102844639 book-spine 0
514.3923076923077 369.5615384615385 499.58461538461535 365.5230769230769 480.176923076923 436.6846153846154 494.9846153846154 440.723076923077 book-spine 0
428.5987261146498 533.7643312101911 414.9012738853504 529.7356687898091 395.4745222929937 595.7866242038217 409.1719745222931 599.815286624204 book-spine 0
209.46979865771817 387.6711409395973 196.63422818791952 385.4060402684564 183.72818791946315 458.5402684563758 196.5637583892618 460.80536912751677 book-spine 0
378.05882352941177 78.76470588235298 362.7647058823529 74.94117647058827 349.47058823529414 128.11764705882356 364.76470588235304 131.9411764705883 book-spine 0
326.79579891236494 322.5547056265889 307.55719853544207 318.6712876813854 292.65782316968784 392.48336059554646 311.8964235466107 396.3667785407499 book-spine 0
331.3259959230879 327.3242120518763 325.34422676642464 325.9419829087833 309.3299993970096 395.2455508626503 315.3117685536728 396.62778000574326 book-spine 0
192.85339844244464 291.3709187500552 174.3557753423297 287.85814667225225 160.28204089883982 361.9678895137531 178.7796639989548 365.48066159155604 book-spine 0
456.2153713248763 274.9116586098709 443.88392205580254 271.8863701070873 428.78741619050334 333.4215909783926 441.1188654595771 336.44687948117615 book-spine 0
631.5445824279171 137.012424440272 619.0613065443639 133.77945599127918 604.8553335627302 188.63216572906924 617.3386094462834 191.86513417806208 book-spine 0
619.3886596523508 133.954917483379 607.9487532534878 130.7708650971946 592.6543214993163 185.72186667326855 604.0942278981794 188.9059190594529 book-spine 0
445.28990611230734 623.3501531608875 434.49723418695464 620.3281661306336 429.06955402576114 639.7124886671152 439.8622259511138 642.7344756973691 book-spine 0
529.465501284925 371.75474293257173 515.2417163712544 367.47268504661565 493.6540022150121 439.1809643632645 507.8777871286827 443.46302224922056 book-spine 0
361.51241445180335 75.40260071651456 344.79711318143126 71.75339489534147 333.05290107642327 125.54812534856998 349.7682023467953 129.19733116974305 book-spine 0
335.60463506539344 155.36558986431314 323.5823364542636 152.49029276920265 309.5855818647318 211.01404099271883 321.60788047586163 213.88933808782934 book-spine 0
566.5843534226686 208.38044890595262 551.5239673783549 204.6999627537703 536.7521321509224 265.14565712928515 551.8125181952362 268.82614328146747 book-spine 0
293.46208237431284 236.10728254330513 278.0200425592128 232.67371524878894 264.3308140726451 294.23930962790416 279.77285388774516 297.6728769224203 book-spine 0
383.5443599861849 255.37158459151044 367.91110531030074 251.9764274104652 354.07274644268614 315.6961837980317 369.70600111857027 319.09134097907696 book-spine 0
596.239399759013 308.22461134241064 585.150305808536 305.4597904411303 569.90539020836 366.6038237776688 580.994484158837 369.3686446789492 book-spine 0
579.319168910817 304.3193845958865 568.8294095053794 301.7820457232269 554.167412505234 362.39705564248266 564.6571719106715 364.93439451514223 book-spine 0
403.93131279003103 433.0635494754375 390.03123169123216 430.2448031823586 375.2020227686696 503.372068009552 389.1021038674685 506.1908143026309 book-spine 0
416.44194445655774 435.9434886483398 403.87230880297193 432.8966459994507 385.8789027252875 507.12777134029324 398.4485383788733 510.17461398918226 book-spine 0
486.2252421043328 546.3414627526605 471.4919886127924 542.3685490300473 454.16991179822935 606.6061757512814 468.90316528976973 610.5790894738946 book-spine 0
169.4121887294712 509.5345055875017 163.16681240110563 509.26839277885153 162.86529142544902 516.3447600286033 169.11066775381457 516.6108728372535 book-spine 0
179.2567263366115 471.4360224644582 154.45009389243722 468.5355699379226 146.42997778651446 537.1290292616186 171.23661023068874 540.0294817881542 book-spine 0
460.96092385480546 626.4667440664571 445.1244932892245 623.1754465562278 441.6462817961204 639.9112337744162 457.4827123617013 643.2025312846454 book-spine 0