256.91507017601725 306.235998575606 239.0790680972969 302.03874944687584 200.17837262345353 467.34532622018537 218.01437470217388 471.54257534891553 book-spine 0
615.594053518335 250.588899900892 609.8521308225967 46.75064420218038 552.2077304261646 48.37443012884044 557.949653121903 252.21268582755204 book-spine 0
472.30922693266837 86.81546134663347 435.501246882793 84.9750623441397 427.6234413965086 242.53117206982546 464.431421446384 244.37157107231926 book-spine 0
248.83629973925866 517.6189774401996 218.70887654460944 507.463666250992 177.77134111778705 628.9116880172317 207.89876431243627 639.0669992064393 book-spine 0
58.141176470588306 502.164705882353 51.02941176470595 501.61764705882365 41.86470588235301 620.7588235294118 48.97647058823537 621.3058823529411 book-spine 0
398.94135567402896 334.1249047981722 376.419268849962 327.23038842345784 332.8244478293984 469.64013709063227 355.3465346534654 476.5346534653466 book-spine 0
492.63104045332915 535.5916889658431 476.47520856288367 528.5096804659217 428.5180229812687 637.9120100739808 444.6738548717142 644.9940185739022 book-spine 0
642.1030383091149 389.9643328929988 629.34214002642 383.76618229854694 575.838177014531 493.92140026420077 588.5990752972259 500.1195508586527 book-spine 0
629.4878892733565 547.4602076124568 612.1522491349482 538.2145328719724 559.1972318339101 637.5051903114188 576.5328719723184 646.750865051903 book-spine 0
126.93979470983024 25.854915120410602 56.52842479273591 20.896367943150423 42.223253059613114 224.02980655349387 112.63462297670745 228.98835373075403 book-spine 0
398.7123287671233 527.7671232876712 378.54794520547955 520.2054794520548 334 639.0000000000001 354.16438356164383 646.5616438356166 book-spine 0
646.2209631728047 323.28045325779044 594.0651558073656 298.7365439093485 508.6487252124647 480.2464589235129 560.8045325779037 504.7903682719549 book-spine 0
239.57647058823534 307.9058823529412 217.76470588235298 303.0588235294118 181.1058823529412 468.0235294117647 202.91764705882355 472.8705882352941 book-spine 0
210.34117647058827 514.9647058823529 184.82352941176475 509.2941176470588 158.42352941176478 628.0941176470589 183.9411764705883 633.7647058823529 book-spine 0
495.1670401303728 118.43573029130178 469.3287838663679 117.32837645141585 463.86473823589324 244.8227744958241 489.70299449989824 245.93012833571004 book-spine 0
29.00000000000004 317 3.8943768212885834e-14 317 4.800615452657624e-14 465 29.00000000000005 465 book-spine 0
217.8146341463415 308.53170731707314 187.62926829268295 302.06341463414634 152.62439024390244 465.419512195122 182.80975609756098 471.8878048780488 book-spine 0
51.304615384615474 501.5169230769231 27.766153846153916 500.20923076923077 21.123076923076965 619.7846153846153 44.66153846153852 621.0923076923077 book-spine 0
95.03278688524591 91.6393442622951 73.66393442622953 89.69672131147541 61.40163934426232 224.58196721311475 82.7704918032787 226.52459016393442 book-spine 0
413.4 337.79999999999995 395.1 331.70000000000005 348.5000000000001 471.5 366.8 477.6 book-spine 0
315.7982836454655 317.58816430518937 286.3548473606579 307.84280159120374 233.59670138112904 467.23975327403565 263.04013766593664 476.9851159880213 book-spine 0
327.88656624654163 80.7328619735629 298.88718106363353 79.71533968644331 293.3987088841069 236.13679680295115 322.39809406701505 237.15431909007071 book-spine 0
462.264817150063 324.85624211853735 437.8524590163936 317.62295081967227 389.5397225725095 480.67843631778067 413.95208070617906 487.91172761664575 book-spine 0
110.25656621509543 90.3972905722975 95.36922864252146 89.87185512855959 90.53746198507051 226.77191042300248 105.42479955764448 227.2973458667404 book-spine 0
541 584 523.4 575.2 491.6 638.8 509.20000000000005 647.6 book-spine 0
181.563321799308 55.59377162629761 154.8186851211073 54.8899653979239 150.2276816608997 229.34809688581316 176.97231833910038 230.05190311418687 book-spine 0
109.2730299667037 86.80910099889013 73.37957824639291 85.6126526082131 68.6958934517203 226.12319644839067 104.58934517203107 227.31964483906773 book-spine 0
563.0546946216955 544.6508659981769 530.2215132178669 526.5360072926162 470.93254329990884 633.9972652689153 503.7657247037374 652.1121239744759 book-spine 0
346.2350763535401 524.443776029616 322.494215640907 516.3503007866728 281.8533086534012 635.5636279500231 305.5941693660343 643.6571031929661 book-spine 0
93 18.00000000000001 43.00000000000001 18.000000000000007 43.00000000000003 225 93 225 book-spine 0
631.4827586206897 456.2068965517241 610.9586206896552 454.49655172413793 607.4206896551724 496.95172413793114 627.9448275862069 498.6620689655173 book-spine 0
317.770538243626 523.6373937677054 294.8243626062323 515.3767705382437 251.69830028328613 635.1713881019831 274.64447592067984 643.4320113314448 book-spine 0
602.6005853658537 562.181268292683 585.7473170731706 553.0858536585365 539.9717073170731 637.9053658536585 556.8249756097562 647.000780487805 book-spine 0
474.45500264690327 532.3941238750663 456.24457384859727 525.0460561143464 410.36633139227104 638.744309158285 428.57676019057703 646.0923769190049 book-spine 0
87.67478510028661 504.2707736389685 55.941811769892084 501.9325545514657 47.12893982808028 621.5358166189111 78.8619131584748 623.8740357064139 book-spine 0
233 57.00000000000003 202 57.00000000000003 202.00000000000003 233 233.00000000000006 233.00000000000006 book-spine 0
204.0817126269957 57.217851959361425 178.73599419448482 56.9124818577649 176.6391872278665 230.94746008708273 201.98490566037742 231.25283018867924 book-spine 0
284.3912691996767 312.6329830234439 257.81244947453524 305.5974130962005 214.6822958771221 468.53354890865 241.2611156022636 475.5691188358934 book-spine 0
155.1939270621381 57.69541399280015 125.1177805603381 56.89693222726562 120.55744247926123 228.66966661449368 150.6335889810612 229.4681483800282 book-spine 0
639 173.00000000000006 636 173.00000000000006 636 253.00000000000006 639 253.00000000000006 book-spine 0
356.53126266036463 48.437137069547646 328.04267386900744 47.443349088453786 321.40094530722484 237.83956785955436 349.8895340985821 238.83335584064824 book-spine 0
180.9338245144006 280.4121902210315 148.36188881446762 275.8359678499665 121.15619557937046 469.4764902880107 153.72813127930345 474.0527126590757 book-spine 0
13.126660059464898 499.00356788899904 2.34648166501494 498.69990089197233 -1.0132804757184637 617.9714568880079 9.766897918731495 618.2751238850346 book-spine 0
565.6 337.80000000000007 548.8 329.40000000000003 470.79999999999995 485.4000000000001 487.6 493.80000000000007 book-spine 0
547.1413131586057 334.7395298567955 528.2234531207781 325.79654147527697 454.57200756552277 481.59767630370163 473.4898676033504 490.5406646852202 book-spine 0
4.00000000000006 499 6.110987527745293e-14 499 6.704941225331758e-14 596 4.000000000000067 596 book-spine 0
436.3781125115278 55.223793421457174 401.42114970796183 53.99723332308642 394.8635106055948 240.88994774054723 429.82047340916074 242.11650783891795 book-spine 0
126.06402266288956 97.31104815864026 107.76487252124652 96.87535410764877 104.64532577903685 227.89631728045327 122.9444759206799 228.3320113314448 book-spine 0
398.9792027729636 64.49913344887354 372.19237435008665 63.38301559792032 364.8197573656846 240.32582322357024 391.6065857885615 241.4419410745234 book-spine 0
146.92139737991272 293.58951965065506 110.69868995633195 288.75982532751095 87.54585152838433 462.406113537118 123.7685589519651 467.23580786026207 book-spine 0
589.2 545.6000000000001 563.2 532.6 510.6 637.8 536.6 650.8000000000002 book-spine 0
271.2502410800386 520.4826422372228 250.3722275795564 513.1996142719383 209.37174541947925 630.7343297974928 230.24975891996147 638.0173577627774 book-spine 0
290.4000000000001 521.8000000000001 269.4000000000001 514.8000000000001 230.20000000000005 632.4000000000001 251.2000000000001 639.4000000000001 book-spine 0
111.4619289340102 286.46700507614213 78.88676298320974 282.3377586880125 56.17415072237412 461.51503319016007 88.74931667317458 465.6442795782897 book-spine 0
77.42682926829272 285.1585365853659 33.08536585365859 280.2317073170732 13.256097560975675 458.6951219512195 57.59756097560981 463.6219512195122 book-spine 0
27.42680412371142 500.61030927835054 13.092783505154713 499.95876288659804 7.686597938144391 618.8948453608248 22.0206185567011 619.5463917525774 book-spine 0
534.0797176470589 82.19727058823536 491.29957647058814 80.53590588235298 484.89656470588227 245.41345882352948 527.676705882353 247.07482352941184 book-spine 0
376.145945945946 335.27567567567576 361.3891891891892 330.7351351351352 318.5567567567567 469.94054054054055 333.3135135135135 474.48108108108113 book-spine 0
332.2096641131409 522.9990571596936 320.3612256923984 518.4525633470831 275.27354154390105 635.9538008249854 287.1219799646435 640.5002946375959 book-spine 0
599.2895834782004 337.7882970586191 586.0949864404422 330.6153953132606 500.9804950976984 487.1840275363327 514.1750921354566 494.35692928169124 book-spine 0
489.6301369863014 318.9863013698631 474.17808219178085 313.19178082191786 410.8493150684932 482.06849315068496 426.30136986301375 487.8630136986302 book-spine 0
443.4519572953738 307.9537366548044 419.252669039146 300.3914590747332 363.41637010676163 479.067615658363 387.6156583629894 486.6298932384342 book-spine 0
357.53075995174913 523.5669481302774 346.1966224366708 519.3691194209891 302.26417370325703 637.9867310012063 313.5983112183353 642.1845597104946 book-spine 0
322.47511312217193 325.9773755656108 306.3158371040724 321.43257918552035 264.07692307692304 471.61538461538464 280.2361990950226 476.1601809954751 book-spine 0
304.9464885788422 50.21872474371523 259.8124973414437 47.26879067591139 247.5912203836828 234.2543281296525 292.7252116210813 237.20426219745633 book-spine 0
654.0741979213738 350.3563488477182 637.486760054225 341.16113872571185 555.7346588341617 488.63551739719844 572.3220967013104 497.8307275192048 book-spine 0
509.99716713881025 536.8810198300284 495.26062322946194 529.9461756373938 444.4957507082154 637.8215297450427 459.23229461756375 644.7563739376772 book-spine 0
135.80014347202302 507.95423242467723 116.7827833572454 505.8921090387375 103.90387374461986 624.6642754662842 122.92123385939749 626.7263988522238 book-spine 0
60.671232876712395 15.876712328767136 25.71917808219184 14.582191780821919 17.98904109589043 223.29589041095892 52.941095890410985 224.59041095890413 book-spine 0
58.141176470588306 502.164705882353 51.02941176470595 501.61764705882365 41.870588235294186 620.6823529411764 48.98235294117655 621.2294117647058 book-spine 0
364.27285291214224 320.87838104639695 327.2051332675222 309.4309970384996 277.56801579466935 470.1607107601185 314.6357354392893 481.6080947680159 book-spine 0
452.63013698630147 531.9863013698631 414.8219178082192 517.8082191780823 371.17808219178085 634.191780821918 408.9863013698631 648.3698630136987 book-spine 0
377 78.00000000000004 344 78.00000000000003 344 240.00000000000006 377 240.00000000000006 book-spine 0
115.3510265398098 506.3770655983976 86.56409614421639 504.0923885828743 77.07235853780676 623.6882824236353 105.85928893340018 625.9729594391587 book-spine 0
554.4628190899002 112.11542730299672 532.387347391787 111.37957824639295 527.84461709212 247.66148723640407 549.9200887902332 248.39733629300784 book-spine 0
529.9230769230769 317.3846153846155 495.46673596673605 304.3149688149689 428.07172557172566 481.9927234927236 462.5280665280666 495.0623700623702 book-spine 0
377.3979000724113 526.8685734974656 357.3330919623461 519.0883417813179 311.2501810282404 637.9337436640116 331.3149891383056 645.7139753801594 book-spine 0
258.5994056463596 67.23447251114416 230.59049034175337 66.75156017830611 227.69717682020803 234.5637444279347 255.7060921248143 235.0466567607727 book-spine 0
183.00000000000006 512 136.56069364161857 504.85549132947983 118.08670520231219 624.9364161849711 164.5260115606937 632.0809248554914 book-spine 0
652.2769230769231 417.01538461538473 632.1384615384616 405.5076923076924 583.8307692307693 490.04615384615397 603.9692307692309 501.55384615384634 book-spine 0
583.439661256175 336.89343683839104 569.591743119266 329.52752293577987 486.334862385321 486.0504587155964 500.18278052223 493.41637261820756 book-spine 0
522.3643564356436 537.9564356435644 509.41485148514846 532.1514851485149 461.5980198019801 638.819801980198 474.5475247524752 644.6247524752475 book-spine 0