182.2307692307693 534.1538461538462 152.5692307692308 530.4461538461538 141.67692307692312 617.5846153846154 171.33846153846162 621.2923076923078 book-spine 0
369.2854387656703 556.4484088717454 353.3625843780135 550.893924783028 323.4276759884282 636.7073288331726 339.3505303760849 642.2618129218902 book-spine 0
188.68460710441337 182.1872981700754 167.69375672766418 180.72282023681382 158.1189451022605 317.9617868675996 179.10979547900973 319.42626480086113 book-spine 0
542.4950495049504 51.04950495049511 515.5643564356435 48.35643564356442 504.2079207920791 161.92079207920798 531.1386138613861 164.6138613861387 book-spine 0
604.4668435013265 231.32095490716193 590.3692307692307 229.35384615384623 571.3538461538461 365.6307692307694 585.4514588859419 367.597877984085 book-spine 0
69.89651474530835 166.3624664879357 47.393565683646145 164.26916890080435 34.471313672922285 303.1833780160858 56.974262734584485 305.27667560321714 book-spine 0
407.55463917525776 209.60206185567017 386.17422680412375 207.5329896907217 373.1443298969072 342.1752577319588 394.5247422680412 344.2443298969073 book-spine 0
639 69.00000000000009 626 69.00000000000009 626 179.00000000000006 639 179.00000000000006 book-spine 0
525.4337078651685 394.94606741573034 497.9213483146067 392.32584269662925 486.1595505617977 515.8247191011235 513.6719101123595 518.4449438202247 book-spine 0
643.2574257425744 303.4257425742575 635.7326732673267 302.6732673267328 628.960396039604 370.3960396039605 636.4851485148516 371.1485148514853 book-spine 0
431.31750266808973 213.2694770544291 408.5096051227322 210.6173959445038 392.8559231590182 345.239060832444 415.66382070437567 347.8911419423693 book-spine 0
605.3200000000002 578.7600000000001 576.76 574.6800000000001 567.5799999999999 638.94 596.1400000000001 643.0200000000001 book-spine 0
628.1609079445144 240.0930643127365 603.7674653215636 235.76519546027748 580.7132408575031 365.7071878940732 605.106683480454 370.0350567465323 book-spine 0
320.50253807106606 546.9644670050764 274.66497461928935 543.6903553299494 268.0456852791878 636.3604060913706 313.8832487309645 639.6345177664975 book-spine 0
100.08324324324327 167.42054054054057 78.25783783783785 166.912972972973 74.98 307.85999999999996 96.80540540540542 308.36756756756756 book-spine 0
245.65557213359352 188.37897394697578 215.95064845632965 185.82371169516813 204.16963158498794 322.778032824515 233.87455526225185 325.33329507632266 book-spine 0
199.41176470588238 358.35294117647067 180.58823529411768 353.6470588235295 149.11764705882356 479.52941176470586 167.9411764705883 484.2352941176471 book-spine 0
217.49438644869025 183.816427023833 188.6161118770928 181.37600945440224 176.91156194603113 319.8798503052984 205.78983651762854 322.3202678747292 book-spine 0
437.6344827586207 385.3862068965518 411.896551724138 383.2413793103449 401.56551724137944 507.2137931034483 427.30344827586214 509.3586206896552 book-spine 0
586.0731707317074 403.3414634146343 554.9024390243903 399.8780487804879 541.1585365853659 523.5731707317074 572.329268292683 527.0365853658537 book-spine 0
551.4268292682927 572.1585365853659 541.109756097561 571.0121951219513 533.5853658536586 638.7317073170732 543.9024390243903 639.8780487804879 book-spine 0
409.39475713184277 27.788743253662346 379.5844255975328 26.9606784888204 376.2690824980724 146.31303006939095 406.07941403238243 147.1410948342329 book-spine 0
224.4061135371179 120.54585152838428 207.5065502183406 -6.20087336244541 158.5764192139738 0.3231441048034931 175.4759825327511 127.06986899563317 book-spine 0
554.0365853658539 399.67073170731715 523.6341463414636 396.29268292682934 509.65853658536605 522.0731707317075 540.0609756097563 525.4512195121953 book-spine 0
309.50000000000006 198.50000000000006 298.3352941176471 197.64117647058828 287.9588235294118 332.53529411764714 299.12352941176476 333.39411764705886 book-spine 0
273.8902439024391 195.98780487804885 246.5609756097561 192.95121951219517 231.8048780487805 325.7560975609756 259.1341463414635 328.79268292682934 book-spine 0
510.9561643835617 567.4164383561645 483.62739726027417 564.5397260273974 475.79178082191794 638.9780821917808 503.12054794520566 641.854794520548 book-spine 0
337.65267993874426 200.44931087289433 305.6698315467075 198.2049004594181 296.14701378254205 333.9050535987749 328.1298621745788 336.1494640122512 book-spine 0
164.34615384615384 111.73076923076923 140.88461538461542 -5.576923076923073 112.80769230769232 0.03846153846153655 136.26923076923075 117.34615384615384 book-spine 0
617.0457853244392 405.198605215282 584.7089144936324 401.22741055184963 569.543662825955 524.7158884172227 601.8805336567618 528.687083080655 book-spine 0
609.8613861386139 64.38613861386148 573.3267326732674 60.73267326732682 562.3960396039605 170.0396039603961 598.9306930693069 173.6930693069308 book-spine 0
394.7163538873996 378.29919571045593 364.83538873994644 375.5195710455765 353.0155495978553 502.58284182305647 382.8965147453084 505.36246648793576 book-spine 0
83.00826952526802 170.6321592649311 66.07411944869834 169.443797856049 56.57335375191427 304.829709035222 73.50750382848395 306.01807044410407 book-spine 0
263.63238512035025 365.929978118162 232.06345733041582 359.91684901531744 208.2122538293217 485.1356673960613 239.78118161925613 491.148796498906 book-spine 0
310.2399999999999 132.68000000000006 290.5199999999999 -5.359999999999992 252.29999999999993 0.10000000000000853 272.0199999999999 138.14000000000004 book-spine 0
164.23076923076923 365.1538461538462 126.84615384615387 340.2307692307693 46.384615384615415 460.9230769230769 83.76923076923077 485.8461538461538 book-spine 0
361.7176470588236 202.6705882352942 337.7058823529413 200.82352941176478 327.20588235294133 337.32352941176475 351.2176470588236 339.1705882352942 book-spine 0
278.75675675675683 365.45945945945954 261.08108108108115 362.5135135135136 239.86486486486496 489.81081081081084 257.54054054054063 492.7567567567569 book-spine 0
546.9459459459462 573.3243243243244 511.27027027027043 567.3783783783784 499.4324324324326 638.4054054054055 535.1081081081084 644.3513513513515 book-spine 0
241.44447592067996 539.9679886685553 180.62266288951844 532.7518413597734 170.0691218130312 621.7031161473088 230.8909348441927 628.9192634560907 book-spine 0
484.544827586207 565.4620689655173 469.23448275862074 564.1862068965518 463.0068965517242 638.9172413793103 478.3172413793105 640.1931034482759 book-spine 0
386.19678284182316 207.13458445040226 361.61876675603224 204.84825737265425 349.0075067024129 340.41930294906183 373.58552278820383 342.7056300268098 book-spine 0
555.1635979474796 230.58436462420775 530.457289465741 227.11681255659528 512.0039239360096 358.59704195593116 536.7102324177482 362.06459402354363 book-spine 0
530.609756097561 225.5121951219513 506.3536585365854 222.81707317073176 491.4756097560976 356.71951219512204 515.7317073170732 359.41463414634154 book-spine 0
514.3751143641354 45.81061299176584 485.4208600182982 44.05580969807873 478.44739249771266 159.11802378774024 507.40164684354977 160.87282708142735 book-spine 0
169.83669012375643 175.6903664159185 150.1443824314487 174.15190487745696 139.17617083232224 314.5450133462752 158.86847852462998 316.08347488473675 book-spine 0
430.45764316138195 35.25319451017516 407.6630383341221 34.902508282063465 405.89659252247986 149.72148603880746 428.6911973497397 150.07217226691915 book-spine 0
482.1670224119531 220.7636072572039 460.5293489861259 218.247598719317 445.03575240128066 351.4925293489863 466.6734258271078 354.0085378868731 book-spine 0
270.96341463414643 543.329268292683 239.68292682926835 539.8536585365854 229.6341463414635 630.2926829268293 260.91463414634154 633.7682926829269 book-spine 0
567.5000000000001 573.5000000000002 551.12 571.1600000000002 541.46 638.7800000000002 557.8400000000001 641.1200000000001 book-spine 0
485.6608598369826 43.19801821959412 457.2147994246444 41.757711363273195 451.43247562729744 155.95860636087588 479.8785360396356 157.3989132171968 book-spine 0
265.44494382022475 126.67191011235957 252.99101123595509 -4.094382022471912 209.3393258426966 0.06292134831461027 221.7932584269663 130.82921348314608 book-spine 0
296.7864864864866 369.018918918919 277.0162162162163 365.8972972972973 256.9324324324325 493.0945945945947 276.70270270270277 496.21621621621625 book-spine 0
325.5621259276993 369.8915489585828 295.9446971510654 365.7265980368686 277.8822121139574 494.1709360785253 307.4996408905913 498.33588700023944 book-spine 0
150.46882793017463 172.62344139650872 124.18453865336662 171.3092269326683 117.11221945137157 312.7556109725686 143.39650872817958 314.069825436409 book-spine 0
123.59180611656089 173.24050778995962 100.83819965377958 172.26185804962495 94.90998268897867 310.0929024812464 117.66358915175996 311.0715522215811 book-spine 0
573.462198391421 55.53136729222528 541.5983914209116 52.56729222520114 531.119034852547 165.22037533512074 562.9828418230563 168.18445040214488 book-spine 0
637.657076804521 65.7516054456718 609.9458001541228 62.62291292062683 597.3591060878499 174.10506036475732 625.0703827382481 177.2337528898023 book-spine 0
577.0864511442063 575.3577915001817 565.2433708681439 573.7635306937887 556.4711224119143 638.9288049400656 568.3142026879767 640.5230657464585 book-spine 0
413.7677293428758 380.5146389069615 394.5595315549774 378.544567338972 381.5471698113208 505.4150943396228 400.7553675992193 507.3851659076123 book-spine 0
412.0153846153847 557.876923076923 381.86153846153854 554.1076923076923 371.29230769230776 638.6615384615385 401.44615384615395 642.4307692307693 book-spine 0
590.961666163598 234.39812858436466 570.332930878358 231.5028674916994 551.9182010262601 362.7078176878962 572.5469363115002 365.6030787805614 book-spine 0
125.9206255532606 528.3207435821777 95.37179108881682 525.6872233697256 88.05694895249343 610.539392151077 118.60578341693721 613.172912363529 book-spine 0
460.5351468739285 215.4231340724655 429.6556177848897 212.10275460052586 415.13395816664763 347.15418905017714 446.01348725568636 350.4745685221168 book-spine 0
379.6904615384616 0.643692307692354 333.1609230769231 -0.17261538461534442 330.6627692307693 142.2221538461539 377.19230769230774 143.03846153846158 book-spine 0
647.8 241.4000000000001 623.16 237.88000000000005 604.36 369.4800000000001 629.0000000000001 373.0000000000001 book-spine 0
469.0948453608248 386.68659793814436 438.2865979381443 383.70515463917525 426.03298969072165 510.32577319587637 456.84123711340214 513.3072164948454 book-spine 0
449.18402603905866 560.6812719078619 424.15122684026045 558.6945418127191 417.77916875312974 638.9824737105658 442.81196795192795 640.9692038057085 book-spine 0
216.69411764705893 359.3764705882353 197.10588235294125 355.02352941176474 168.98823529411771 481.55294117647065 188.5764705882354 485.90588235294126 book-spine 0
335.6899628252788 130.9769516728624 309.52193308550187 -3.60148698884759 282.4617100371747 1.6602230483271327 308.6297397769517 136.23866171003715 book-spine 0
365.170305676856 377.22270742358086 326.98253275109164 372.1310043668123 310.1965065502183 498.02620087336254 348.3842794759826 503.1179039301311 book-spine 0
177.2 115.4 160.3 -2.8999999999999986 139.57999999999998 0.060000000000002274 156.47999999999996 118.36000000000001 book-spine 0
425.9702970297031 558.2970297029703 409.63366336633675 556.6633663366338 401.41584158415856 638.8415841584158 417.7524752475249 640.4752475247526 book-spine 0
497.5101123595506 392.14382022471915 469.24269662921347 389.45168539325846 457.51685393258424 512.5730337078652 485.7842696629214 515.2651685393259 book-spine 0
457.1472684085511 33.72921615201906 431.17814726840857 32.83372921615207 427.06175771971505 152.20902612826606 453.0308788598575 153.10451306413304 book-spine 0
507.12923851966684 222.44971904669643 480.9349932183686 219.59688044952537 466.35962022863794 353.42530517341606 492.55386552993616 356.2781437705872 book-spine 0
362.1268980477224 553.5911062906725 327.1193058568331 542.7266811279827 298.80151843817794 633.9728850325382 333.8091106290673 644.8373101952279 book-spine 0
300.7857224836451 195.6159761276254 272.10547457821644 193.1488580282337 260.34098473545276 329.91105245036147 289.0212326408814 332.3781705497532 book-spine 0
336.65846153846155 137.85230769230768 328.9507692307693 -0.8861538461538494 306.3538461538461 0.36923076923077147 314.0615384615384 139.1076923076923 book-spine 0
154.81538461538472 531.4769230769232 125.40000000000009 527.8000000000001 114.61538461538468 614.0769230769232 144.0307692307693 617.7538461538462 book-spine 0
630.42 407.06000000000006 616.56 405.08000000000004 599.1399999999999 527.0200000000001 613 529.0000000000001 book-spine 0
572.7600000000001 228.68000000000006 555.4 226.20000000000005 536.0799999999999 361.44000000000005 553.44 363.9200000000001 book-spine 0
471.2555230236892 563.402182592494 448.9305296779345 561.2062816076657 441.2856002129359 638.9297311684855 463.6105935586904 641.125632153314 book-spine 0
235.42829076620833 362.9155206286838 209.79764243614935 357.090373280943 181.23182711198427 482.77996070726914 206.86247544204326 488.60510805500985 book-spine 0
205.69222246842455 381.23886549966767 168.00265898515403 342.74739641037013 66.6527808553069 441.98581874584545 104.34234433857742 480.477287835143 book-spine 0