193.62068965517255 547.5517241379312 176.6366047745359 543.976127320955 156.73209549071626 638.5225464190981 173.71618037135292 642.0981432360743 book-spine 0
587.2782664321126 12.142971373740693 545.96449704142 2.485207100591765 496.41196225811603 214.45993922917006 537.7257316488085 224.117703502319 book-spine 0
420.7366871822318 496.4709660155205 401.3805191329945 491.2218356970833 365.2317366871823 624.5204709660155 384.58790473641966 629.7696012844527 book-spine 0
112.5217036331474 519.2311879167233 69.53286161382502 378.227786093346 62.246700231323985 380.44917675874274 105.23554225064636 521.45257858212 book-spine 0
319.21600714073196 519.5935733412675 295.6730139839334 513.2874144599822 262.2008330853913 638.2502231478727 285.7438262421898 644.556382029158 book-spine 0
323 121.00000000000003 307 121.00000000000003 307 270 323 270 book-spine 0
506.98032141685803 283.34732699245654 489.9463758609379 280.4714660544441 463.8078058379795 435.29222695965893 480.84175139389964 438.1680878976714 book-spine 0
600.6014440433213 44.486642599278056 579.7043321299637 39.15992779783399 536.095667870036 210.24007220216612 556.9927797833935 215.56678700361016 book-spine 0
489.32702702702704 58.26216216216221 467.91351351351346 54.88108108108112 439.5351351351351 234.61081081081085 460.9486486486487 237.99189189189192 book-spine 0
117.75474602360185 319.545407901488 76.7696254489482 143.3093894304772 40.71934325295024 151.69317598768603 81.7044638276039 327.9291944586969 book-spine 0
521.0276843467012 281.77593790426914 506.5234152652006 278.9226390685641 475.70840879689524 435.56558861578264 490.2126778783959 438.41888745148776 book-spine 0
618.7368645877829 103.74028193079883 592.7009824861169 95.25032037590775 557.9786416061511 201.73216574113633 584.014523707817 210.2221272960274 book-spine 0
510.47255619445906 52.46001045478313 487.09566126502875 48.11082070047051 453.12179822268683 230.72033455305808 476.4986931521172 235.0695243073707 book-spine 0
490.5443579766537 479.4097276264592 472.85097276264594 474.7155642023347 439.1066147859922 601.9058365758755 456.79999999999995 606.6 book-spine 0
643.7647058823532 250.94117647058835 618.8235294117648 244.70588235294122 576.9411764705883 412.2352941176471 601.8823529411767 418.47058823529426 book-spine 0
225.16478236291698 495.91605426794797 223.97727529677786 337.97761447145274 194.85862068965514 338.19655172413786 196.04612775579423 496.1349915206331 book-spine 0
212.43463761671853 296.8094708759449 192.65749221876393 123.4686082703424 173.21262783459318 125.68714984437531 192.9897732325478 299.0280124499778 book-spine 0
400.89284270117275 500.24181156490096 379.833400727861 494.538212697129 343.10958350181977 630.133845531743 364.16902547513143 635.8374443995149 book-spine 0
412.7115238308347 75.74857910046998 379.6374580443052 73.084895949877 365.31693891250836 250.8980085030209 398.3910046990378 253.56169165361388 book-spine 0
87.09999999999997 527.3 39.89999999999999 385.70000000000005 26.09999999999998 390.3 73.29999999999995 531.9 book-spine 0
147.00648607401752 311.93857306371615 103.19114841663489 112.77794734834035 71.35215566577642 119.7825257535292 115.16749332315908 318.943151468905 book-spine 0
139.92253032928943 516.1592720970538 94.95268630849219 359.83552859618715 64.84176776429808 368.49757365684576 109.81161178509532 524.8213171577123 book-spine 0
300.4541257934219 339.1915753029429 278.5376803231391 338.24893248701676 272.7553375649164 472.68840161569534 294.67178303519916 473.6310444316215 book-spine 0
618.4 449.80000000000007 587.5 439.5000000000001 540.4 580.8000000000001 571.3 591.1000000000001 book-spine 0
426.7013735046522 287.2015950376607 398.96034559149325 285.1313690739921 386.29641116526375 454.8280903854676 414.0374390784228 456.89831634913617 book-spine 0
257.2676923076923 286.8184615384615 247.63076923076923 113.35384615384613 221.6 114.79999999999998 231.2369230769231 288.26461538461535 book-spine 0
82.57397186371749 327.37971531725947 39.27895588662491 145.78117608001 5.528447524588145 153.82765489480022 48.82346350168072 335.42619413204966 book-spine 0
596.1777708786093 275.998385594536 578.3688916485564 272.12064576218575 545.7375349270413 421.9831729276623 563.5464141570942 425.8609127600125 book-spine 0
334.8281033046377 318.14773673979454 322.9202999166899 317.52568730908087 314.8647597889476 471.73174118300483 326.7725631768954 472.35379061371845 book-spine 0
130.9653235180164 561.7692754746222 108.5319643549013 558.2936846183649 96.05094924447896 638.8529639674545 118.48430840759404 642.3285548237118 book-spine 0
195.53580901856765 300.0450928381963 160.56498673740055 133.9336870026525 115.86206896551727 143.34482758620686 150.83289124668437 309.45623342175065 book-spine 0
656.7 298.9000000000001 632.1 290.70000000000005 594.3000000000001 404.10000000000014 618.9000000000001 412.3000000000001 book-spine 0
258.18489691148466 532.3241699097458 240.06036267284927 527.3655709199305 210.17910077005882 636.5867351163369 228.30363500869424 641.5453341061522 book-spine 0
429.5416098226467 58.188267394270184 411.2714870395635 56.83492496589365 397.1950886766712 246.86630286493866 415.4652114597544 248.2196452933152 book-spine 0
624.6470588235294 255.41176470588243 602.0588235294117 249.76470588235298 559.8823529411765 418.47058823529426 582.4705882352941 424.11764705882365 book-spine 0
653.677831912302 252.96041412911092 621.1619975639464 243.78928136419006 576.1102314250913 403.51827040194894 608.626065773447 412.68940316686974 book-spine 0
665 354.0000000000001 633 354.0000000000001 633 396.0000000000001 665 396.0000000000001 book-spine 0
452.35067068163164 489.56830002737485 425.4226663016699 481.6756090884205 385.06104571585007 619.3799616753354 411.98905009581165 627.2726526142897 book-spine 0
477.6692307692309 484.54615384615386 452.96153846153845 477.8076923076923 415.94615384615383 613.5307692307692 440.6538461538463 620.2692307692308 book-spine 0
157.29467889908264 556.0444036697248 131.5236697247707 552.1611009174312 118.47302752293585 638.7699082568807 144.2440366972478 642.6532110091744 book-spine 0
244.80636604774548 535.1697612732096 222.83289124668443 530.5437665782495 200.08488063660485 638.5968169761275 222.0583554376659 643.2228116710876 book-spine 0
65.70000000000003 532.1 19.200000000000003 392.59999999999997 7.199999999999974 396.59999999999997 53.7 536.1 book-spine 0
269.89897744001917 311.0739664982294 227.51502009310474 307.58667886842 212.26912823777502 492.88290295627263 254.65308558468948 496.370190586082 book-spine 0
579.9498269896194 458.59342560553637 567.2162629757786 454.71799307958474 527.2993079584776 585.8737024221454 540.0328719723184 589.749134948097 book-spine 0
279.3855310297008 339.0728071189184 258.3307523402289 338.6200161793599 255.35791055125395 476.85715936669374 276.41268924072585 477.30995030625223 book-spine 0
561.3338216827125 271.86082042695693 532.9941398074508 264.6701548765174 491.287568020092 429.0431142737548 519.6272498953538 436.23377982419424 book-spine 0
55.438202247190986 534.8988764044942 31 429 17.561797752809 432.10112359550567 41.999999999999986 537.9999999999999 book-spine 0
380.26938541068364 61.106260769672645 356.02211372774275 60.69529006318212 352.67892016082715 257.9437105112005 376.9261918437679 258.354681217691 book-spine 0
108.99515098082435 521.032841084417 62.283226801851455 378.67269120564254 39.6850341635442 386.087723165087 86.3969583425171 528.4478730438616 book-spine 0
180.69288527172486 503.8741401942766 145.1318981359937 359.47498030979256 126.40918876345498 364.0857967970596 161.97017589918613 508.4849566815436 book-spine 0
164.18759805752705 509.6210683601046 125.06088905491222 358.51101979828167 96.67807246918193 365.86014194994397 135.8047814717968 516.9701905117669 book-spine 0
492.01310043668127 53.401746724890884 473.6069868995634 50.947598253275174 449.13537117903945 234.4847161572053 467.54148471615724 236.93886462882102 book-spine 0
651.0618556701031 491.63917525773206 636.1855670103093 485.91752577319596 606.3144329896907 563.5824742268043 621.1907216494845 569.3041237113404 book-spine 0
271.7231467473526 529.6535552193646 254.51437216338888 525.5234493192133 227.31921331316192 638.836611195159 244.52798789712568 642.9667170953103 book-spine 0
271.69896907216497 283.3773195876289 264.48865979381446 124.75051546391754 247.84123711340203 125.50721649484538 255.05154639175257 284.1340206185567 book-spine 0
379.4809509295947 505.72173117951866 356.6327339225847 499.0749771411157 318.89302042060353 628.8052423041756 341.74123742761356 635.4519963425786 book-spine 0
617.3604060913706 142.95431472081225 594.0507614213199 141.2893401015229 589.9543147208122 198.63959390862954 613.263959390863 200.30456852791883 book-spine 0
75.86181042365139 529.0066443157575 27.317951843950055 389.15409935995126 15.937092349893362 393.1044803413595 64.4809509295947 532.9570252971656 book-spine 0
107.47161241483735 568.2043906131719 68.74640423921277 562.8258894776684 58.37168811506439 637.5238455715368 97.09689629068896 642.9023467070402 book-spine 0
497.8621621621622 53.87297297297303 478.7594594594595 50.85675675675682 449.8702702702702 233.82162162162166 468.972972972973 236.83783783783787 book-spine 0
6.00000000000004 313 3.833144481331216e-14 313 4.029087969194792e-14 345 6.000000000000042 345 book-spine 0
603.2352941176472 83.05882352941185 588.4117647058824 79.35294117647067 556.5294117647059 206.88235294117652 571.3529411764707 210.58823529411774 book-spine 0
639 542 628 542 628 559 639 559 book-spine 0
381.4588235294118 309.564705882353 356.62117647058835 306.9952941176471 340.46000000000004 463.2200000000001 365.2976470588236 465.78941176470596 book-spine 0
399.4541035173006 292.30197311981703 377.2679439519589 290.79782670860743 365.7575064340864 460.5767800972262 387.9436659994281 462.0809265084358 book-spine 0
235.03529411764708 293.45882352941175 221.69411764705885 120.02352941176471 192.4058823529412 122.27647058823533 205.74705882352941 295.71176470588233 book-spine 0
562.5 468.5000000000001 535.8 459.60000000000014 492.6 589.2 519.3000000000001 598.1000000000001 book-spine 0
534.7100118094738 469.9959322923502 503.4742159821545 464.5478283689805 481.0755806324629 592.9666710405459 512.3113764597822 598.4147749639155 book-spine 0
323.5461346633417 332.0773067331671 301.15211970074813 330.95760598503745 294.4089775561097 465.8204488778056 316.80299251870326 466.9401496259352 book-spine 0
543.417591556053 42.0530305453383 528.5034063649448 38.49790500559736 484.7639533024148 221.99024468255237 499.6781384935231 225.54537022229334 book-spine 0
352.28761061946904 312.6858407079647 333.9690265486726 311.46460176991155 323.4867256637169 468.69911504424783 341.80530973451323 469.920353982301 book-spine 0
195.73730862207898 301.201450443191 176.1015310233683 129.3883964544722 152.21353746978247 132.11845286059628 171.84931506849318 303.9315068493151 book-spine 0
354.67746170678345 510.7566739606128 324.259080962801 502.16017505470467 285.839387308534 638.1067833698031 316.25776805251644 646.7032822757112 book-spine 0
49.39325842696631 335.3707865168539 7.81460674157303 155.19662921348313 -34.03370786516853 164.85393258426967 7.544943820224745 345.0280898876405 book-spine 0
507.5538461538462 475.96923076923076 491.13846153846157 471.4923076923077 455.62307692307684 601.7153846153847 472.03846153846155 606.1923076923077 book-spine 0
530.8532110091743 471.1559633027523 509.7522935779816 464.82568807339453 469.95412844036696 597.4862385321101 491.0550458715596 603.8165137614678 book-spine 0
307.33070930043823 278.7087323486447 305.7285343288427 100.86731050154197 263.8940918682032 101.24419737055672 265.4962668397987 279.0856192176595 book-spine 0
491.1114404985178 284.59235283441234 473.64692358884383 281.84203521084163 449.55472200375095 434.8275152761813 467.01923891342494 437.577832899752 book-spine 0
349 111.00000000000006 318 111.00000000000003 318 267 349 267 book-spine 0
177.0000000000001 552.0000000000001 158.03337453646483 548.6131025957974 141.9888751545118 638.4622991347343 160.95550061804704 641.849196538937 book-spine 0
524.8656560376373 47.34709879770003 504.05122843700997 43.474647151071665 469.68426555148983 228.19707266074232 490.49869315211714 232.06952430737067 book-spine 0
472.4329093147313 287.29790726302843 452.8489946655725 284.89987689782527 433.58596635207226 442.2146081247436 453.16988100123115 444.6126384899468 book-spine 0
470.81259445843835 44.606549118387974 442.52846347607044 40.10680100755671 410.67758186397975 240.31234256926956 438.9617128463476 244.81209068010082 book-spine 0
214.25266572065686 328.08287046422066 145.57749847962708 326.3331846746403 141.05724711129136 503.7530508818164 209.7324143523212 505.50273667139675 book-spine 0
373.2830766375951 257.9351456670997 354.4766190387827 108.93013546112451 322.9401558730748 112.9104657635925 341.74661347188714 261.9154759695677 book-spine 0
223.2823529411766 541.7294117647059 193.8470588235295 535.1882352941177 170.88235294117652 638.529411764706 200.31764705882364 645.0705882352942 book-spine 0
639 345.0000000000001 623 345.0000000000001 623 401.0000000000001 639 401.0000000000001 book-spine 0
584.7638479441429 265.91683475562456 557.9691233514353 259.3899146625291 519.2468580294802 418.35500387897594 546.0415826221878 424.88192397207143 book-spine 0
567.245283018868 461.64150943396237 552.188679245283 457.33962264150944 514.8301886792453 588.0943396226414 529.8867924528304 592.3962264150944 book-spine 0
294.3029045643154 525.6141078838175 273.390041493776 520.0373443983403 241.8879668049793 638.1701244813278 262.80082987551873 643.7468879668049 book-spine 0
451.5715994954543 278.86816661319455 426.8622714073656 276.74439547174927 412.31142592621643 446.0383499550587 437.020754014305 448.162121096504 book-spine 0
652.2474349999893 446.1681753571993 619.7122458300018 435.7452842917735 576.9944264624179 569.0895095484261 609.5296156324052 579.5124006138519 book-spine 0