127.00000000000006 429 94.00000000000006 429 94.00000000000006 570 127.00000000000006 570 book-spine 0
502 4.000000000000061 474 4.0000000000000595 474 138.00000000000006 502 138.00000000000006 book-spine 0
296 426 242.00000000000006 426 242.00000000000006 564 296.00000000000006 564 book-spine 0
542 420.0000000000001 517 420.0000000000001 517 557 542 557 book-spine 0
628 7.396866666850013e-14 580 7.102951435054649e-14 580 136.00000000000006 628 136.00000000000006 book-spine 0
345.5726959093149 385.885657959586 338.791030064071 233.29817644159687 317.6106456382455 234.23952686052246 324.39231148348944 386.82700837851155 book-spine 0
367.0000000000001 628 350.0000000000001 628 350.0000000000001 640 367.0000000000001 640 book-spine 0
584 214.00000000000006 547 214.00000000000006 547 382.0000000000001 584 382.0000000000001 book-spine 0
215.04883211127068 390.80784639806484 212.37259052082547 236.92395494746387 188.55370776324742 237.3381963867261 191.22994935369263 391.222087837327 book-spine 0
18.50599446664617 394.4208422994159 13.246849062403928 244.53519827851213 -3.259145404242245 245.11435597909616 2 394.99999999999994 book-spine 0
237.6755521706017 388.85986290936785 233.83975628332064 233.51012947448592 210.33556740289413 234.0904798172125 214.17136329017518 389.4402132520945 book-spine 0
74.2171732074358 569.1192092062554 62.19445264089701 429.65565063440545 32.261729123635284 432.23605783416934 44.28444969017407 571.6996164060193 book-spine 0
315.96400000000006 386.948 313.27630769230774 233.74953846153846 293.79107692307696 234.0913846153846 296.4787692307693 387.2898461538461 book-spine 0
569.3905660377359 634.9830188679246 568.8377358490567 622.2679245283018 543.8849056603774 623.3528301886791 544.4377358490566 636.0679245283019 book-spine 0
413.13757653639726 384.91065084284526 410.52876256708737 234.90384760752892 372.5315594527175 235.56466853125704 375.14037342202744 385.57147176657344 book-spine 0
315.0914107235815 140.9582509109839 313.7442998438313 8.941384695471111 279.73763664757934 9.288391462779803 281.0847475273295 141.30525767829258 book-spine 0
543 6.411025993536394e-14 502 6.159973399711187e-14 502 136.00000000000006 543 136.00000000000006 book-spine 0
125.13373934226553 144.8531059683313 118.71790499390988 7.9819732034104725 92.97758830694278 9.188550548112056 99.39342265529844 146.05968331303288 book-spine 0
572 420.0000000000001 539 420.0000000000001 539 556 572 556 book-spine 0
150.1289872755796 144.76032769740283 143.79510196967058 9.215182150949975 117.89837894369882 10.425309395154262 124.23226424960782 145.9704549416071 book-spine 0
272.1935866983373 388.6140142517815 266.93111638954866 236.00237529691208 232.11045130641332 237.20308788598572 237.37292161520188 389.8147268408552 book-spine 0
33.00000000000001 14.000000000000002 3.0003846579110155e-15 14 1.1205518212198282e-14 148 33.000000000000014 148 book-spine 0
594.1555673142338 555.945120568448 591.7904603522563 419.9514702547433 566.0591125557487 420.39897195555216 568.4242195177262 556.3926222692569 book-spine 0
219.00000000000006 427 184.00000000000006 427 184.00000000000006 566 219.00000000000006 566 book-spine 0
627.0432591348174 563.984880302394 624.9254514909702 417.8561528769425 609.885132297354 418.0741285174297 612.0029399412011 564.2028559428811 book-spine 0
425.9809230769231 559.9126153846155 423.5704615384616 422.5163076923077 391.86092307692314 423.07261538461546 394.2713846153846 560.4689230769231 book-spine 0
44.3478504411147 570.5812911356953 31.430051813471508 430.8341968911917 4.317182467441533 433.340428511413 17.234981095084727 573.0875227559166 book-spine 0
217.1923990498812 143.57957244655583 212.5748218527316 9.669833729216155 183.67814726840857 10.666270783847981 188.29572446555824 144.57600950118766 book-spine 0
194.2555391432792 390.6440177252585 187.81979320531758 223.314623338257 151.98818316100443 224.6927621861152 158.42392909896603 392.0221565731167 book-spine 0
190.25471698113208 566.8584905660377 184.211320754717 427.8603773584906 152.66226415094343 429.23207547169807 158.7056603773585 568.2301886792453 book-spine 0
101.6321547780937 577.4690938311286 93.47558412659167 429.485597725306 62.577327234516005 431.18865125479044 70.73389788601804 579.172147360613 book-spine 0
101.24898291293735 145.3572009764036 93.52563059397886 10.198535394629783 51.605370219690805 12.593978844589095 59.328722538649295 147.7526444263629 book-spine 0
60.31724137931033 145.39310344827584 52.43793103448276 11.444827586206898 5.248275862068972 14.22068965517241 13.127586206896547 148.16896551724136 book-spine 0
636 7.758137472598483e-14 627 7.703028366636853e-14 627 134.00000000000006 636 134.00000000000006 book-spine 0
161.56027397260274 390.92739726027395 145.9074815595364 222.2250790305585 104.71570073761859 226.04699683877766 120.36849315068497 394.7493150684931 book-spine 0
18.62561797752809 570.3510112359551 7.3303370786516915 437.63146067415727 -6.252134831460673 438.7874157303371 5.0431460674157265 571.5069662921348 book-spine 0
119.57630001619958 391.7938603596306 112.79070144176251 241.15357200712782 88.92920784059615 242.22841406123445 95.71480641503322 392.86870241373725 book-spine 0
486.64726840855104 383.77078384798097 481.4192399049881 232.15795724465556 443.4988123515439 233.46555819477436 448.72684085510684 385.07838479809976 book-spine 0
612.9110929853182 555.8882544861339 608.999184339315 418.97145187601956 590.3287112561175 419.5048939641109 594.2406199021207 556.4216965742252 book-spine 0
441 5.0000000000000515 400 5.00000000000005 400 139.00000000000006 441 139.00000000000006 book-spine 0
190.04184934236753 142.69748903945796 181.5320844958151 0.8680749302510922 141.45635711438823 3.2726185731367057 149.96612196094065 145.10203268234358 book-spine 0
96.64008301215534 392.7082715683367 88.78742958790396 240.8903053661429 44.87044174325527 243.16187370293505 52.723095167506656 394.979839905129 book-spine 0
639 229.00000000000006 616 229.00000000000006 616 380.0000000000001 639 380.0000000000001 book-spine 0
51.27149321266968 394.2986425339366 44.73970773681479 242.76121949410285 11.594392107410435 244.189896891922 18.126177583265328 395.72731993175574 book-spine 0
12.000000000000007 34 4.1637991171010006e-15 34 9.42978035343462e-15 120 12.000000000000012 120 book-spine 0
581.1494126859827 134.88363351605327 579.9627251370398 0.7879404855129204 544.0805794831635 1.1054815974941272 545.2672670321065 135.20117462803447 book-spine 0
639 418.0000000000001 620 418.0000000000001 620 566 639 566 book-spine 0
395.28761552680226 559.9560073937154 392.65249537892794 422.9297597042514 373.6595194085028 423.2950092421442 376.2946395563771 560.3212569316082 book-spine 0
551.1296987087518 382.82611190817795 545.4441893830702 215.10358680057385 514.090387374462 216.16642754662837 519.7758967001436 383.8889526542324 book-spine 0
596 623 570 623 570 635 596 635 book-spine 0
375.2366567537956 385.91407105963367 371.2653779934262 236.32923775238692 341.6048677414306 237.1166849272186 345.5761465018 386.7015182344654 book-spine 0
352.1262709860488 561.1038070465831 347.88224166469615 423.1728541026248 314.88271458973753 424.1882241664697 319.1267439110901 562.119177110428 book-spine 0
282.3522491349481 142.38546712802767 278.6256055363322 0.7730103806228392 228.13425605536335 2.1017301038062275 231.86089965397926 143.71418685121105 book-spine 0
617.0239138240573 380.82183123877917 615.5925314183123 211.91870736086176 581.7729263913824 212.2053141831239 583.2043087971274 381.1084380610413 book-spine 0
376.14847788627225 560.7601952900633 373.82739804709934 423.81648477886273 348.81763354394025 424.24037909247556 351.1387133831131 561.1840896036762 book-spine 0
58.14918918918919 146.41513513513513 55.02594594594594 12.115675675675671 -2.1524324324324358 13.445405405405404 0.9708108108108124 147.74486486486487 book-spine 0
490.35748218527317 559.3669833729216 485.58788598574824 421.0486935866983 452.35154394299286 422.19477434679334 457.1211401425178 560.5130641330165 book-spine 0
295.0923775430019 386.94219855059816 292.26394831048634 235.6212346110189 267.32873482930233 236.08731336767653 270.15716406181787 387.40827730725573 book-spine 0
318.4559478916696 573.6211861501544 315.7206033596161 425.9125814192664 290.84024682893386 426.37332876242726 293.57559136098735 574.0819334933151 book-spine 0
354.83417533432396 139.38216939078754 352.47459138187224 2.5263001485884065 313.48618127786034 3.198514115898961 315.84576523031205 140.05438335809808 book-spine 0
519.5793015059277 557.7648189682794 517.8441204742071 420.6855174623518 486.96299263056716 421.076417814803 488.69817366228773 558.1557193207306 book-spine 0
402.5220228384992 139.27079934747144 398.5293637846656 -0.4722675367047309 351.5391517128875 0.8703099510603636 355.53181076672104 140.61337683523655 book-spine 0
161.64831146483118 567.2170359217037 151.43751344375136 428.35018283501824 118.20542052054205 430.79371907937184 128.41621854162184 569.6605721660572 book-spine 0
448.18597285067875 384.7407239819005 445.03755656108603 236.76515837104068 410.3085972850679 237.50407239819003 413.4570135746606 385.47963800904984 book-spine 0
474 5.645621744069298e-14 442 5.4496782562057217e-14 442 138.00000000000006 474 138.00000000000006 book-spine 0
234.172187194743 141.8503685285499 227.54533345173613 1.361069176804902 210.4512920699761 2.1673918834916943 217.0781458129829 142.65669123523668 book-spine 0
520.2437231130232 382.8851779429018 514.3108330074307 215.28103245991394 483.59710598357447 216.36824403597967 489.52999608916696 383.97238951896753 book-spine 0
457.2212307692308 560.6101538461537 454.8058461538461 422.9332307692307 423.79784615384614 423.47723076923074 426.2132307692308 561.1541538461538 book-spine 0
248.02156583032644 569.5584459175966 240.0831585130486 425.34404632038263 204.19191071578416 427.31971133674585 212.130318033062 571.5341109339598 book-spine 0