311.49653579676686 500.12009237875293 291.0692840646652 496.59815242494227 279.70092378752895 562.5346420323326 300.1281755196306 566.0565819861432 book-spine 0
619.5326732673268 193.92673267326742 601.9148514851486 189.94851485148524 587.720792079208 252.80792079207927 605.3386138613862 256.78613861386145 book-spine 0
358.13159851301117 414.6089219330855 340.5197026022306 411.1843866171005 325.6713754646841 487.5472118959108 343.2832713754647 490.97174721189594 book-spine 0
367.0297994269341 510.34727793696277 354.3421203438395 507.8716332378224 341.60630372492835 573.1426934097422 354.293982808023 575.6183381088825 book-spine 0
433.63856691253955 435.5489989462593 421.7839831401476 432.78292939936784 407.27502634351947 494.9641728134879 419.12961011591153 497.73024236037935 book-spine 0
238.98426966292135 219.66516853932586 227.6112359550562 218.58202247191008 221.2426966292135 285.45168539325846 232.61573033707865 286.5348314606742 book-spine 0
169.47873462214415 207.77117750439368 140.41722319859406 204.4811950790861 133.0548330404218 269.5156414762742 162.11634446397193 272.8056239015817 book-spine 0
190.5428072218987 288.95748398369255 179.654047757717 287.36400698893425 167.75888177053002 368.6476412347117 178.64764123471173 370.2411182294701 book-spine 0
487.392181588903 63.00630517023965 450.00000000000006 59.00000000000006 443.6216897856242 118.53089533417409 481.0138713745271 122.5372005044137 book-spine 0
341.55624227441297 504.88504326328814 322.52039555006195 501.485784919654 310.5673671199012 568.4227441285539 329.6032138442523 571.8220024721879 book-spine 0
459.6071825249908 353.9033691225473 446.89966679007784 351.4116993706036 435.0151795631248 412.0225842280638 447.7226952980378 414.51425398000754 book-spine 0
18.000000000000064 447 -30.999999999999943 447 -30.999999999999936 583 18.00000000000007 583 book-spine 0
583.76 287.68000000000006 572.996 280.22800000000007 533 338.0000000000001 543.764 345.4520000000001 book-spine 0
458.7993630573249 260.8821656050956 441.4745222929937 255.78662420382173 422.4777070063695 320.375796178344 439.8025477707007 325.47133757961785 book-spine 0
128.87918215613388 200.59293680297404 93.18215613382904 195.93680297397776 84.70074349442383 260.96096654275095 120.39776951672866 265.61710037174726 book-spine 0
449.8684569868002 162.56121984524356 439.1902594446974 160.4720072826582 426.68775603095133 224.37369139736012 437.3659535730542 226.4629039599455 book-spine 0
534.245283018868 446.64150943396237 512.5849056603774 440.45283018867934 490.77358490566047 516.7924528301887 512.433962264151 522.9811320754718 book-spine 0
444.7832193014044 37.18833273316535 432.1127115592366 34.584803745048674 416.3186892329851 111.44904573280525 428.98919697515305 114.05257472092191 book-spine 0
116.24390243902441 198.8048780487805 99.12195121951221 196.90243902439025 91.93902439024393 261.5487804878049 109.06097560975613 263.45121951219517 book-spine 0
491.0689655172414 268.82758620689657 474.8620689655172 262.3448275862069 450.37931034482756 323.55172413793105 466.58620689655174 330.0344827586207 book-spine 0
639 102.00000000000009 628 102.00000000000009 628 152.00000000000006 639 152.00000000000006 book-spine 0
609.8755364806866 85.92274678111596 592.6158798283261 81.81330472103011 578.4849785407724 141.16309012875539 595.7446351931329 145.27253218884124 book-spine 0
255.1784841075795 128.47677261613697 245.8875305623472 127.08312958435212 236.30073349633253 190.9951100244499 245.59168704156485 192.38875305623475 book-spine 0
517.4054054054054 362.5675675675676 499.08108108108115 359.51351351351354 488.891891891892 420.64864864864876 507.21621621621625 423.7027027027028 book-spine 0
627.2 292.4000000000001 605 285.0000000000001 584.1 347.7000000000001 606.3000000000001 355.10000000000014 book-spine 0
457.85056179775273 58.61910112359556 441.5584269662921 54.68651685393263 427.0471910112359 114.80449438202251 443.33932584269655 118.73707865168544 book-spine 0
439.91219512195124 257.409756097561 423.31707317073176 253.8536585365854 409.5756097560976 317.9804878048781 426.1707317073171 321.53658536585374 book-spine 0
279.50526698147485 306.8180167090448 257.7646204140937 303.89139120958964 247.23792226661826 382.0897203051217 268.97856883399936 385.0163458045769 book-spine 0
532.5056603773586 537.9698113207548 512.7622641509436 534.267924528302 500.4339622641511 600.0188679245284 520.1773584905661 603.7207547169812 book-spine 0
295.0065390004671 27.739841195702986 275.218589444185 25.5889771134984 268.53479682391406 87.07986921999068 288.3227463801962 89.23073330219529 book-spine 0
525.8325842696629 177.4078651685394 513.3853932584269 174.40337078651692 498.3157303370786 236.83483146067425 510.76292134831465 239.8393258426967 book-spine 0
417.53467048710604 517.8848137535816 403.8366762177651 515.2120343839541 391.63724928366764 577.7340974212034 405.33524355300864 580.4068767908309 book-spine 0
584.186793575253 375.392028554432 567.5538370017848 371.6496133254017 553.954788816181 432.0898274836409 570.5877453896492 435.8322427126712 book-spine 0
317 315 304 315 304 392 317 392 book-spine 0
268.0098410295231 129.5291445874338 253.29371688115066 127.48523845571539 244.30052990158973 192.23618470855416 259.0166540499622 194.28009084027258 book-spine 0
323.8461538461539 502.7692307692308 312.11538461538464 500.4230769230769 299.8076923076924 561.9615384615385 311.5384615384616 564.3076923076924 book-spine 0
323.3719912472649 503.54704595186 305.5886214442014 500.1597374179432 293.5185995623633 563.5273522975931 311.30196936542677 566.91466083151 book-spine 0
539.2307692307693 180.84615384615392 523.8461538461538 177.76923076923083 511.5 239.50000000000006 526.8846153846155 242.57692307692315 book-spine 0
96.0220963172805 195.07195467422096 80.50708215297453 194.70254957507083 78.9546742209632 259.9036827195468 94.46968838526915 260.273087818697 book-spine 0
316.0509300265723 235.94375553587255 299.87776793622675 233.53498671390616 290.35739592559787 297.45748449955715 306.5305580159434 299.8662533215235 book-spine 0
165.8461538461539 292.2307692307693 156.12307692307698 291.0153846153846 147.24615384615387 362.03076923076924 156.9692307692308 363.2461538461539 book-spine 0
315.6637355973317 11.309581564584636 296.2201334141904 8.921770770163771 286.19557307459064 90.55033353547607 305.63917525773195 92.93814432989694 book-spine 0
197.23195876288662 213.60309278350516 183.3298969072165 212.2577319587629 177.0515463917526 277.13402061855675 190.95360824742272 278.47938144329896 book-spine 0
210.75609756097572 216.19512195121956 195.39024390243907 214.48780487804882 188.15853658536588 279.57317073170736 203.5243902439025 281.28048780487813 book-spine 0
436.91891891891896 347.48648648648657 408.7027027027028 342.78378378378386 398.40540540540553 404.56756756756766 426.62162162162167 409.2702702702704 book-spine 0
8.000000000000055 446 5.461924724197195e-14 446 5.70073085003093e-14 485 8.000000000000059 485 book-spine 0
370.5865168539326 399.65842696629215 363.476404494382 325.0022471910113 349.0359550561798 326.37752808988773 356.14606741573033 401.0337078651686 book-spine 0
461.5703953712633 163.33317261330768 420.49758919961437 156.94406943105116 410.4329797492768 221.64513018322089 451.5057859209258 228.0342333654774 book-spine 0
493.8823529411766 615.4705882352941 481.41176470588243 612.3529411764706 474.8823529411765 638.4705882352943 487.35294117647067 641.5882352941178 book-spine 0
356.2239245727755 39.70477312905131 334.4313494401885 37.578668238067216 328.4890984089569 98.48674130819094 350.2816735415439 100.61284619917504 book-spine 0
129.02000000000004 200.86 95.70000000000002 196.1 86.48000000000002 260.64 119.80000000000003 265.4 book-spine 0
438.1891891891893 256.86486486486496 397.81081081081084 250.13513513513522 387.1621621621622 314.0270270270271 427.5405405405406 320.75675675675683 book-spine 0
433.5138240574506 26.031238779174203 413.92746858168755 22.641292639138285 398.8714542190304 109.63159784560148 418.45780969479347 113.02154398563738 book-spine 0
640.1529411764707 94.81176470588241 629.1411764705883 92.36470588235301 616.6705882352942 148.48235294117654 627.6823529411765 150.92941176470595 book-spine 0
447.79438314944844 429.8956870611836 434.0822467402206 427.24172517552665 419.28986960882645 503.6690070210632 433.0020060180542 506.32296890672023 book-spine 0
426.3873170731707 255.87414634146347 410.6 251.80000000000007 394.3970731707317 314.5863414634147 410.1843902439025 318.66048780487813 book-spine 0
246.47211895910783 125.71375464684019 231.29553903345732 123.73420074349445 222.89219330855022 188.15985130111528 238.06877323420076 190.139405204461 book-spine 0
524.4402073306184 364.65494261384674 501.3098852276935 360.1195853387635 489.462421325435 420.54165124028145 512.5927434283599 425.0770085153647 book-spine 0
338.7722772277227 392.72277227722776 331.1485148514852 316.48514851485146 311.84158415841586 318.4158415841584 319.46534653465346 394.6534653465347 book-spine 0
381.3846153846154 248.07692307692315 371.5769230769231 246.11538461538464 359.0769230769231 308.61538461538464 368.8846153846154 310.5769230769231 book-spine 0
334.1557478368356 238.5278121137207 315.5698393077874 235.20889987639066 303.9752781211372 300.1384425216317 322.5611866501854 303.45735475896174 book-spine 0
500.1923076923078 533.0384615384615 479.61538461538464 528.9230769230769 466.5384615384616 594.3076923076923 487.11538461538464 598.4230769230769 book-spine 0
380 337 365 337 365 401 380 401 book-spine 0
295.7028397565923 135.24239350912782 280.737322515213 132.82860040567954 270.36713995943205 197.12373225152135 285.33265720081135 199.5375253549696 book-spine 0
172.67999999999998 114.24000000000001 157.98000000000002 112.14000000000001 149.06 174.58 163.76 176.68 book-spine 0
11.000000000000064 531 6.508997737468182e-14 531 6.711064459327496e-14 564 11.000000000000066 564 book-spine 0
578.7307692307693 453.3461538461539 553.7307692307692 448.3461538461539 538.4615384615383 524.6923076923078 563.4615384615385 529.6923076923078 book-spine 0
318.66131805157596 407.86074498567336 298.14957020057307 403.858452722063 283.08022922636104 481.08882521489977 303.59197707736394 485.0911174785101 book-spine 0
552.3381088825214 76.01719197707742 536.149570200573 72.85845272206309 524.6194842406876 131.9501432664757 540.808022922636 135.10888252149002 book-spine 0
545.519399896534 448.3988618727368 534.6120020693223 445.02276254526646 512.1965856182101 517.4418003103984 523.1039834454217 520.8178996378688 book-spine 0
592.1538461538462 81.23076923076928 572.5384615384615 77.30769230769238 560.4230769230769 137.88461538461544 580.0384615384615 141.80769230769235 book-spine 0
426.71698113207555 427.4905660377359 415.0943396226415 424.1698113207548 393.88679245283015 498.39622641509436 405.5094339622642 501.7169811320755 book-spine 0
554.095890410959 370.41095890410975 538.4994446501296 367.35283228433923 526.6890040725658 427.58607922991484 542.2854498333952 430.64420584968536 book-spine 0
232.26816786079837 123.42169907881274 222.36847492323443 122.1443193449335 214.00409416581374 186.96827021494371 223.90378710337768 188.24564994882294 book-spine 0
112.9167883211679 197.72116788321168 85.85401459854018 194.5985401459854 78.33868613138688 259.7313868613139 105.40145985401463 262.8540145985402 book-spine 0
247.00489977728284 223.128285077951 237.10244988864144 221.8641425389755 228.93496659242766 285.84276169265036 238.83741648106906 287.10690423162583 book-spine 0
305.53658536585374 312.17073170731715 277.9878048780489 309.10975609756105 269.5609756097562 384.95121951219517 297.10975609756105 388.01219512195127 book-spine 0
383.0270270270272 512.8378378378379 364.54054054054063 509.75675675675683 353.5675675675676 575.5945945945947 372.0540540540542 578.6756756756757 book-spine 0
481.02853067047084 612.8516405135521 457.5135520684738 608.3295292439373 451.62910128388035 638.9286733238232 475.14407988587743 643.4507845934379 book-spine 0
1.0000000000000575 434 -27.99999999999995 434 -27.999999999999943 504 1.0000000000000617 504 book-spine 0
358.78378378378386 147.29729729729735 342.40540540540553 144.5675675675676 332.0540540540542 206.6756756756757 348.4324324324325 209.40540540540547 book-spine 0
228.03557910673737 312.1438304314913 213.4829674489024 310.1226343679031 204.94776684330054 371.5760787282362 219.50037850113557 373.59727479182436 book-spine 0
281.1707317073171 132.46341463414637 265.14634146341473 130.68292682926833 258.0000000000001 195.00000000000006 274.0243902439024 196.7804878048781 book-spine 0
370.05873605947954 148.98364312267663 359.2453531598512 146.88104089219337 346.85353159851303 210.61040892193313 357.6669144981413 212.7130111524164 book-spine 0
281.01955990220057 401.20293398533016 264.63814180929097 398.7457212713937 253.2616136919316 474.5892420537897 269.6430317848412 477.0464547677262 book-spine 0
410.3461538461539 155.73076923076928 395.37798408488067 152.9588859416446 383.3753315649868 217.7732095490717 398.34350132626 220.54509283819638 book-spine 0
179.33873672442706 291.7546115148128 165.2291783119061 290.07490217998884 156.23812185578538 365.5997764114029 170.34768026830636 367.2794857462269 book-spine 0
359.9167544783984 397.0600632244468 346.91991570073765 317.2223393045311 328.97681770284515 320.14330874604855 341.97365648050584 399.9810326659642 book-spine 0
201.31724137931036 118.19310344827588 182.9448275862069 116.66206896551726 177.62758620689655 180.46896551724137 196 182 book-spine 0
259.0539042821159 312.80403022670026 248.50277078085645 311.12544080604533 237.9340050377834 377.5576826196474 248.48513853904285 379.2362720403023 book-spine 0
554.7695150115474 182.94318706697464 538.2605080831408 180.43094688221714 528.6965357967667 243.27990762124716 545.2055427251732 245.79214780600466 book-spine 0
639 243.00000000000006 635 243.00000000000006 635 262.0000000000001 639 262.0000000000001 book-spine 0
476.61538461538464 61.92307692307698 456.2307692307693 57.846153846153896 444.30769230769226 117.46153846153851 464.6923076923077 121.53846153846159 book-spine 0
170.35384615384623 208.16923076923078 141.55384615384622 204.56923076923078 133.41538461538468 269.67692307692306 162.21538461538466 273.2769230769231 book-spine 0
249.1736011477762 303.9153515064563 228.25824964132 301.0889526542325 218.08967001434726 376.33644189383074 239.00502152080347 379.1628407460546 book-spine 0
469.5882352941177 612.6470588235294 451.47058823529414 608.1176470588235 443.9411764705882 638.2352941176472 462.0588235294117 642.7647058823529 book-spine 0
2.000000000000055 448 5.486417660180142e-14 448 5.523157064154563e-14 454 2.0000000000000555 454 book-spine 0
366.1450737005431 246.49030256012412 350.5865011636928 242.93405740884407 336.44220325833976 304.81536074476344 352.00077579519007 308.3716058960435 book-spine 0
573.5 294.50000000000006 549 270.00000000000006 492.5 326.5000000000001 517 351.0000000000001 book-spine 0
501 357.0000000000001 474 357.0000000000001 474 421.0000000000001 501 421.0000000000001 book-spine 0
491.7534039334342 63.860816944024265 475.79273827534047 60.030257186081776 461.4054462934948 119.97730711043883 477.3661119515885 123.8078668683813 book-spine 0
229.7623762376238 218.3762376237624 217.88118811881193 217.18811881188122 211.2475247524753 283.52475247524757 223.12871287128718 284.71287128712873 book-spine 0
419.4153846153847 159.67692307692315 408.46153846153845 158.30769230769238 400.87692307692305 218.98461538461544 411.8307692307693 220.35384615384623 book-spine 0
281.62769010043047 228.35509325681494 267.0294117647059 226.38235294117652 258.2058823529412 291.67647058823536 272.8041606886658 293.64921090387384 book-spine 0
202.85945945945952 294.5567567567568 188.7891891891892 292.33513513513515 176.65945945945947 369.15675675675675 190.7297297297298 371.37837837837833 book-spine 0
499.06164383561645 173.66438356164392 488.26269137792104 171.68090249798556 476.8404512489928 233.86865431103956 487.6394037066882 235.85213537469792 book-spine 0
528.6776034236806 55.47646219686169 513.2111269614836 52.50213980028536 498.88159771754636 127.01569186875898 514.3480741797433 129.9900142653353 book-spine 0
554.8418338108881 183.31060171919773 524.6028653295128 177.41031518624646 512.4813753581661 239.5329512893983 542.7203438395414 245.4332378223496 book-spine 0
457.22194513715715 606.5610972568578 420.8129675810474 604.7406483790523 419.1072319201995 638.85536159601 455.5162094763092 640.6758104738155 book-spine 0
472.8716981132076 346.3509433962265 460.55471698113206 344.04150943396235 447.15094339622635 415.5283018867925 459.467924528302 417.8377358490567 book-spine 0
351.4588235294118 242.43529411764712 334.5176470588235 238.6705882352942 320.49411764705883 301.7764705882353 337.43529411764706 305.5411764705883 book-spine 0
355.4113785557988 506.840262582057 341.7177242888404 504.2319474835887 328.8687089715537 571.6892778993436 342.56236323851215 574.2975929978119 book-spine 0
185.27299270072996 116.30072992700732 171.03941605839418 114.65839416058395 163.68613138686135 178.38686131386862 177.9197080291971 180.029197080292 book-spine 0
513.6520998864926 67.36265607264477 502.48297389330304 64.91089670828609 489.18217934165716 125.50340522133942 500.3513053348467 127.9551645856981 book-spine 0
322.36409736308315 140.54259634888444 307.9645030425964 138.22008113590272 297.8326572008114 201.03752535496963 312.2322515212982 203.3600405679514 book-spine 0
293.4353312302839 133.3722397476341 252.18927444794951 128.42271293375396 244.40536277602519 193.28864353312304 285.6514195583596 198.23817034700318 book-spine 0
336.2838127951911 411.3834263632461 318.6779733791327 407.96736796908544 304.07320738514386 483.23808501502805 321.6790468012022 486.65414340918863 book-spine 0
424 157.00000000000006 392 157.00000000000006 392 254.00000000000006 424 254.00000000000006 book-spine 0
338.423076923077 410.8846153846155 319.00000000000006 407 303.7307692307693 483.3461538461538 323.1538461538462 487.2307692307692 book-spine 0
221.69432314410486 217.29257641921402 210.42794759825335 215.79039301310047 201.6331877729258 281.7510917030568 212.89956331877733 283.2532751091703 book-spine 0
646.6538461538462 199.73076923076928 631.4615384615383 196.69230769230774 619.1153846153845 258.423076923077 634.3076923076924 261.46153846153857 book-spine 0
140.26277372262777 202.7226277372263 127.01605839416058 201.19416058394162 119.43503649635036 266.8963503649635 132.68175182481755 268.4248175182482 book-spine 0
114.85729221118663 102.39205436487195 98.85311029796134 99.41453214845794 86.98484056455828 163.20648196549922 102.9890224777836 166.18400418191322 book-spine 0
633.567381974249 197.30300429184555 619.1042918454937 193.91802575107306 604.7004291845494 255.4618025751074 619.1635193133047 258.8467811158799 book-spine 0
548.5384615384615 541.3076923076924 532.1923076923077 538.0384615384615 519.1538461538462 603.2307692307693 535.5 606.5 book-spine 0
449.16659080564415 344.8152025489305 437.39963586709155 342.5129722348658 423.9959035047793 411.02093764223946 435.7628584433319 413.32316795630413 book-spine 0
405.69230769230774 516.5384615384615 399.1538461538462 515.2307692307693 386.46153846153845 578.6923076923077 393 580 book-spine 0
571.3445732349842 285.6880927291886 563.3888303477345 279.9599578503688 523.3108535300315 335.6238145416228 531.2665964172813 341.3519494204427 book-spine 0
391.2758620689655 340.68965517241384 380.1034482758621 339.75862068965523 374.9862068965517 401.16551724137935 386.1586206896551 402.09655172413795 book-spine 0
355.41651376146785 39.85504587155969 334.8642201834863 36.280733944954186 324.44220183486243 96.20733944954134 344.99449541284406 99.78165137614684 book-spine 0
548.9087261785355 285.3049147442327 541.9252758274824 274.969408224674 468.8716148445336 324.32998996990966 475.8550651955868 334.6654964894684 book-spine 0
8.000000000000068 515 -54.99999999999994 515 -54.999999999999936 583 8.000000000000071 583 book-spine 0
618.5384615384615 87.30769230769238 607 85.00000000000007 595.0769230769231 144.6153846153847 606.6153846153846 146.923076923077 book-spine 0
416.32110091743124 427.59633027522943 399.25688073394497 422.4770642201836 377.2935779816514 495.6880733944954 394.35779816513764 500.80733944954136 book-spine 0
290.37837837837844 266.7297297297298 279.67567567567573 264.94594594594605 277.89189189189193 275.64864864864876 288.59459459459464 277.43243243243256 book-spine 0
377.50101419878297 19.693711967545674 357.47363083164305 16.463488843813415 343.99492900608516 100.03144016227185 364.0223123732251 103.26166328600411 book-spine 0
615.1662921348317 291.5460674157305 597.6112359550564 280.81797752809 560.5325842696631 341.4921348314608 578.0876404494384 352.2202247191013 book-spine 0
509.3461538461538 617.2692307692308 493.96153846153845 614.1923076923077 489 639 504.38461538461536 642.0769230769231 book-spine 0
513.1303909205549 534.2650693568727 498.5725094577555 531.6822194199244 486.73190416141244 598.4201765447668 501.28978562421185 601.0030264817151 book-spine 0
461.37623762376245 432.7623762376239 448.5465346534654 429.8653465346536 431.3930693069308 505.830693069307 444.2227722772278 508.7277227722773 book-spine 0
520.1271676300579 619.1734104046244 493.97687861271675 615.1502890173412 490.36994219653184 638.5953757225435 516.5202312138729 642.6184971098268 book-spine 0
462.4814004376368 526.4726477024071 436.10503282275715 521.4485776805253 423.76367614879655 586.2407002188186 450.1400437636762 591.2647702407004 book-spine 0
381.0384615384615 150.80769230769232 369.49999999999994 148.50000000000003 356.73076923076917 212.34615384615392 368.2692307692307 214.65384615384622 book-spine 0
214.81081081081084 311.1351351351352 199.72972972972974 308.62162162162167 189.5675675675676 369.5945945945947 204.64864864864865 372.1081081081082 book-spine 0
410.4354098360657 254.0504918032788 397.00459016393444 250.8695081967214 382.3803278688525 312.616393442623 395.8111475409837 315.79737704918045 book-spine 0
602.1538461538462 192.23076923076928 589.4615384615385 189.69230769230774 577.1538461538461 251.23076923076923 589.8461538461538 253.76923076923077 book-spine 0
474.5393258426967 438.66292134831474 460.8820224719101 435.51123595505624 444.0786516853932 508.32584269662925 457.7359550561798 511.47752808988776 book-spine 0
396.2307692307693 250.84615384615392 381.61538461538464 247.92307692307696 368.8846153846154 311.57692307692315 383.5000000000001 314.50000000000006 book-spine 0
333.7926829268293 34.134146341463456 312.877331420373 31.307747489239638 304.6061692969871 92.5143472022956 325.52152080344337 95.34074605451941 book-spine 0
398.5668965517242 422.03724137931044 383.32551724137943 417.93379310344835 362.8468965517242 493.9972413793105 378.08827586206905 498.1006896551725 book-spine 0
158.92307692307693 111.61538461538463 137.0153846153846 108.87692307692308 129.04615384615383 172.63076923076923 150.95384615384617 175.36923076923077 book-spine 0
383.4334763948498 418.5793991416309 375.2768240343347 416.637339055794 357.4763948497854 491.3991416309012 365.63304721030045 493.3412017167382 book-spine 0
406.54878048780495 343.0609756097561 389.31707317073176 341.1463414634146 382.51219512195127 402.3902439024391 399.7439024390245 404.30487804878055 book-spine 0
476.4667586206897 167.7051034482759 461.47668965517244 164.65627586206904 448.5365517241379 228.2786206896552 463.5266206896552 231.32744827586208 book-spine 0
436.4594594594595 521.2432432432433 416.35135135135147 517.891891891892 405.3783783783785 583.7297297297298 425.4864864864865 587.0810810810812 book-spine 0
640.3170731707316 93.85365853658543 618.2585365853658 89.12682926829278 606.1268292682927 145.74146341463424 628.1853658536585 150.4682926829269 book-spine 0
493.8235294117647 439.7058823529412 474.99999999999994 435.00000000000006 456.11764705882354 510.5294117647059 474.94117647058823 515.2352941176471 book-spine 0
503.2614334470989 65.92218430034134 488.03071672354946 62.76109215017069 475.6303754266212 122.50819112627991 490.86109215017063 125.66928327645056 book-spine 0
253.88209606986908 397.38427947598257 234.55895196506555 394.8078602620087 224.75982532751095 468.3013100436682 244.08296943231448 470.877729257642 book-spine 0
439.4075471698114 161.82641509433972 423.10566037735845 158.7698113207548 411.21886792452824 222.16603773584916 427.5207547169812 225.22264150943408 book-spine 0
588.6400000000001 189.48000000000005 573.9440000000001 186.80800000000005 562.7280000000001 248.4960000000001 577.4240000000001 251.1680000000001 book-spine 0
484.07692307692315 347.61538461538464 471.7692307692309 345.1538461538462 457.3076923076924 417.46153846153845 469.61538461538464 419.9230769230769 book-spine 0
399.96000000000004 515.2800000000001 380.7800000000001 512.5400000000001 371.4000000000001 578.2 390.58000000000004 580.94 book-spine 0
521.656 364.39200000000005 503.00000000000006 361.0000000000001 492.07200000000006 421.10400000000004 510.728 424.496 book-spine 0
572.6923076923077 81.53846153846163 551.3461538461537 77.26923076923083 539.8076923076922 134.9615384615385 561.1538461538462 139.2307692307693 book-spine 0
584.3846153846154 288.923076923077 564.7692307692306 275.8461538461539 524.4615384615383 336.3076923076925 544.0769230769231 349.38461538461553 book-spine 0
104.51528384279479 198.13537117903937 95.14847161572055 196.8864628820961 86.95633187772927 258.3275109170306 96.32314410480353 259.57641921397385 book-spine 0
299.93063583815035 231.45086705202317 281.6705202312139 228.6416184971099 271.6705202312139 293.6416184971099 289.93063583815035 296.45086705202317 book-spine 0
397 44.00000000000004 373 44.00000000000004 373 108.00000000000006 397 108.00000000000006 book-spine 0
291.9659000793022 497.3655828707376 280.86360031720864 495.4623314829501 270.0293417922285 558.6621728786677 281.131641554322 560.5654242664551 book-spine 0
631.9940828402367 294.414201183432 612.112426035503 286.13017751479293 586.5207100591715 347.5502958579882 606.4023668639054 355.83431952662727 book-spine 0
309.4393338620143 138.10388580491679 294.9508326724822 135.6201427438541 284.00237906423473 199.4861221252974 298.4908802537668 201.96986518636007 book-spine 0
539.314709236032 367.47890535917907 520.8962371721778 363.66818700114027 508.3694412770809 424.2143671607754 526.787913340935 428.0250855188142 book-spine 0
479.5145436308927 528.8415245737211 462.9729187562689 525.6399197592779 450.2688064192579 591.2778335005015 466.81043129388166 594.4794383149449 book-spine 0
265.6741573033708 398.92134831460675 251.7056179775281 397.5910112359551 244.60898876404497 472.1056179775281 258.57752808988766 473.43595505617975 book-spine 0
413.849822064057 26.75943060498225 397.891103202847 24.17153024911036 384.46476868327403 106.96725978647692 400.42348754448403 109.5551601423488 book-spine 0
335.6616856544716 142.55941321773383 321.0250057966153 140.18859834037923 310.6527795386178 204.223524306829 325.2894593964742 206.5943391841836 book-spine 0
394.8756350385403 151.72155306242317 379.60080627632374 149.209330431718 368.8731076825478 214.4359377513898 384.14793644476435 216.94816038209495 book-spine 0
575.6826305189302 185.12890887529954 558.1143704150332 181.19203485939846 543.9206175431079 244.53151214448624 561.4888776470049 248.4683861603873 book-spine 0
537.714639121801 72.87453617685998 522.7565090221603 69.96697059120206 511.095960675078 129.9552989952682 526.0540907747187 132.8628645809261 book-spine 0
598.3380133621141 378.7845334505507 583.9660747098782 375.42749509554824 570.0412270960918 435.04166523121296 584.4131657483277 438.39870358621556 book-spine 0
511.4341590514657 441.8493877824957 495.38743446486814 437.5506704225261 474.8173956881594 514.3367717976137 490.8641202747569 518.6354891575833 book-spine 0
375.4326506810652 417.8332521233139 358.8164239861652 414.11147977666303 341.7415761156634 490.34385418626414 358.35780281056344 494.065626532915 book-spine 0
296.98014311805764 404.9169548206018 283.5134185194433 402.5763370300906 270.65214389822637 476.57357144111745 284.1188684968407 478.9141892316286 book-spine 0