216.68235294117648 588.8705882352942 212.49411764705883 534.4235294117647 200.87058823529412 535.3176470588235 205.05882352941177 589.764705882353 book-spine 0
236.013764624914 589.8410185822437 231.73984858912598 535.7047487955954 220.65106675843083 536.5801789401239 224.92498279421886 590.7164487267722 book-spine 0
568.6264274061991 133.07504078303435 554.0383360522022 132.65823817292016 552.3230016313214 192.69494290375212 566.9110929853182 193.1117455138663 book-spine 0
332.15903413821815 448.79267277268934 330.7110741049126 377.8426311407161 311.75978351373857 378.22939217318896 313.2077435470441 449.1794338051624 book-spine 0
324.3651877133106 591.6040955631399 318.1672354948806 538.9215017064846 303.95221843003407 540.5938566552901 310.1501706484641 593.2764505119454 book-spine 0
360.00000000000006 461 301 461 301.00000000000006 524 360.0000000000001 524 book-spine 0
170.05058365758757 366.8093385214008 166.13618677042803 304.17898832684824 151.9416342412451 305.0661478599221 155.85603112840465 367.69649805447466 book-spine 0
173.30350194552528 287.85603112840465 169.96498054474705 234.4396887159533 155.7704280155642 235.32684824902725 159.1089494163424 288.7431906614786 book-spine 0
159.9031505250875 521.0478413068845 151.3850641773629 459.29171528588097 136.66511085180863 461.32205367561266 145.18319719953325 523.0781796966162 book-spine 0
473 142.00000000000006 459 142.00000000000006 459 198.00000000000006 473 198.00000000000006 book-spine 0
334.3329260843006 524.7953573610263 328.8136835675016 461.8759926695174 315.8433109346366 463.01374465485645 321.3625534514356 525.9331093463653 book-spine 0
81.03354632587858 585.8386581469647 78.94888178913737 533.7220447284344 61.97603833865814 534.4009584664535 64.06070287539934 586.5175718849838 book-spine 0
509 222.00000000000006 498 222.00000000000006 498 282.0000000000001 509 282.0000000000001 book-spine 0
425.0163447251114 283.9479940564636 423.9450222882615 221.8112927191679 411.72451708766715 222.0219910846954 412.7958395245171 284.1586924219911 book-spine 0
90.02702702702706 184.83783783783787 58.40540540540543 179.56756756756758 53.43243243243245 209.40540540540547 85.05405405405409 214.6756756756757 book-spine 0
360.06602687140116 202.6836852207294 357.86410748560456 146.5347408829175 341.8886756238004 147.16122840690983 344.090595009597 203.3101727447217 book-spine 0
534 376.0000000000001 517 376.0000000000001 517 451.0000000000001 534 451.0000000000001 book-spine 0
385.16896551724136 200.87241379310345 381.9310344827586 145.82758620689654 370.0896551724138 146.5241379310345 373.3275862068965 201.5689655172414 book-spine 0
11.000000000000032 239 2.933029083957911e-14 239 3.25756048573196e-14 292 11.000000000000036 292 book-spine 0
457.32131147540974 282.26557377049176 454.4334426229507 225.95213114754097 430.24065573770486 227.19278688524588 433.1285245901638 283.50622950819667 book-spine 0
576 45.00000000000007 558 45.00000000000007 558 98.00000000000006 576 98.00000000000006 book-spine 0
505 48.00000000000006 496 48.00000000000006 496 101.00000000000006 505 101.00000000000006 book-spine 0
155 70.00000000000003 141 70.00000000000003 141 119.00000000000003 155 119.00000000000003 book-spine 0
445 382 431 382 431 448 445 448 book-spine 0
584 140.00000000000006 569 140.00000000000006 569 193.00000000000006 584 193.00000000000006 book-spine 0
343 56.00000000000004 332 56.00000000000004 332 110.00000000000003 343 110.00000000000003 book-spine 0
377 223.00000000000006 363 223.00000000000006 363 284 377 284 book-spine 0
266.48730964467006 447.8223350253807 261.48223350253807 377.751269035533 250.75126903553297 378.51776649746193 255.75634517766497 448.5888324873097 book-spine 0
542 541 526 541 526 601 542 601 book-spine 0
130.22566371681415 119.38495575221239 127.01327433628319 71.19911504424779 110.42035398230087 72.30530973451327 113.63274336283185 120.49115044247787 book-spine 0
521 140.00000000000006 508 140.00000000000006 508 195.00000000000006 521 195.00000000000006 book-spine 0
427.63529411764705 524.2588235294118 422.8588235294118 462.16470588235296 410.54705882352937 463.11176470588236 415.3235294117647 525.2058823529412 book-spine 0
575.0163699023551 298.03417576105693 556.242102240092 297.7159678345779 555.1053991958645 364.7814474439979 573.8796668581276 365.09965537047685 book-spine 0
297.4065573770491 365.927868852459 294.15278688524586 302.47934426229506 281.8773770491803 303.10885245901636 285.13114754098365 366.55737704918033 book-spine 0
187 150 152 150 152 207 187 207 book-spine 0
222.32625994694962 516.2997347480107 210.35809018567642 459.45092838196285 187.1246684350133 464.34217506631296 199.0928381962865 521.1909814323608 book-spine 0
336.65479452054797 592.7205479452053 330.9835616438356 538.8438356164384 317.0328767123288 540.3123287671233 322.7041095890411 594.1890410958903 book-spine 0
488 142.00000000000006 472 142.00000000000006 472 197.00000000000006 488 197.00000000000006 book-spine 0
33.00000000000005 381 4.684274006738626e-14 381 5.088407450457252e-14 447 33.00000000000006 447 book-spine 0
290.35091177920157 285.8955150320355 287.93395761458845 231.51404632824054 275.73583045835386 232.05618531296207 278.152784622967 286.43765401675705 book-spine 0
43.00000000000005 381 21.00000000000005 381 21.000000000000057 521 43.00000000000006 521 book-spine 0
187.1383344803854 116.75223675154851 183.30419821059874 68.1865106675843 169.9924294562973 69.23743977976599 173.82656572608394 117.80316586373019 book-spine 0
282.62001771479186 523.162976085031 273.3631532329495 461.0097431355182 259.1465899025686 463.12710363153235 268.403454384411 525.2803365810452 book-spine 0
84.69230769230771 287.46153846153857 73.19230769230771 229.9615384615385 58.96153846153847 232.80769230769235 70.46153846153847 290.30769230769243 book-spine 0
192.718789407314 367.7087011349306 185.6973518284994 302.1752837326608 169.87894073139978 303.8701134930643 176.9003783102144 369.40353089533414 book-spine 0
378 378 351 378 351 448 378 448 book-spine 0
504 384.0000000000001 475 384.0000000000001 475 448.0000000000001 504 448.0000000000001 book-spine 0
345.2873085907086 448.93771087464313 341.7858811315858 376.57487671943943 328.7679730080457 377.2047754996107 332.26940046716845 449.56760965481453 book-spine 0
537 462.0000000000001 521 462.0000000000001 521 529 537 529 book-spine 0
510.0000000000001 541 498.0000000000001 541 498.0000000000001 600 510.0000000000001 600 book-spine 0
235 65.00000000000003 161 65.00000000000003 161 117.00000000000003 235 117.00000000000003 book-spine 0
39.14634146341463 365.3170731707317 32.426829268292686 304.8414634146341 -2.146341463414629 308.6829268292683 4.5731707317073145 369.15853658536594 book-spine 0
412 217.00000000000006 398 217.00000000000006 398 284 412 284 book-spine 0
333.0551601423488 54.07651245551606 315.26903914590747 53.74092526690396 314.19252669039145 110.79608540925271 331.9786476868328 111.13167259786482 book-spine 0
527.1356756756757 100.83405405405404 525.948108108108 49.76864864864865 514.1172972972972 50.04378378378378 515.3048648648648 101.10918918918918 book-spine 0
427 298 416 298 416 366 427 366 book-spine 0
351.4977843426883 284.9423929098966 349.36484490398817 229.48596750369276 334.8862629246677 230.04283604135892 337.0192023633678 285.4992614475628 book-spine 0
143.09442622950814 118.84131147540982 140.65901639344258 71.35081967213115 126.38885245901636 72.08262295081967 128.82426229508195 119.57311475409836 book-spine 0
500 300.0000000000001 487 300.0000000000001 487 365.0000000000001 500 365.0000000000001 book-spine 0
271.49538461538464 365.91692307692307 267.88307692307694 300.8953846153846 255.42153846153843 301.5876923076923 259.0338461538462 366.60923076923075 book-spine 0
315.5261146496815 285.7312101910829 313.5668789808917 230.87261146496817 301.36815286624204 231.3082802547771 303.32738853503184 286.1668789808918 book-spine 0
18.079103493737634 520.4502307185234 14.69248516809493 458.3622280817403 -1.0243902439024382 459.219512195122 2.3622280817402697 521.307514831905 book-spine 0
192.00000000000003 232 164.00000000000003 232 164.00000000000006 288 192.00000000000006 288 book-spine 0
488.0000000000001 541 472.0000000000001 541 472.0000000000001 598 488.0000000000001 598 book-spine 0
314 383 298 383 298 447 314 447 book-spine 0
210.49230769230772 205.86153846153843 207.5784615384615 153.41230769230768 193.1784615384615 154.2123076923077 196.0923076923077 206.66153846153844 book-spine 0
307.8370165745857 365.9033149171272 304.29558011049727 298.61602209944755 293.2209944751382 299.19889502762436 296.7624309392266 366.486187845304 book-spine 0
102.24778761061947 208.71681415929206 98.88495575221239 158.27433628318582 85.7433628318584 159.15044247787608 89.10619469026548 209.59292035398232 book-spine 0
226.59662288930582 589.861163227017 221.7673545966229 534.3245778611633 210.37523452157598 535.3151969981238 215.2045028142589 590.8517823639775 book-spine 0
565.1698938163648 529.795752654591 563.4928169893817 462.7126795752655 548.8269831355403 463.07932542161154 550.5040599625235 530.1623985009369 book-spine 0
255.34595224228303 522.3640069889341 246.14851485148512 459.51485148514854 233.99417588817704 461.29353523587656 243.19161327897496 524.1426907396622 book-spine 0
447 143.00000000000006 437 143.00000000000006 437 198.00000000000006 447 198.00000000000006 book-spine 0
558.0488753124132 377.06748125520687 545.1524576506525 376.8525409608442 543.9350180505414 449.8989169675091 556.8314357123021 450.1138572618718 book-spine 0
540 48.00000000000007 526 48.00000000000007 526 101.00000000000006 540 101.00000000000006 book-spine 0
517.0586427051313 381.0941120832349 506.3610782690945 380.76495625443374 504.2641286356114 448.9158193426342 514.9616930716483 449.2449751714354 book-spine 0
399.1258221332571 525.8558764655418 394.7426365456105 461.20388904775507 380.3342865313125 462.18072633686006 384.717472118959 526.8327137546468 book-spine 0
547 377.0000000000001 531 377.0000000000001 531 450.0000000000001 547 450.0000000000001 book-spine 0
162.48823529411766 117.34705882352944 158.79411764705884 69.32352941176471 148.31764705882352 70.12941176470588 152.01176470588234 118.15294117647059 book-spine 0
35.797938144329905 277.5546391752577 33.89690721649485 235.73195876288662 18.655670103092785 236.42474226804126 20.556701030927837 278.24742268041234 book-spine 0
225.25351252290776 365.8900427611484 219.81062919975562 303.84117287721443 205.46487477092242 305.0995723885156 210.90775809407455 367.14844227244953 book-spine 0
275 448 272.487898089172 377.66114649681526 260.82420382165606 378.07770700636945 263.33630573248405 448.4165605095542 book-spine 0
385.2540983606558 524.7950819672132 379.51639344262287 461.6803278688525 365.18032786885243 462.98360655737713 370.91803278688525 526.0983606557377 book-spine 0
628 544 592 544 592 602 628 602 book-spine 0
416.950495049505 524.5049504950496 410.65346534653474 461.53465346534654 393.5247524752475 463.2475247524753 399.82178217821786 526.2178217821782 book-spine 0
84.21176470588236 585.7529411764706 80.07058823529412 531.9176470588235 63.01764705882354 533.2294117647059 67.15882352941176 587.064705882353 book-spine 0
315.6315205327414 202.94561598224192 313.65371809101 143.61154273029965 299.90233074361817 144.06992230854604 301.88013318534956 203.40399556048828 book-spine 0
188.65517241379308 517.8620689655172 183.85517241379307 460.2620689655173 171.85517241379307 461.2620689655173 176.65517241379308 518.8620689655172 book-spine 0
250.0731808731809 204.7929313929314 247.94428274428276 152.63492723492723 235.88274428274428 153.12723492723492 238.0116424116424 205.28523908523908 book-spine 0
329.32755632582325 202.86135181975735 326.87175043327557 143.92201039861348 312.6464471403812 144.51473136915075 315.1022530329289 203.45407279029462 book-spine 0
244.27366657358283 521.6146327841385 233.72074839430329 459.3524155263893 222.006422786931 461.33789444289306 232.55934096621058 523.6001117006422 book-spine 0
373.45701357466066 201.59728506787332 370.88009049773757 147.48190045248873 358.2420814479638 148.08371040723986 360.81900452488685 202.19909502262448 book-spine 0
63.000000000000014 519 60.84021129085508 459.60581049851436 46.840541432816124 460.11488940244305 49.000330141961044 519.5090789039288 book-spine 0
282.187591240876 365.9408759124087 280.40218978102195 299.88102189781023 269.5722627737226 300.1737226277373 271.35766423357666 366.23357664233583 book-spine 0
129.1481865284974 207.7968911917099 125.89844559585494 157.4259067357513 108.55129533678758 158.54507772020725 111.80103626943006 208.91606217616584 book-spine 0
54.00000000000004 306 41.00000000000004 306 41.00000000000004 354 54.00000000000004 354 book-spine 0
250.00000000000006 501 249.00000000000006 501 249.00000000000006 506 250.00000000000006 506 book-spine 0
29.10095011876485 123.92755344418052 27.476247030878863 76.81116389548694 17.93586698337292 77.14014251781474 19.56057007125891 124.25653206650833 book-spine 0
497.78802992518706 139.2394014962594 487.1147132169576 138.70573566084792 484.2568578553616 195.86284289276813 494.93017456359104 196.39650872817958 book-spine 0
371.4111675126903 108.75634517766498 367.8020304568528 58.228426395939096 352.52284263959393 59.31979695431473 356.1319796954315 109.84771573604061 book-spine 0
116.0990099009901 287.990099009901 110.18811881188121 228.8811881188119 97.01980198019803 230.19801980198022 102.93069306930693 289.3069306930693 book-spine 0
205.13424657534244 447.77534246575334 197.75342465753423 377.6575342465753 183.43835616438355 379.16438356164383 190.81917808219174 449.2821917808219 book-spine 0
499.0000000000001 541 488.0000000000001 541 488.0000000000001 599 499.0000000000001 599 book-spine 0
322.8893722809198 592.858297078931 318.8340584213798 538.7874456183965 307.0254816656308 539.6730888750777 311.08079552517086 593.7439403356121 book-spine 0
28.38404726735598 518.9852289512555 26.104874446085667 459.7267355982275 14.314623338257014 460.1802067946825 16.593796159527326 519.4387001477104 book-spine 0
335 230.00000000000006 317 230.00000000000006 317 286 335 286 book-spine 0
521 214.00000000000006 506 214.00000000000006 506 281.0000000000001 521 281.0000000000001 book-spine 0
500.30280649926146 281.8729689807976 497.86853766617435 218.5819793205318 482.698670605613 219.165435745938 485.1329394387001 282.45642540620383 book-spine 0
50.513866231647654 518.9853181076672 48.82218597063621 459.7765089722676 37.14600326264274 460.110114192496 38.837683523654164 519.3189233278956 book-spine 0
441.17898832684824 104.863813229572 437.9066147859922 52.50583657587548 425.76653696498056 53.2645914396887 429.0389105058366 105.62256809338523 book-spine 0
119.86585365853658 273.79268292682923 116.7560975609756 245.8048780487805 113.02439024390245 246.21951219512195 116.1341463414634 274.20731707317066 book-spine 0
396.61602209944755 200.7044198895028 393.779005524862 146.8011049723757 381.2872928176796 147.45856353591162 384.1243093922652 201.36187845303874 book-spine 0
259 230.00000000000006 246 230.00000000000006 246 287 259 287 book-spine 0
221.11673151750972 447.8677042801556 216.69260700389106 377.08171206225677 199.88326848249022 378.13229571984436 204.30739299610892 448.9182879377432 book-spine 0
439 145.00000000000006 425 145.00000000000006 425 199.00000000000006 439 199.00000000000006 book-spine 0
18.447963800904986 81.40723981900453 9.787330316742093 73.53393665158372 -6.819004524886864 91.80090497737555 1.8416289592760293 99.67420814479638 book-spine 0
508 140.00000000000006 496 140.00000000000006 496 196.00000000000006 508 196.00000000000006 book-spine 0
473.0000000000001 541 461.0000000000001 541 461.0000000000001 598 473.0000000000001 598 book-spine 0
439 299 427 299 427 366 439 366 book-spine 0
259 227.00000000000006 223.00000000000006 227.00000000000003 223.00000000000006 286 259 286 book-spine 0
313.44615384615383 591.5692307692307 306.8153846153846 538.5230769230768 291.79999999999995 540.3999999999999 298.4307692307692 593.4461538461537 book-spine 0
550 463.0000000000001 536 463.0000000000001 536 529 550 529 book-spine 0
41 123 37.666272189349115 77.43905325443787 23.98343195266272 78.44023668639053 27.31715976331361 124.00118343195267 book-spine 0
463.08416289592753 103.95565610859731 461.97420814479636 51.78778280542987 448.8950226244343 52.06606334841629 450.00497737556555 104.23393665158372 book-spine 0
221 228 204 228 204.00000000000003 286 221.00000000000006 286 book-spine 0
294.7415730337079 202.78651685393265 289.7932584269663 150.82921348314608 274.22022471910117 152.3123595505618 279.16853932584274 204.26966292134836 book-spine 0
344.6113615870154 201.5779981965735 340.8282236248873 142.30883678990082 325.3169522091975 143.29891794409377 329.1000901713256 202.56807935076648 book-spine 0
312.9828850855746 523.5525672371639 303.3887530562347 459.59168704156474 291.06601466992663 461.44009779951097 300.6601466992665 525.40097799511 book-spine 0
322.520913884007 522.6014059753956 315.5634446397188 461.14376098418285 305.68998242530756 462.26151142355013 312.64745166959574 523.7191564147629 book-spine 0
160.02555910543128 287.63897763578274 157.90575079872204 234.64376996805106 146.8434504792332 235.08626198083064 148.9632587859425 288.0814696485623 book-spine 0
568 217.00000000000006 554 217.00000000000006 554 279.0000000000001 568 279.0000000000001 book-spine 0
34.44 367.91999999999996 31.046153846153835 306.8307692307692 13.378461538461533 307.8123076923076 16.772307692307695 368.9015384615384 book-spine 0
48.11724137931034 584.4068965517241 43.67586206896553 531.1103448275862 30.434482758620696 532.2137931034483 34.87586206896552 585.5103448275862 book-spine 0
87.06175637393768 121.59376770538245 85.91784702549575 73.54957507082153 62.621529745042494 74.1042492917847 63.76543909348442 122.14844192634561 book-spine 0
639 544 629 544 629 603 639 603 book-spine 0
417 301 406 301 406 366 417 366 book-spine 0
384.1660056657224 594.97223796034 382.8317280453258 538.9325779036827 365.98413597733713 539.3337110481586 367.31841359773375 595.3733711048159 book-spine 0
553.8449541284405 279.8834862385321 551.9256880733946 216.54770642201836 532.7311926605504 217.12935779816516 534.6504587155963 280.4651376146789 book-spine 0
394.33981900452477 365.97149321266966 392.88914027149315 297.789592760181 379.8099547511313 298.0678733031674 381.2606334841629 366.24977375565607 book-spine 0
288 63.00000000000003 276 63.00000000000003 276 113.00000000000003 288 113.00000000000003 book-spine 0
460.10996386164163 197.83840991223542 458.8802271553949 143.72999483737738 445.7960764068147 144.0273618998451 447.0258131130614 198.13577697470316 book-spine 0
66.44247787610618 586.6371681415928 62.8141592920354 532.212389380531 49.73893805309734 533.0840707964602 53.36725663716813 587.508849557522 book-spine 0
516.5128440366973 100.92385321100917 514.9614678899082 49.72844036697248 503.456880733945 50.07706422018349 505.008256880734 101.27247706422018 book-spine 0
454 300 439 300 439 365 454 365 book-spine 0
434 226.00000000000006 425 226.00000000000006 425 284 434 284 book-spine 0
397.2917497010761 594.8624950179354 393.9043443603029 538.4057393383819 380.8513351933041 539.1889198884018 384.23874053407735 595.6456755679553 book-spine 0
352.0464589235128 365.95127478753545 350.52124645892354 301.8923512747876 339.6226628895184 302.1518413597734 341.1478753541076 366.2107648725213 book-spine 0
305.14769230769224 203.65846153846155 301.8092307692307 143.56615384615384 289.73538461538453 144.2369230769231 293.0738461538461 204.32923076923078 book-spine 0
585 216.00000000000006 569 216.00000000000006 569 279.0000000000001 585 279.0000000000001 book-spine 0
219 516.9999999999999 214.44674085850556 460.08426073131955 188.37360890302065 462.1701112877583 192.9268680445151 519.0858505564387 book-spine 0
440.45862068965516 525.7965517241379 436.73793103448276 462.5448275862069 423.1379310344828 463.34482758620686 426.8586206896552 526.596551724138 book-spine 0
452.2289512555391 525.9527326440177 449.79172821270305 462.58493353028064 437.4638109305761 463.0590841949778 439.90103397341215 526.4268833087149 book-spine 0
559 542 542 542 542 601 559 601 book-spine 0
461.0000000000001 541 449.0000000000001 541 449.0000000000001 597 461.0000000000001 597 book-spine 0
177.55275697753572 520.4009530292717 169.33968686181075 457.9816201497618 150.3008849557522 460.48672566371687 158.51395507147717 522.9060585432268 book-spine 0
407.712101910828 105.9388535031847 405.92484076433124 55.89554140127389 394.2611464968154 56.31210191082802 396.04840764331215 106.35541401273883 book-spine 0
345 230.00000000000006 333 230.00000000000006 333 286 345 286 book-spine 0
555.0334387708992 135.2141888838681 544.6904654315409 134.77406235878902 542.2286488929055 192.62675101671945 552.5716222322638 193.06687754179853 book-spine 0
496.22661737523117 463.2158964879853 480.7323475046211 462.9179297597044 479.48170055452863 527.9515711645101 494.9759704251387 528.2495378927911 book-spine 0
363 218.00000000000006 350 218.00000000000006 350 285 363 285 book-spine 0
591 46.00000000000007 576 46.00000000000007 576 97.00000000000006 591 97.00000000000009 book-spine 0
266.0207841284837 112.95606991025036 264.97496457250827 64.84837033538025 249.330184222957 65.18847425602267 250.37600377893244 113.29617383089277 book-spine 0
348.602523659306 523.6876971608834 341.0977917981072 461.1482649842271 326.5473186119873 462.8943217665616 334.052050473186 525.4337539432178 book-spine 0
495 49.00000000000006 476 49.00000000000006 476 103.00000000000006 495 103.00000000000006 book-spine 0
332.03090638930166 448.79257057949474 330.8086181277861 377.8998514115899 305.98841010401185 378.32778603268946 307.21069836552743 449.2205052005943 book-spine 0
49.6551724137931 122.86206896551725 45.779310344827586 76.35172413793104 35.02068965517241 77.24827586206898 38.896551724137936 123.75862068965519 book-spine 0
439.43138686131385 525.9613138686132 437.7277372262774 462.92627737226275 424.4671532846715 463.2846715328467 426.17080291970797 526.319708029197 book-spine 0
406 301 394 301 394 366 406 366 book-spine 0
410.0184473481937 199.94081475787854 408.95810914681016 145.86356648731746 394.94388931591084 146.13835511145274 396.0042275172944 200.21560338201382 book-spine 0
409.38781804163455 594.9614494988435 407.8311488049344 538.9213569776407 394.9799537393986 539.2783346183501 396.53662297609867 595.3184271395529 book-spine 0
544.0359958861845 137.05622214604054 534.428179636613 136.87829962290033 533.3716146726089 193.93280767912245 542.9794309221804 194.1107302022627 book-spine 0
468 377 452 377 452 449 468 449.00000000000006 book-spine 0
425.1070448307412 198.2662397072278 421.90301921317484 145.39981701738336 408.37694419030197 146.2195791399817 411.58096980786837 199.08600182982616 book-spine 0
162.4474226804124 588.8432989690722 159.93814432989691 533.6391752577318 149.23298969072164 534.1257731958763 151.7422680412371 589.3298969072166 book-spine 0
398.03116603976355 284.90112842557767 396.9494895217625 218.91886082751213 388.86969371305736 219.0513164965073 389.9513702310585 285.03358409457286 book-spine 0
535 139.00000000000006 519 139.00000000000006 519 195.00000000000006 535 195.00000000000006 book-spine 0
471.0366548042705 282.94270462633455 469.9725978647688 226.54768683274023 443.7555160142349 227.0423487544484 444.81957295373667 283.4373665480427 book-spine 0
369.3103448275861 593.7241379310345 364.6689655172413 538.0275862068966 349.4413793103448 539.2965517241379 354.0827586206896 594.9931034482759 book-spine 0
22.885395117914772 367.846090194456 17.87918907736864 306.5200661977658 8.736036408771202 307.26644600744726 13.742242449317335 368.5924700041374 book-spine 0
449 54.00000000000006 438 54.00000000000006 438 104.00000000000006 449 104.00000000000006 book-spine 0
93.41870824053453 463.9465478841871 66.06904231625839 454.37416481069044 46.22271714922053 511.07795100222717 73.57238307349667 520.6503340757238 book-spine 0
278 232.00000000000006 263 232.00000000000006 263 287 278 287 book-spine 0
278 63.00000000000003 265 63.00000000000003 265 114.00000000000003 278 114.00000000000003 book-spine 0
385.65846153846155 107.85230769230768 382.88307692307694 57.8953846153846 368.2615384615384 58.7076923076923 371.0369230769231 108.66461538461537 book-spine 0
248.55909943714823 590.4296435272045 243.78236397748594 535.4971857410882 230.53470919324576 536.6491557223264 235.31144465290805 591.5816135084427 book-spine 0
224.0483754512635 204.69747292418776 218.40794223826714 152.52346570397114 204.59638989169673 154.01660649819496 210.23682310469312 206.19061371841158 book-spine 0
540 299.0000000000001 523 299.0000000000001 523 365.0000000000001 540 365.0000000000001 book-spine 0
509.00000000000006 462.0000000000001 496 462.0000000000001 496.0000000000001 528 509.0000000000001 528 book-spine 0
268.00000000000006 461 247.00000000000006 461 247.00000000000006 524 268.0000000000001 524 book-spine 0
315 62.00000000000004 301 62.00000000000004 301 112.00000000000003 315 112.00000000000003 book-spine 0
286.669323374495 591.7195355714963 282.7904834509471 536.2642401868859 270.3534543461266 537.1341525133378 274.2322942696745 592.5894478979482 book-spine 0
277.8132221482817 590.9983184476956 274.50738651108327 535.1664893949822 257.7477092511681 536.1588398032317 261.0535448883665 591.990668855945 book-spine 0
261.5043408827957 590.5320335028794 256.7120807188911 535.2498842320089 242.80703913903363 536.4552747191639 247.59929930293825 591.7374239900344 book-spine 0
450.65739695688535 597.0502881830663 448.62763729006406 539.7095802594251 435.1108378329473 540.188051058898 437.1405974997686 597.5287589825392 book-spine 0
436.227183602094 596.7872166757435 435.1062599787592 539.7882470924598 421.59647809444834 540.0539261700104 422.7174017177832 597.0528957532941 book-spine 0
423.15205523723245 596.5410036199371 420.99657612629096 538.1634479487549 407.4784972457113 538.6625770457536 409.6339763566528 597.0401327169358 book-spine 0
409.4771483529258 595.5069695105848 407.53616348164496 538.1872365653077 394.89524528413773 538.6152886464973 396.8362301554185 595.9350215917744 book-spine 0
595.3535741164346 599.1707480388966 579.4525219747655 538.9997243280812 559.8892345496995 544.1696023561415 575.7902866913686 604.3406260669568 book-spine 0
628.6284200956527 542.824319985131 591.2444645866389 542.6481876190618 590.9629455355031 602.4003837512548 628.3469010445169 602.576516117324 book-spine 0
521.058201 462.2222220000001 507.724868 462.2222220000001 507.72486800000013 527.777778 521.058201 527.777778 book-spine 0
482.56294258443825 462.0576023555258 465.192971401808 461.3023863852271 462.3002896317481 527.8340819035236 479.67026081437837 528.5892978738223 book-spine 0
466.87538722502404 526.4187198056903 465.3589459357603 461.7171579219747 450.76007109011846 462.05931869751385 452.2765123793822 526.7608805812295 book-spine 0
234.04200463804153 522.2802952027536 222.40700149522314 459.18278352642676 212.5627355721154 460.99803839006773 224.19773871493385 524.0955500663946 book-spine 0
127.83068800000007 459.52381 111.11111100000005 459.52381 111.11111100000005 517.777778 127.83068800000007 517.777778 book-spine 0
147.11191916379266 519.6809032749211 135.53995130337293 457.84319938005063 121.34835732715749 460.4989362369703 132.92032518757722 522.3366401318408 book-spine 0
236.347245182548 447.9270855221897 230.5421285581554 377.74322163834 215.4430437951376 378.9921119547233 221.24816041953017 449.175975838573 book-spine 0
241.64012957690986 447.6115612160518 236.97087299589495 377.7570250772626 231.03016719743732 378.15411710848315 235.69942377845223 448.0086532472724 book-spine 0
256.38659767968016 448.0983246901129 250.82490628536334 376.8075733790387 236.38727849164937 377.9339134551065 241.94896988596622 449.22466476618075 book-spine 0
288.41366296774794 448.4865876837348 282.90879212332925 376.7981608688184 269.9962064096174 377.7897032945573 275.5010772540361 449.4781301094737 book-spine 0
299.42792489388876 446.5279607146125 295.75319186137745 380.3829050340265 284.8081377566675 380.99096487232214 288.48287078917883 447.13602055290824 book-spine 0
307.6298078285707 447.1915403478326 303.39973869872057 382.0707550214621 292.2185889635951 382.7970521030121 296.4486580934452 447.9178374293826 book-spine 0
394.497354 376.507937 380.74074100000007 376.507937 380.74074100000007 449.84127 394.497354 449.84127 book-spine 0
409.10052899999994 377.142857 394.285714 377.142857 394.285714 449.84127 409.10052899999994 449.84127 book-spine 0
424.126984 377.301587 409.52381 377.301587 409.52381 448.57142899999997 424.126984 448.57142899999997 book-spine 0
434.6292811662214 378.14981630245256 422.1344758995973 377.5931664517377 418.92778590038745 449.57192839535355 431.4225911670116 450.1285782460685 book-spine 0
479.20489102752066 381.25881315590414 469.75562103846767 380.63406815870724 465.2746063982811 448.40942826562895 474.7238763873341 449.0341732628259 book-spine 0
506.8320823630212 378.31809172116266 490.12067799632086 377.7066995126121 487.5141867483481 448.9508675179728 504.2255911150485 449.56225972652334 book-spine 0
472.8605677797677 364.8641990736133 471.8839141080179 297.96346024535785 457.5641757259816 298.17250763876876 458.5408293977314 365.0732464670242 book-spine 0
460.5814087219935 365.04503042355066 459.32244176814885 293.283955694714 452.35716704002067 293.4061535678688 453.61613399386533 365.1672282967055 book-spine 0
556.1276129605026 297.99527551258024 541.0082244445803 297.7097346685212 539.746077420233 364.54042324553546 554.8654659361553 364.82596408959455 book-spine 0
522.751323 298.57142900000014 509.62963 298.57142900000014 509.62963 365.07936500000017 522.751323 365.07936500000017 book-spine 0
509.20634899999993 300.3174600000001 500.10582 300.3174600000001 500.10582 365.39682500000015 509.20634899999993 365.39682500000015 book-spine 0
380.8072407406578 365.4811994857173 378.5843840846541 304.29706588053267 369.1577875697827 304.6395398451353 371.38064422578634 365.8236734503199 book-spine 0
374 336 369 336 369 338 374 338 book-spine 0
371.28510486178135 365.2213334492226 368.8338838514959 304.18592774506953 358.58077041233855 304.59769935194186 361.03199142262395 365.6331050560949 book-spine 0
361.54339282939065 365.30813383776103 359.384340182546 301.9762538446841 350.07757621201756 302.2935315472618 352.2366288588623 365.62541154033875 book-spine 0
341.3155523380232 365.61759118208664 338.4952124726418 299.4677918103831 327.19300658843576 299.9496687340433 330.0133464538172 366.09946810574684 book-spine 0
329.55860337543174 365.3165258966503 328.1934754265848 299.96106270316716 317.64922101263403 300.18130835206756 319.0143489614809 365.53677154555066 book-spine 0
320.21963615590937 366.55513478356113 317.03393926715427 299.1041358949413 303.96101480588385 299.7215674447982 307.1467116946389 367.17256633341805 book-spine 0
249.14278530405096 366.11097025088924 243.1375537731497 301.61479205332466 231.1636802487368 302.72967800231174 237.16891177963805 367.22585619987626 book-spine 0
253.45589695306165 366.0275407284957 249.54366293556762 302.1044313590912 240.59461698851717 302.6521325320089 244.5068510060112 366.5752419014134 book-spine 0
258.88027360658987 366.57767910904676 256.44193783039645 301.5738548914872 249.920037791332 301.8184956089438 252.35837356752543 366.82231982650336 book-spine 0
237.32979261951553 367.1336608708165 232.84303371512823 299.1592598653595 217.34348243509672 300.18233250286767 221.83024133948402 368.1567335083247 book-spine 0
223.18329073409865 366.94676912316856 218.46025538149524 303.0171058047148 211.60734600934234 303.52338929742825 216.33038136194574 367.45305261588203 book-spine 0
217.53428536133936 367.3721046304635 212.00219153678518 301.70855772297364 201.40931717315226 302.60099770849394 206.94141099770644 368.2645446159838 book-spine 0
209.57072295530077 367.28526895483094 203.12841784400592 301.0215387383139 196.36911618144455 301.67869286331137 202.8114212927394 367.94242307982836 book-spine 0
203.59555513145165 366.83003256153575 195.48280211754968 301.0265822993915 184.35528018637706 302.39846837412995 192.46803320027902 368.2019186362742 book-spine 0
182.78808482244403 366.46131176091376 176.2769061523974 303.35297074968145 164.69323571919247 304.5481114654247 171.2044143892391 367.656452476657 book-spine 0
159.05129095550745 366.81143789249836 150.64319604421735 304.9712591475206 142.36132209990473 306.09730346984196 150.76941701119483 367.93748221481974 book-spine 0
205.52794206274854 286.66309776310777 201.70501874289533 231.23070661468438 187.7665700931249 232.19197888315114 191.58949341297807 287.6243700315746 book-spine 0
390.29371381786905 284.5513348559259 388.7205291502131 227.4110026090218 375.82462149973287 227.76605207047012 377.3978061673887 284.90638431737426 book-spine 0
484.70367655648306 282.2984574048851 483.3302013201087 225.12758340954468 470.6600746220397 225.43197101192663 472.03354985841395 282.60284500726704 book-spine 0
534.0409127507813 280.9738530032816 531.4607617284674 215.95404285213118 517.3660498546815 216.51335677762293 519.9462008769954 281.5331669287733 book-spine 0
279.18173088445275 204.31264466606362 275.61506905431366 152.0017130953104 262.40327930250453 152.90251881221616 265.9699411326436 205.21345038296937 book-spine 0
264.93197101235364 204.35936692768416 262.5250542308458 151.6478857734041 247.82930511514027 152.3189244994815 250.2362218966481 205.03040565376156 book-spine 0
240.07048127164177 204.96673655854943 237.77859761536445 151.85232995459705 226.55516691359057 152.33662035784977 228.8470505698679 205.45102696180214 book-spine 0
154.01556844526348 207.6587615377116 150.31033428177673 156.76969475879974 140.64921603390965 157.47312100839088 144.3544501973964 208.36218778730273 book-spine 0
144.48343861449487 207.69437428921032 141.4771825553612 156.70363332102605 125.83203572318497 157.62602269147297 128.83829178231863 208.61676365965724 book-spine 0
524.444444 541.111111 509.2063490000001 541.111111 509.2063490000001 600.47619 524.444444 600.47619 book-spine 0
595.0326858815821 599.4428846113026 579.8817217008859 538.8390915224934 560.4108232433707 543.7068212479826 575.5617874240669 604.3106143367916 book-spine 0
220.33790458518652 115.30311661647437 219.18971150857863 67.07900522885956 206.52115696526982 67.38063746631727 207.6693500418777 115.60474885393208 book-spine 0
208.40144528802807 116.06046575763735 205.57657418063624 60.78286720026584 184.87956116919338 61.840554140205114 187.7044322765852 117.11815269757662 book-spine 0
356.4372943939065 109.27484920983035 354.10445496488467 59.11880393534227 340.9521523835599 59.73053896900025 343.2849918125817 109.88658424348833 book-spine 0
303.915344 55.555556000000045 287.619048 55.55555600000004 287.619048 112.22222200000003 303.915344 112.22222200000003 book-spine 0