238.39088065014926 487.9476788090188 185.07835592793703 306.4582329461685 146.74256535653927 317.7193714265166 200.05509007875156 499.20881728936695 book-spine 0
412.22622950819687 149.71147540983605 374.7967213114755 -9.36393442622952 333.16065573770493 0.43278688524590336 370.59016393442624 159.50819672131146 book-spine 0
387.1153846153846 632.423076923077 353.5846153846153 509.4769230769231 284.1153846153846 528.4230769230769 317.6461538461539 651.3692307692309 book-spine 0
504.3389601620526 420.38352464550974 428.40310600945304 216.55570560432142 386.82140445644836 232.04692775151923 462.7572586090479 435.8747467927076 book-spine 0
577.0233793836344 400.2678002125399 507.4059511158342 198.37725823591924 489.43889479277357 204.57279489904357 559.0563230605737 406.46333687566425 book-spine 0
120.60468018720749 225.92074882995323 65.10140405616224 49.616224648985956 39.17129485179407 57.77940717628705 94.67457098283933 234.0839313572543 book-spine 0
593.1917012448133 102.93112033195023 570.1701244813279 -8.887966804979257 525.6738589211618 0.2730290456431703 548.6954356846472 112.09211618257265 book-spine 0
170.10311347957804 212.8129357228894 120.81560024820236 42.44957477096033 102.72011534109573 47.68474650509181 152.00762857247142 218.04810745702088 book-spine 0
433.9770222305249 439.053241173174 359.357556510368 251.122734915001 332.84606762563044 261.64935550158793 407.46553334578743 449.579861759761 book-spine 0
639 470.0000000000001 625 470.0000000000001 625 577 639 577 book-spine 0
551.280684715309 409.5565132936749 481.94755372101497 203.9479179312857 449.23685807939785 214.97826878717984 518.5699890736919 420.5868641495691 book-spine 0
504.46153846153857 606.3076923076924 479.53846153846155 481.6923076923076 458.19230769230774 485.96153846153845 483.11538461538464 610.5769230769232 book-spine 0
649.7070835182953 381.6986492485256 590.9139450821232 191.01820026634533 572.5893842348912 196.66827319424186 631.3825226710634 387.34872217642214 book-spine 0
217.14117647058828 486.835294117647 148.68000000000004 324.2399999999999 128.47294117647058 332.74823529411765 196.93411764705883 495.3435294117646 book-spine 0
348.9941120394775 457.19761117030237 264.39096057870245 257.0786182919307 216.40626927606124 277.36482924914486 301.00942073683626 477.48382212751653 book-spine 0
378.8965517241379 450.2413793103449 299.24137931034477 251.10344827586204 269.7586206896551 262.8965517241379 349.41379310344826 462.0344827586207 book-spine 0
149.64029591300482 218.3564700650847 98.40093786635407 42.51230949589683 82.04163803209767 47.27925779197154 133.28099607874842 223.1234183611594 book-spine 0
49.80898876404494 515.505617977528 33.61235955056179 445.32022471910113 21.123595505617956 448.2022471910112 37.320224719101105 518.3876404494382 book-spine 0
198.0436075322101 205.45193260654116 150.05698711595642 46.72695738354808 120.56640237859267 55.64271555996037 168.55302279484636 214.36769078295345 book-spine 0
560.9875825627475 596.280317040951 543.8694848084543 465.75482166446506 504.2073976221929 470.9564068692207 521.3254953764862 601.4819022457067 book-spine 0
168.28648648648652 212.6810810810811 114.60000000000002 38.2 94.92432432432432 44.25405405405405 148.61081081081082 218.73513513513515 book-spine 0
94.13763352506163 232.76458504519303 37.53327855382087 55.404272801972056 12.70090386195562 63.329498767460976 69.30525883319638 240.68981101068198 book-spine 0
315.09901181941484 638.391590776981 282.8300716915327 527.0637473357876 247.54795582251504 537.2904475876768 279.8168959503972 648.6182910288701 book-spine 0
514.0594059405939 122.40594059405944 484.3128712871286 -9.32871287128711 439.5316831683167 0.7831683168317056 469.27821782178205 132.51782178217826 book-spine 0
622.6801007556675 388.15365239294715 562.528967254408 197.6750629722922 540.4181360201511 204.65743073047858 600.5692695214107 395.1360201511335 book-spine 0
486.42568807339455 610.0477064220185 457.7607621736063 486.33592095977417 413.0745236414961 496.6900494001412 441.73944954128444 620.4018348623854 book-spine 0
639 443.0000000000001 612 443.0000000000001 612 580 639 580 book-spine 0
517.0150943396226 602.7471698113208 493.50188679245275 477.34339622641505 479.7962264150943 479.91320754716975 503.30943396226405 605.3169811320754 book-spine 0
231.2738853503185 196.3312101910828 180.49363057324842 23.67834394904459 167.3375796178344 27.547770700636946 218.11783439490443 200.20063694267515 book-spine 0
271.73056994818654 186.17616580310886 227.6113989637306 18.52331606217618 206.1502590673575 24.17098445595856 250.26943005181346 191.82383419689126 book-spine 0
126.37077500853533 223.5681119836121 71.38357801297371 49.04353021509047 58.971833390235574 52.95407989074769 113.95903038579718 227.47866165926933 book-spine 0
291.4531182980184 180.96980355151408 243.38680621086044 8.594063652740836 222.492236424466 14.420434073946979 270.55854851162394 186.79617397272025 book-spine 0
608.9504950495049 587.5049504950496 595.5841584158416 453.8415841584158 544.7920792079207 458.9207920792079 558.1584158415841 592.5841584158416 book-spine 0
254.9248868778281 190.17737556561087 209.18371040723983 27.542081447963795 200.03257918552038 30.11583710407239 245.77375565610862 192.75113122171948 book-spine 0
603.9395255596392 396.46207818242556 534.4627464082861 183.94487136652185 505.8653524891413 193.29401937854988 575.3421316404945 405.81122619445364 book-spine 0
520.9593367875648 414.92572020725385 453.58947150259075 229.3408082901554 435.65189637305707 235.8523937823834 503.0217616580312 421.43730569948184 book-spine 0
139.72616136919314 221.158924205379 82.74718826405866 46.1520782396088 69.03765281173594 50.615647921760385 126.0166259168704 225.6224938875306 book-spine 0
257.68965517241384 470.27586206896547 190.65517241379314 313.86206896551727 169.53448275862073 322.9137931034483 236.5689655172414 479.3275862068965 book-spine 0
551.3405113619873 409.8801694866064 482.1849841831847 203.5857155295006 436.9093072525176 218.76335722784927 506.06483443132015 425.05781118495514 book-spine 0
614.837377387713 581.8446050593701 611.8389261744967 449.9127516778523 596.3242127000516 450.2653588022715 599.3226639132679 582.1972121837892 book-spine 0
219.50495540138746 199.82408325074334 167.05401387512387 26.332507433102087 143.29534192269574 33.515361744301295 195.74628344895933 207.00693756194255 book-spine 0
239.83975973648518 194.59717109087387 189.7486921139314 21.782987793063356 179.1199379965123 24.863786087967448 229.21100561906604 197.67796938577794 book-spine 0
636.2521768940692 385.98244772026067 577.627528282482 198.61347274597193 563.2441892355158 203.11378128213926 621.8688378471031 390.48275625642793 book-spine 0
549.3846153846155 113.9230769230769 525.1923076923078 -7.038461538461561 483.46153846153857 1.3076923076923066 507.65384615384625 122.26923076923077 book-spine 0
464.8102626201468 432.1118595322788 382.5966850828729 222.66298342541438 352.2045712555815 234.5925981987437 434.4181487928555 444.04147430560806 book-spine 0
445.7385892116182 619.2697095435684 412.9419087136929 496.28215767634856 387.1742738589211 503.1535269709543 419.9709543568464 626.1410788381743 book-spine 0
248.20846331208463 192.55920249559205 202.14661603146618 18.780415027804146 188.0862606808626 22.507256205072558 234.14810796148106 196.28604367286042 book-spine 0
651.4159292035399 342.7610619469027 611.2424778761061 188.76283185840708 592.0283185840707 193.77522123893806 632.2017699115044 347.7734513274337 book-spine 0
578.8622366288491 590.7260940032415 567.7350081037276 460.90842787682334 543.5696920583468 462.9797406807131 554.6969205834685 592.7974068071313 book-spine 0
404.86393442622955 443.09672131147545 329.3967213114754 250.2360655737705 301.79672131147544 261.0360655737705 377.2639344262296 453.8967213114755 book-spine 0
421.06580555070695 624.7901902600804 387.5939954616862 502.61808343515463 354.247687205446 511.75405829987795 387.71949729446675 633.9261651248038 book-spine 0
356.83479789103694 164.207381370826 312.0328646748682 -7.926362038664337 244.1518453427065 9.741300527240774 288.95377855887523 181.87504393673117 book-spine 0
373.1764705882353 159.70588235294116 332.2352941176471 -4.058823529411782 314.35294117647055 0.4117647058823479 355.2941176470588 164.1764705882353 book-spine 0
560.8617100371748 405.6602230483271 496.47026022304834 220.06133828996283 484.8669144981412 224.08698884758365 549.2583643122676 409.68587360594796 book-spine 0
470.8483146067415 134.34269662921346 436.8202247191011 -13.112359550561806 378.4662921348314 0.353932584269657 412.4943820224719 147.80898876404493 book-spine 0
277.96664782362916 638.711701526286 247.26286037309217 535.7637083097795 219.6328434143584 544.0042396834369 250.3366308648954 646.9522328999435 book-spine 0
643.0317241379311 296.01931034482766 616.776551724138 188.08137931034483 609.5041379310345 189.8503448275862 635.7593103448276 297.788275862069 book-spine 0
525.1418476838523 601.6652708714996 504.3410102067521 474.78016226118814 492.6550641193405 476.6958911279769 513.4559015964408 603.5809997382884 book-spine 0
299.85798816568047 471.05917159763317 214.29585798816566 265.71005917159755 176.44970414201185 281.4792899408283 262.01183431952666 486.82840236686394 book-spine 0