275.43818334735073 604.7460050462574 259.6349873843566 552.5954583683767 248.14465937762827 556.0773759461732 263.94785534062237 608.2279226240539 book-spine 0
294.5283018867924 601.8490566037735 279.47169811320754 549.1509433962265 267.98113207547163 552.433962264151 283.0377358490565 605.132075471698 book-spine 0
536.0079999999999 145.54400000000004 525.0799999999999 85.44 510.11999999999995 88.16000000000001 521.0479999999999 148.26400000000007 book-spine 0
359.3673870333988 444.4165029469549 343.434184675835 374.31041257367394 325.32416502946955 378.42632612966605 341.25736738703347 448.532416502947 book-spine 0
381.29999999999995 584.9 364.70000000000005 535.1 350.9 539.7 367.49999999999994 589.5 book-spine 0
402.81900452488685 509.49321266968326 381.7782805429864 450.57918552036205 369.552036199095 454.94570135746613 390.59276018099547 513.8597285067873 book-spine 0
183.63076923076926 397.6461538461539 167.01538461538462 336.723076923077 151.95384615384614 340.8307692307693 168.56923076923078 401.7538461538462 book-spine 0
170.61318051575932 319.6074498567335 156.2005730659026 267.7220630372493 142.01719197707737 271.66189111747855 156.4297994269341 323.54727793696276 book-spine 0
205.94570135746602 550.447963800905 184.97285067873298 491.7239819004525 170.27601809954749 496.97285067873304 191.24886877828055 555.6968325791855 book-spine 0
445.448395490026 168.22463139635738 432.57762359063304 115.13269731136168 418.75368603642664 118.48395490026022 431.6244579358195 171.5758889852559 book-spine 0
377.7285921625544 517.5268505079825 358.37300435413636 457.0406386066764 345.27431059506523 461.23222060957914 364.62989840348325 521.7184325108853 book-spine 0
141.17917485265227 630.7316306483301 128.60392927308447 579.3827111984283 112.81611001964637 583.249115913556 125.39135559921417 634.5980353634578 book-spine 0
496.7688927943761 243.62478031634447 484.55272407732866 186.03427065026355 473.9973637961336 188.27328646748674 486.21353251318106 245.86379613356763 book-spine 0
416.28089887640454 263.55056179775283 402.1741573033708 202.42134831460672 389.39325842696627 205.3707865168539 403.5 266.5 book-spine 0
68.00000000000003 237 36.00000000000003 237 36.00000000000003 267 68.00000000000003 267 book-spine 0
335.64705882352945 196.58823529411768 322.1764705882353 142.70588235294116 305.2352941176471 146.9411764705882 318.70588235294116 200.82352941176475 book-spine 0
556.3383128295255 403.59490333919155 541.0342706502636 331.44727592267134 524.5632688927943 334.9411247803163 539.8673110720563 407.08875219683654 book-spine 0
360.0188679245282 190.56603773584902 344.6226415094339 136.67924528301887 332.3396226415094 140.18867924528303 347.7358490566037 194.07547169811318 book-spine 0
11.00000000000004 316 3.869883885305636e-14 316 4.1331829471223176e-14 359 11.000000000000043 359 book-spine 0
447.3529411764706 255.41176470588238 433.5882352941177 200.35294117647067 409.3529411764706 206.41176470588243 423.11764705882354 261.47058823529414 book-spine 0
524.7307692307693 50.65384615384616 514.2307692307693 -1.846153846153868 495.76923076923083 1.8461538461538396 506.2692307692308 54.34615384615387 book-spine 0
456.46748681898066 68.20386643233742 445.2785588752197 15.456063268892791 435.56414762741656 17.51669595782073 446.75307557117753 70.26449912126536 book-spine 0
116.90673575129534 158.44559585492232 104.43264248704662 111.04404145077723 91.97927461139895 114.3212435233161 104.45336787564767 161.72279792746116 book-spine 0
470.0459016393444 419.6950819672131 454.91147540983616 355.3737704918032 440.36393442622955 358.79672131147527 455.49836065573777 423.11803278688524 book-spine 0
552.6684350132626 141.17506631299733 541.6870026525199 89.01326259946944 526.1140583554377 92.29177718832888 537.0954907161804 144.45358090185675 book-spine 0
299.76923076923083 110.84615384615387 289.03846153846155 57.192307692307686 276.92307692307696 59.61538461538461 287.6538461538462 113.2692307692308 book-spine 0
369.58823529411757 273.64705882352945 356.15294117647056 213.18823529411765 342.28235294117655 216.2705882352941 355.71764705882356 276.7294117647059 book-spine 0
294.7924528301886 456.7735849056603 275.3207547169811 388.62264150943395 264.6226415094339 391.6792452830188 284.0943396226414 459.8301886792452 book-spine 0
596.6154179298399 549.592464270247 583.943265482893 490.0333477695973 567.4148982243395 493.55002165439595 580.0870506712863 553.1091381550456 book-spine 0
93.56603773584905 163.9811320754717 80.09433962264151 116.83018867924528 63.584905660377345 121.54716981132076 77.0566037735849 168.69811320754718 book-spine 0
491.5823627287853 156.79534109816976 480.18469217970045 102.08652246256239 466.92678868552406 104.84858569051579 478.324459234609 159.55740432612316 book-spine 0
468.5094339622641 498.28301886792445 451.2264150943396 437.7924528301885 438.8113207547168 441.3396226415093 456.0943396226413 501.8301886792452 book-spine 0
579.2307692307692 312.1538461538462 565.8846153846154 245.42307692307696 546.4615384615385 249.30769230769232 559.8076923076923 316.0384615384616 book-spine 0
308.08808290155446 370.1347150259068 291.8445595854922 308.4093264248705 279.3911917098446 311.68652849740937 295.63471502590676 373.41191709844566 book-spine 0
169.1467889908257 236.1559633027523 152.57798165137618 180.92660550458717 117.99082568807339 191.302752293578 134.55963302752292 246.5321100917431 book-spine 0
266.06185567010306 532.639175257732 242.35051546391753 479.2886597938145 220.26804123711338 489.1030927835052 243.9793814432989 542.4536082474226 book-spine 0
393.37735849056594 584.3207547169811 378.0943396226414 530.8301886792453 364.0943396226414 534.8301886792453 379.37735849056594 588.3207547169811 book-spine 0
459 111.00000000000006 432 111.00000000000006 432 169.00000000000006 459 169.00000000000006 book-spine 0
68.52999294283697 502.64361326746655 48.959774170783334 438.5956245589273 15.449541284403665 448.83486238532106 35.0197600564573 512.8828510938603 book-spine 0
284.8235294117647 293.2941176470588 271.52941176470586 240.11764705882356 258.8235294117647 243.2941176470589 272.11764705882354 296.4705882352941 book-spine 0
91.6816 574.0511999999999 74.0976 513.7632 59.851200000000006 517.9184 77.43520000000001 578.2063999999999 book-spine 0
148.4936305732484 149.67834394904457 134.52866242038215 102.19745222929937 121.37261146496814 106.06687898089174 135.33757961783436 153.54777070063693 book-spine 0
326.4415841584158 526.7841584158417 303.64554455445534 466.94455445544554 289.7564356435643 472.2356435643564 312.55247524752474 532.0752475247526 book-spine 0
83.65517241379308 337.86206896551727 60.534482758620676 283.9137931034483 46.77586206896552 289.8103448275862 69.89655172413792 343.7586206896552 book-spine 0
206.2662880053458 393.93217507517534 185.54026060808553 330.5349148012027 170.19913130638156 335.5502839959906 190.92515870364184 398.9475442699632 book-spine 0
404.03846153846155 434.19230769230774 390.1923076923077 364.9615384615385 364.0384615384616 370.19230769230774 377.8846153846155 439.4230769230769 book-spine 0
526.6292682926829 407.9365853658537 513.0780487804878 344.69756097560975 485.28292682926826 350.65365853658534 498.8341463414634 413.89268292682925 book-spine 0
372.47668393782385 441.6113989637306 353.940414507772 371.1735751295337 341.0440414507772 374.56735751295344 359.58031088082896 445.0051813471503 book-spine 0
576.6470588235293 479.58823529411757 560.5294117647059 415.1176470588235 545.235294117647 418.9411764705882 561.3529411764705 483.4117647058823 book-spine 0
563.9311390212213 554.3763533997402 551.7527067994803 497.1377219575576 540.0892161108706 499.61931572109154 552.2676483326115 556.8579471632742 book-spine 0
194.50796460176988 137.78053097345133 181.95575221238937 89.6637168141593 168.60353982300882 93.14690265486726 181.15575221238936 141.2637168141593 book-spine 0
56.221538461538444 422.6276923076923 35.72923076923078 364.5661538461539 1.99076923076926 376.4738461538462 22.483076923076922 434.5353846153846 book-spine 0
403.5121951219513 266.3902439024391 389.37560975609756 200.4195121951219 374.82926829268297 203.53658536585363 388.9658536585366 269.5073170731708 book-spine 0
289.1618037135279 113.0185676392573 277.4270557029178 57.27851458885941 259.8381962864721 60.98143236074271 271.5729442970822 116.7214854111406 book-spine 0
477.84763948497846 62.56008583690988 466.1845493562231 13.575107296137347 454.28755364806864 16.40772532188842 465.950643776824 65.39270386266095 book-spine 0
434.20318584070804 343.68778761061947 420.197168141593 277.4775221238938 410.4782300884956 279.5334513274336 424.4842477876107 345.7437168141593 book-spine 0
344.17078651685404 279.99325842696635 331.09887640449443 225.83820224719105 316.3382022471911 229.40112359550565 329.41011235955057 283.55617977528095 book-spine 0
106.04149377593362 160.65560165975103 93.64315352697096 114.16182572614107 79.07883817427387 118.04564315352695 91.47717842323651 164.53941908713693 book-spine 0
506.5339223729883 327.4471442095298 492.458819816977 262.9362574944778 478.938781950142 265.8860839381509 493.0138845061533 330.3969706532029 book-spine 0
282.68283249033027 375.54924129723304 265.6477238916989 311.95150252900925 252.90151740553404 315.36566498066054 269.9366260041654 378.96340374888433 book-spine 0
308.3529411764706 288.5882352941176 296.28235294117644 234.27058823529416 283.8941176470588 237.0235294117647 295.9647058823529 291.34117647058827 book-spine 0
68.65916955017302 578.4515570934258 50.50519031141867 518.80276816609 34.707612456747384 523.6107266435987 52.86159169550173 583.2595155709344 book-spine 0
189.1917098445596 315.52849740932646 174.67098445595855 260.3497409326425 147.5 267.5 162.02072538860102 322.678756476684 book-spine 0
543.5882352941177 556.3529411764706 529.7647058823529 501.0588235294118 514.7058823529411 504.82352941176475 528.5294117647059 560.1176470588235 book-spine 0
341.44827586206895 446.3793103448276 328.0901856763926 382.92838196286476 311.710875331565 386.3766578249337 325.0689655172414 449.82758620689657 book-spine 0
189.79966703662598 231.98057713651497 176.00998890122085 180.5826859045505 161.6986681465039 184.42230854605995 175.488346281909 235.8201997780244 book-spine 0
318.6230769230769 368.2846153846154 300.7384615384615 302.70769230769235 289.65384615384613 305.7307692307693 307.53846153846155 371.30769230769226 book-spine 0
85.06422018348623 256.8807339449541 70.36697247706422 207.88990825688077 56.880733944954144 211.9357798165138 71.57798165137615 260.92660550458714 book-spine 0
240.69999999999996 609.1 235.39999999999998 593.1999999999999 228.19999999999996 595.5999999999999 233.49999999999994 611.5 book-spine 0
604.4145706851691 474.9601040763225 588.477016478751 409.2176929748483 573.536860364267 412.839549002602 589.4744145706851 478.5819601040763 book-spine 0
299.6977635782747 531.844089456869 277.16357827476037 472.28945686900965 265.3661341853035 476.75335463258796 287.90031948881784 536.3079872204473 book-spine 0
419.256 175.40800000000002 409.256 120.40800000000002 399.04799999999994 122.26400000000001 409.04799999999994 177.264 book-spine 0
579.2378378378378 399.17297297297296 567.7567567567568 326.45945945945937 555.1243243243243 328.45405405405404 566.6054054054055 401.1675675675675 book-spine 0
489.4235294117647 59.90588235294116 478.05882352941177 8.764705882352942 465.0352941176471 11.658823529411762 476.4 62.79999999999998 book-spine 0
539.0034642032332 406.6200923787529 527.3810623556582 339.21016166281754 515.2921478060047 341.29445727482675 526.9145496535797 408.70438799076214 book-spine 0
441.54458598726114 505.25159235668775 423.1528662420383 442.71974522293 408.5350318471337 447.01910828025484 426.9267515923566 509.5509554140126 book-spine 0
569.9750415973376 400.8801996672214 554.908485856905 328.5607321131448 538.4559068219634 331.9883527454243 553.522462562396 404.3078202995009 book-spine 0
124.94161073825502 155.5308724832215 110.91476510067113 108.3496644295302 99.61610738255033 111.70872483221476 113.64295302013423 158.88993288590603 book-spine 0
34.57306590257879 338.0630372492837 23.16905444126074 297.00859598853873 7.851002865329505 301.26361031518627 19.255014326647554 342.31805157593124 book-spine 0
237.77649958915367 385.4330320460148 218.54889071487264 325.1865242399342 205.12859490550534 329.46959737058336 224.35620377978637 389.7161051766639 book-spine 0
304.32075471698107 454.62264150943395 284.9622641509433 386.86792452830196 273.47169811320754 390.15094339622647 292.8301886792452 457.9056603773585 book-spine 0
427.3450881612091 507.25944584382876 407.8639798488665 445.5692695214106 393.84130982367753 449.9974811083124 413.32241813602013 511.6876574307305 book-spine 0
639 484.0000000000001 636 484.0000000000001 636 512 639 512 book-spine 0
457.0999999999999 500.70000000000005 440.29999999999995 439.1 423.46153846153845 443.6923076923077 440.26153846153846 505.2923076923077 book-spine 0
145.30079999999998 629.7456 129.9792 577.2144 112.8912 582.1984 128.2128 634.7296 book-spine 0
292.29411764705884 207.1764705882353 277.764705882353 149.05882352941177 264.3529411764706 152.41176470588238 278.88235294117646 210.5294117647059 book-spine 0
234 541 215.59999999999997 485.79999999999995 203.89999999999998 489.7 222.3 544.9 book-spine 0
228.88235294117646 222.52941176470586 216.0588235294117 171.23529411764704 203.1176470588235 174.4705882352941 215.94117647058823 225.76470588235293 book-spine 0
305.52217855137565 204.1409320606401 291.3952835485682 146.22066254912968 277.19146546883775 149.6850084222347 291.3183604716452 207.6052779337451 book-spine 0
288.75257731958766 533.5567010309279 265.91752577319585 474.1855670103093 253.78865979381442 478.85051546391753 276.6237113402062 538.2216494845361 book-spine 0
348.5647668393782 193.7461139896373 334.7305699481865 141.1761658031088 321.88341968911914 144.55699481865287 335.71761658031085 197.12694300518137 book-spine 0
111.57512953367873 568.5854922279792 96.23834196891194 510.3056994818653 81.66839378238345 514.139896373057 97.00518134715026 572.4196891191709 book-spine 0
293.5168539325843 373.4269662921349 277.8651685393259 308.5842696629214 266.52584269662924 311.3213483146067 282.1775280898877 376.1640449438203 book-spine 0
111.01886792452828 250.56603773584902 96.98113207547169 201.43396226415092 79.67924528301886 206.37735849056605 93.71698113207545 255.50943396226415 book-spine 0
68.56153846153849 408.3923076923077 56.03076923076924 362.44615384615383 43.93076923076924 365.74615384615385 56.461538461538495 411.69230769230774 book-spine 0
344.06585365853664 522.6073170731709 322.14390243902443 463.10487804878056 310.55853658536586 467.37317073170743 332.48048780487807 526.8756097560977 book-spine 0
466.70270270270265 163.21621621621625 457.2972972972973 106.78378378378378 446.108108108108 108.64864864864863 455.51351351351343 165.0810810810811 book-spine 0
327.1538461538461 103.23076923076927 313.7461538461538 54.06923076923077 298.26153846153846 58.29230769230769 311.6692307692308 107.4538461538462 book-spine 0
115.24114671163575 331.56829679595273 95.66610455311977 275.29005059021927 82.86677908937608 279.74198988195616 102.44182124789208 336.0202360876897 book-spine 0
235.13289349670123 469.3119698397738 213.41753063147974 401.99434495758726 198.89632422243164 406.6786050895383 220.61168708765314 473.9962299717248 book-spine 0
554.1779483600837 556.4480111653874 541.7341242149337 498.8953244940684 530.1409630146545 501.40195394277737 542.5847871598046 558.9546406140963 book-spine 0
379.42738589211615 587.3526970954356 365.26970954356847 534.2614107883817 353.50622406639 537.3983402489627 367.66390041493764 590.4896265560166 book-spine 0
76.70588235294119 575.8235294117648 62.29411764705881 518.1764705882352 50.294117647058826 521.1764705882352 64.7058823529412 578.8235294117648 book-spine 0
328.5756097560976 284.01951219512193 316.88292682926834 229.45365853658535 298.37560975609756 233.41951219512197 310.0682926829268 287.98536585365855 book-spine 0
509.5707317073171 240.66341463414633 495.419512195122 174.62439024390244 479.9170731707317 177.94634146341463 494.0682926829269 243.98536585365855 book-spine 0
489.2352941176471 245.94117647058818 473.7647058823529 184.0588235294117 458.4705882352941 187.88235294117644 473.9411764705882 249.7647058823529 book-spine 0
98.60104076322635 570.8542931483087 84.61318300086732 513.1543798785776 72.96444058976584 515.9783174327841 86.95229835212487 573.6782307025152 book-spine 0
394.89592760180994 85.18552036199095 380.4714932126697 33.898642533936666 368.047963800905 37.39276018099548 382.4723981900453 88.67963800904977 book-spine 0
101.53315994798439 335.0559167750325 83.08972691807543 282.5630689206762 70.84460338101431 286.8654096228869 89.28803641092327 339.35825747724317 book-spine 0
370.82352941176464 188.29411764705884 357.52941176470586 135.11764705882354 344.58823529411757 138.35294117647058 357.8823529411764 191.52941176470588 book-spine 0
254.6269571136827 300.0197413206263 240.16814159292028 246.52212389380531 228.45609257998632 249.6875425459496 242.91490810074873 303.18515997277063 book-spine 0
250.90566037735846 466.16981132075466 231.32075471698107 397.62264150943395 214.4150943396226 402.45283018867923 233.99999999999994 470.99999999999994 book-spine 0
413 124.00000000000006 386 124.00000000000006 386 181.00000000000006 413 181.00000000000006 book-spine 0
17 146 15.999999999999998 136.99999999999997 10.841463414634145 137.5731707317073 11.841463414634148 146.57317073170734 book-spine 0
478.99177132957993 159.6613252490256 467.5062797747943 105.67951494153317 454.98787353832824 108.34300563014295 466.4733650931139 162.32481593763538 book-spine 0
528.3925729442972 560.8647214854112 516.4774535809019 504.26790450928377 503.8779840848806 506.920424403183 515.7931034482758 563.5172413793103 book-spine 0
446.8620296465223 341.1664766248574 433.11060433295324 274.70125427594064 420.24743443557577 277.3625997719498 433.9988597491448 343.8278221208666 book-spine 0
253.49411764705883 300.22352941176473 240.5529411764706 241.98823529411766 205.50588235294114 249.77647058823533 218.4470588235294 308.0117647058824 book-spine 0
368.0000000000001 536 297.0000000000001 536 297.0000000000001 602 368.0000000000001 602 book-spine 0
589.368700265252 477.5013262599469 575.628647214854 412.2360742705571 561.0132625994695 415.3129973474802 574.7533156498674 480.57824933686993 book-spine 0
7 185.99999999999997 4.199999999999999 166.4 -2.8000000000000007 167.40000000000003 0 186.99999999999994 book-spine 0
416.8235294117647 79.29411764705881 404.11764705882354 28.470588235294116 389.7647058823529 32.05882352941177 402.4705882352941 82.88235294117646 book-spine 0
217.50344827586207 307.55862068965513 202.6111405835544 250.6970822281167 186.10079575596814 255.0212201591512 200.99310344827586 311.88275862068963 book-spine 0
269.35880708294496 212.46784715750232 256.6877912395154 160.63187325256294 241.21248835041936 164.41472506989751 253.88350419384898 216.2506989748369 book-spine 0
319.5294117647059 200.11764705882354 305.05882352941177 142.23529411764707 289.7647058823529 146.05882352941177 304.2352941176471 203.94117647058823 book-spine 0
356.7573567372225 520.7532266391328 333.20753742901394 460.4068146618483 320.6556530717604 465.30511099638613 344.205472379969 525.6515229736708 book-spine 0
365.4 518.2 345.70000000000005 459.09999999999997 335.79999999999995 462.4 355.5 521.5 book-spine 0
158.74594594594598 321.9243243243244 142.91891891891893 270.4864864864865 131.6756756756757 273.94594594594594 147.50270270270275 325.3837837837838 book-spine 0
555.1034482758621 229.24137931034488 542.1379310344828 167.6551724137931 527.5225464190981 170.73209549071618 540.4880636604775 232.31830238726792 book-spine 0
51.83018867924528 426.90566037735846 34.73584905660377 367.07547169811323 17.43396226415095 372.01886792452825 34.52830188679246 431.8490566037736 book-spine 0
110.0478955007257 635.0246734397678 93.68795355587812 583.8998548621191 80.2626995645864 588.1959361393325 96.62264150943398 639.3207547169811 book-spine 0
51.71308253790006 174.9236384053902 40.16339135317238 127.56990454800675 17.142616507580012 133.18472768107804 28.692307692307686 180.53846153846152 book-spine 0
426.17519514310493 345.4726799653079 410.6331309627059 281.3616652211622 399.64267129228097 284.0260190806592 415.1847354726799 348.1370338248049 book-spine 0
440.8098788443616 576.3131407269339 427.23159366262814 520.7656104380243 410.2674743709226 524.9123951537746 423.8457595526561 580.4599254426842 book-spine 0
541 170.00000000000006 507 170.00000000000006 507 238.00000000000006 541 238.00000000000006 book-spine 0
403.01482602118006 350.3715582450832 387.4384266263238 283.2732223903177 373.8493192133132 286.4278366111952 389.4257186081695 353.5261724659607 book-spine 0
246.60212201591514 124.61007957559681 236.22546419098146 75.3209549071618 223.52519893899205 77.9946949602122 233.90185676392576 127.2838196286472 book-spine 0
432.5261510952168 172.20026821636117 419.8444345105051 119.16763522574874 406.6428252123379 122.3245417970496 419.3245417970496 175.35717478766202 book-spine 0
128.30188679245282 634.0566037735848 113.16981132075476 581.0943396226415 100.09433962264154 584.8301886792453 115.22641509433959 637.7924528301886 book-spine 0
467.2662295081967 65.56852459016395 455.392131147541 15.433442622950807 443.8550819672131 18.16590163934427 455.7291803278688 68.30098360655741 book-spine 0
461.71803278688526 336.6983606557377 446.568524590164 272.7337704918033 431.19409836065574 276.37508196721313 446.34360655737703 340.33967213114755 book-spine 0
425.07804878048785 261.6975609756098 412.9170731707318 204.94634146341463 403.219512195122 207.02439024390247 415.38048780487804 263.77560975609765 book-spine 0
453.11764705882354 573.4705882352941 439.3529411764706 518.4117647058824 426.1764705882353 521.7058823529412 439.9411764705883 576.7647058823529 book-spine 0
361.98068965517245 359.03172413793106 346.61862068965524 295.8765517241379 334.70206896551724 298.77517241379314 350.06413793103445 361.93034482758617 book-spine 0
282.3721614802355 209.96089150546678 266.14676198486126 151.29983179142133 253.71488645920945 154.73843566021864 269.9402859545837 213.3994953742641 book-spine 0
571.2941176470589 225.1764705882353 555.8235294117648 163.29411764705878 540.2941176470588 167.17647058823528 555.7647058823529 229.0588235294118 book-spine 0
263 534 246.5051903114187 479.8027681660899 221.6747404844291 487.3598615916955 238.1695501730104 541.5570934256054 book-spine 0
480.5882352941177 497.3529411764706 465.05882352941177 435.2352941176471 451.4117647058823 438.64705882352945 466.9411764705883 500.7647058823529 book-spine 0
493.1543649306857 494.43986511802166 477.26601723491945 433.33083551892094 464.5646309479206 436.6331959535407 480.4529786436868 497.7422255526414 book-spine 0
613.2794376098419 546.0316344463972 601.0448154657295 488.35413005272403 583.5588752196836 492.0632688927944 595.7934973637961 549.7407732864675 book-spine 0
458.3861386138614 531.8613861386137 456.980198019802 517.8019801980199 454.90099009900985 518.0099009900991 456.30693069306926 532.069306930693 book-spine 0
223.0520156046814 546.224967490247 202.13198959687907 486.683355006502 183.41547464239278 493.2594278283486 204.33550065019506 552.8010403120935 book-spine 0
362.2941176470589 93.17647058823528 349.9411764705883 43.76470588235294 338.1764705882353 46.70588235294119 350.52941176470586 96.11764705882352 book-spine 0
337.3114916035562 282.52914059927554 326 227 314.05136648007897 229.43398090220614 325.36285808363516 284.9631215014817 book-spine 0
522.0583629893239 148.69323843416367 512.6078291814947 90.41494661921706 501.8896797153025 92.15302491103203 511.34021352313164 150.43131672597866 book-spine 0
535.3851528384279 488.0113537117903 523.1034934497816 423.87379912663755 507.17685589519647 426.92358078602626 519.4585152838428 491.061135371179 book-spine 0
355.78202995008314 277.75374376039935 342.071547420965 211.94342762063226 328.33444259567386 214.80532445923458 342.04492512479203 280.61564059900167 book-spine 0
539.7170731707317 46.34634146341462 529.1365853658538 -3.0292682926829286 513.6341463414634 0.2926829268292863 524.2146341463415 49.66829268292683 book-spine 0
224.37328094302555 129.6424361493124 213.53831041257368 81.96856581532418 198.0648330058939 85.48526522593322 208.89980353634576 133.15913555992142 book-spine 0
390.99999999999994 513.9999999999999 370.9 453.70000000000005 356.4999999999999 458.5000000000001 376.5999999999999 518.7999999999998 book-spine 0
446.46153846153857 72.30769230769232 435.76923076923083 18.84615384615384 416.34615384615387 22.730769230769226 427.03846153846155 76.19230769230771 book-spine 0
359.8519313304721 444.17811158798287 343.43562231759654 375.2296137339056 318.469957081545 381.1738197424893 334.88626609442053 450.1223175965666 book-spine 0
15.20335570469799 184.04765100671142 2.2100671140939667 140.34295302013422 -8.641610738255032 143.5691275167785 4.351677852348992 187.27382550335568 book-spine 0
480.82352941176464 497.2941176470588 465.2941176470588 435.17647058823525 451.88235294117646 438.52941176470586 467.4117647058823 500.6470588235294 book-spine 0
415.11764705882354 347.47058823529403 399.17647058823536 283.7058823529411 386.47058823529403 286.88235294117646 402.4117647058823 350.6470588235294 book-spine 0
384.82352941176475 184.29411764705878 371.5882352941177 131.35294117647058 356.5294117647059 135.11764705882354 369.7647058823529 188.0588235294117 book-spine 0
465.344262295082 571.2131147540983 452.29508196721315 515.7540983606557 438.63934426229514 518.967213114754 451.688524590164 574.4262295081967 book-spine 0
514 94.00000000000006 491 94.00000000000006 491 153.00000000000006 514 153.00000000000006 book-spine 0
492.3076923076924 416.5384615384616 478.03846153846155 345.1923076923077 461.69230769230774 348.46153846153845 475.96153846153845 419.8076923076924 book-spine 0
397.447191011236 179.99550561797753 384.9808988764046 128.3494382022472 371.3280898876405 131.64494382022474 383.79438202247195 183.29101123595507 book-spine 0
222.33401015228426 616.1238578680204 208.5700507614213 562.3192893401015 197.67817258883247 565.1055837563451 211.44213197969543 618.9101522842641 book-spine 0
390.1725321888412 269.555364806867 375.074678111588 205.0463519313305 365.8562231759656 207.2038626609442 380.9540772532189 271.7128755364807 book-spine 0
505.2516240796882 153.88263317453448 493.4196621914249 98.27241229969684 477.4408834993503 101.67215244694674 489.27284538761364 157.28237332178438 book-spine 0
462.41176470588243 252.6470588235294 448.5882352941177 197.35294117647055 422 204 435.82352941176475 259.29411764705884 book-spine 0
425.30188679245276 578.0566037735849 410.0188679245282 524.566037735849 394.9622641509433 528.8679245283018 410.2452830188679 582.3584905660377 book-spine 0
40.05732484076434 429.3949044585987 22.49363057324841 369.6783439490446 13.18152866242039 372.4171974522293 30.745222929936318 432.1337579617835 book-spine 0
402.35121951219514 82.6390243902439 391.78536585365856 33.33170731707318 380.38048780487804 35.775609756097566 390.9463414634146 85.08292682926829 book-spine 0
128.34146341463423 507.92682926829275 100.24390243902444 504.80487804878055 93.58536585365857 564.7317073170733 121.68292682926835 567.8536585365855 book-spine 0
271.98823529411766 296.44705882352935 260.1294117647059 243.08235294117645 245.9411764705882 246.23529411764702 257.79999999999995 299.5999999999999 book-spine 0
235.92882249560634 127.3787346221441 225.37961335676627 77.64674868189806 212.73637961335675 80.3286467486819 223.28558875219682 130.06063268892794 book-spine 0
340.97345132743357 99.3982300884956 328.1132743362831 50.10088495575221 313.17345132743367 53.99823008849556 326.0336283185841 103.29557522123895 book-spine 0
306.86792452830184 600.0377358490565 291.5094339622641 546.2830188679245 278.0377358490565 550.1320754716982 293.39622641509425 603.8867924528302 book-spine 0
203.1 228.29999999999998 186.2 177.59999999999997 172.7 182.10000000000002 189.60000000000002 232.79999999999998 book-spine 0
545.4562334217508 319.16710875331563 531.6631299734748 253.64986737400528 514.1246684350133 257.34217506631296 527.9177718832891 322.8594164456233 book-spine 0
548.2634146341464 485.229268292683 534.4341463414636 420.69268292682926 522.7560975609756 423.19512195121956 536.5853658536586 487.7317073170733 book-spine 0
312.61643835616434 529.6438356164384 289.97260273972597 469.2602739726027 276.3835616438356 474.35616438356163 299.0273972602739 534.7397260273973 book-spine 0
272.5042141794745 118.4650470996529 262.33068914229057 68.72781358453148 248.23847297967274 71.61031234506693 258.41199801685667 121.34754586018838 book-spine 0
343.8913470378322 592.7116488760144 328.56746429727843 539.2746414145684 316.58307917671914 542.7113479411752 331.9069619172729 596.1483554026212 book-spine 0
335.0788223459293 593.8474794482823 320.2371376251682 539.9230320310432 304.0500211548125 544.3782298253271 318.8917058755736 598.3026772425662 book-spine 0
319.02938406727316 596.7821904523089 302.8480406857118 543.7044557828291 289.49747288959156 547.7745262783594 305.67881627115287 600.8522609478392 book-spine 0
505.4042134134388 563.8308745752387 491.4970047508872 508.1652087704978 478.37505892144804 511.4435246959523 492.28226758399967 567.1091905006932 book-spine 0
491.2346386637534 566.5737618159279 478.2874584917437 511.05340913298437 465.1281355815796 514.1221238731898 478.0753157535894 569.6424765561333 book-spine 0
478.39404266293826 569.0514010846729 464.1482898622818 512.39768413784 451.0293884701043 515.6964725725783 465.2751412707608 572.3501895194112 book-spine 0
464.8029779460545 570.8831361756692 450.98696551920443 515.2195301017587 438.71127885459816 518.2664228826741 452.52729128144824 573.9300289565847 book-spine 0
647.3793010102236 535.8209696780214 619.3154642693161 480.27084286622016 601.2545592589231 489.395183685853 629.3183959998306 544.9453104976543 book-spine 0
559.864026312131 481.43498453119935 546.2342601485892 417.3119749616892 533.1922918666522 420.0841308412793 546.8220580301941 484.20714041078946 book-spine 0
519.5492363048361 490.833807742551 508.54598889393026 425.15456688941117 491.3985743527726 428.0272743416122 502.4018217636784 493.706515194752 book-spine 0
506.58266767986606 491.3708673570753 491.6471583592953 428.39847470323843 477.43844268210205 431.76843408522694 492.3739520026728 494.7408267390638 book-spine 0
277.9768310832415 535.7316579214321 253.47736965564096 476.4320308489786 244.22563814216073 480.2543557191854 268.72509956976126 539.5539827916389 book-spine 0
172.0051358126861 554.3292513600504 163.77399746593846 496.4906487522877 147.40087994422544 498.82074300443844 155.63201829097304 556.6593456122012 book-spine 0
192.40593306813616 551.2628495144364 168.2300586157106 493.1823948469406 154.90074359588837 498.73069587696676 179.07661804831395 556.8111505444625 book-spine 0
264.77279549718736 462.52395715849985 244.50248888464807 395.0807314492118 229.99301384283933 399.44160690840476 250.26332045537862 466.88483261769284 book-spine 0
269.8844160951491 461.1148753878841 250.79361927288187 393.75762125442964 245.06529173795684 395.38117818987087 264.1560885602241 462.73843232332536 book-spine 0
284.40984261492775 458.52503881407245 264.1475064289228 389.9485023532877 250.25955459004047 394.0519809425775 270.52189077604544 462.62851740336225 book-spine 0
315.8177634623297 452.24601624090565 295.5283256514289 383.2686807223309 283.1040641824069 386.92323302602506 303.3935019933078 455.9005685445999 book-spine 0
324.82027382760043 448.4487598068171 309.75964935867364 384.25199595057825 298.92920852608324 386.7928281111814 313.98983299501003 450.9895919674202 book-spine 0
334.34473458004925 446.98400715107005 316.6677296377303 384.16574826367093 305.8819203908881 387.2008658670591 323.55892533320696 450.0191247544582 book-spine 0
419.46233148734063 431.6678872406433 404.64386594238186 359.8435121718911 391.1703186641748 362.62331075585894 405.9887842091336 434.447685824611 book-spine 0
433.93328069905283 428.56067442725123 419.3394111201594 357.3691464123158 404.6994548057147 360.37025650295584 419.293324384608 431.5617845178912 book-spine 0
447.51981651249525 424.4142995122254 434.17169813413284 354.4841673691291 419.69421235356333 357.2475997851392 433.04233073192574 427.1777319282355 book-spine 0
456.0429927960462 424.11889682975266 444.21438347154185 353.0463354559516 431.8768856495316 355.0996657279668 443.7054949740359 426.1722271017678 book-spine 0
498.1705018353827 414.0455642746854 488.4623043283274 346.8196031119356 479.08963312824244 348.17312400781134 488.79783063529777 415.39908517056114 book-spine 0
528.0349561975862 408.0359769692464 513.2171234713877 338.3235531076748 496.6558943320281 341.84375093660947 511.4737270582266 411.556174798181 book-spine 0
478.8479891873818 332.10230902115325 463.983232230739 266.86656971703087 450.019877075802 270.04829008828005 464.88463403244486 335.28402939240243 book-spine 0
466.87475635323784 334.8321700501443 450.72333368362627 264.9010012936151 443.93567362019235 266.4686909028628 460.0870962898039 336.3998596593921 book-spine 0
559.0529336142764 315.01513335707943 546.3926184414911 249.38244019519715 531.5442580295627 252.24663658205668 544.2045732023481 317.87932974393897 book-spine 0
527.693247114915 321.9399025677583 513.865470067822 256.88532457435144 501.0305175374033 259.6134778800057 514.8582945844964 324.6680558734125 book-spine 0
514.510266821232 325.0665831879052 500.97950568832715 261.4093592519358 492.07784592922394 263.3014655116742 505.6086070621288 326.9586894476436 book-spine 0
388.93452926107943 351.8447897425382 374.0393513507376 292.45983403471996 364.8899527673525 294.7547236755016 379.78513067769427 354.13967938331996 book-spine 0
377 324 372 324 372 327 377 327 book-spine 0
379.5664460059729 353.5703666024012 364.4788161591332 294.37836771579316 354.5353704489079 296.91288304049806 369.6230002957476 356.10488192710613 book-spine 0
370.0556603635672 355.6806851669739 354.7763469039955 294.181651501457 345.73892464216675 296.42698121437604 361.01823810173846 357.92601487989293 book-spine 0
350.3341867443313 360.1889842965988 333.8221616286405 296.0710990605518 322.86712408912206 298.89230650259276 339.37914920481273 363.0101917386398 book-spine 0
338.77156029637104 362.33890623729985 323.8480994084355 298.6954420833755 313.5800532082727 301.1031486389621 328.5035140962082 364.7466127928865 book-spine 0
329.8941934838963 365.49212812297293 312.7542601756213 300.1774388790287 300.09538127276744 303.49939206695666 317.2353145810425 368.81408131090086 book-spine 0
260.2781956316509 379.8353785931764 240.99468325707795 317.99715427014326 229.51426539314843 321.57718559167483 248.79777776772136 383.415409914708 book-spine 0
264.4797095532122 378.8570251028002 247.3626047035807 317.14418859677704 238.72299004827158 319.5405326685798 255.84009489790316 381.25336917460294 book-spine 0
269.8999303027272 378.26735130596876 253.9998230325739 315.1909748188592 247.67130567989034 316.7862488401762 263.5714129500437 379.8626253272858 book-spine 0
248.93597418569482 383.29178025905236 230.41458978571148 317.7356324291642 215.46644892123135 321.9588864210638 233.98783332121462 387.515034250952 book-spine 0
235.05974983310944 386.0501952194004 217.14820046036317 324.49952283346676 210.5503058835588 326.41954271119624 228.46185525630506 387.9702150971299 book-spine 0
229.6226212537616 387.64073079664166 210.55919778452338 324.56227638562524 200.38335217968432 327.6375967265237 219.44677564892254 390.7160511375401 book-spine 0
221.81502777424612 389.21151030921175 201.73649803243813 325.735232463727 195.26153344239185 327.78336404155624 215.34006318419978 391.25964188704097 book-spine 0
215.87578267551942 390.00852905887757 194.25900624944626 327.32977778214786 183.6598782821537 330.985226796579 205.27665470822686 393.6639780733087 book-spine 0
195.4463440315962 393.97398174412587 175.95648885763012 333.5984599046872 164.87443296639492 337.17586441846294 184.364288140361 397.5513862579016 book-spine 0
172.30105190966853 399.25161444932235 151.2193977211759 340.5109327941277 143.3526201475941 343.3342688486451 164.43427433608676 402.07495050383966 book-spine 0
201.09829952487001 311.1916675256776 185.8338737012043 257.7654383533319 172.39987385381806 261.60367094736466 187.6642996774837 315.02990011971036 book-spine 0
381.3874353584939 270.71108805994766 367.9684855105523 215.14649246322873 355.4282036226377 218.17499311055303 368.8471534705793 273.73958870727193 book-spine 0
473.2659149471223 248.8785064259984 460.0359603020813 193.24251463234765 447.70599161986695 196.1745182002087 460.935946264908 251.81050999385945 book-spine 0
521.2496139545045 237.32505998960448 505.20746580574723 174.26253237249648 491.5370449810388 177.74007956910356 507.57919312979607 240.80260718621156 book-spine 0
256.036328950208 215.2525223376831 241.14848635610286 164.94237619892357 228.43805331537794 168.70366375096745 243.32589590948305 219.01380988972699 book-spine 0
242.09230061955384 218.33567941203773 228.77864702287027 167.27649654502022 214.54355134330416 170.98828984353412 227.8572049399877 222.04747271055163 book-spine 0
217.9003728559634 224.09877116390697 204.61546596631962 172.6215504093179 193.73798359509863 175.42874043195584 207.02289048474242 226.9059611865449 book-spine 0
134.28566992298227 244.6237902373261 120.0809713848906 195.61713379188245 110.77722300367306 198.31384788370337 124.9819215417647 247.32050432914696 book-spine 0
124.96924411435282 246.64046648351734 111.42711054061537 197.38903192770067 96.31562293893052 201.54407401826094 109.85775651266798 250.79550857407764 book-spine 0
578.291121109444 551.8407226250679 565.948427792717 493.7729128996315 551.0433219988784 496.9410907685159 563.3860153156054 555.0089004939523 book-spine 0
647.1220092580511 536.1538724248926 619.7018811908672 480.02448539855675 601.6685279681506 488.8340748319074 629.0886560353343 544.9634618582431 book-spine 0
179.95688490660825 140.49714995337533 168.80742627361178 93.5655734066579 156.4784232661408 96.4945546839234 167.62788189913724 143.4261312306408 book-spine 0
168.4387280161464 143.71967799654436 154.1827284323865 90.23735128367736 134.15790070872586 95.5750759721713 148.41390029248575 149.0574026850383 book-spine 0
311.82882986332174 106.30395949813928 299.1189406881781 57.72896904171837 286.381234156037 61.06185365678094 299.09112333118065 109.63684411320185 book-spine 0
259.1695746375808 120.88629057929853 249.5663587187575 65.06637295871226 233.38383891136462 67.85040128489733 242.98705483018796 123.6703189054836 book-spine 0