114.09502515371722 531.2017887087758 101.58188932364453 529.7121296813862 95.1397428731135 583.8261598658469 107.65287870318619 585.3158188932365 book-spine 0
142.33846153846162 533.2923076923076 126.21538461538466 531.276923076923 119.33846153846159 586.2923076923078 135.4615384615385 588.3076923076924 book-spine 0
323.72667295004715 298.84731385485395 311.83506126295947 295.01131008482565 289.8934967012252 363.0301602262017 301.785108388313 366.86616399622994 book-spine 0
341.2870514820594 476.20592823712957 325.6474258970359 473.70358814352574 315.7628705148205 535.4820592823713 331.40249609984403 537.9843993759752 book-spine 0
146.20124804992204 263.9921996879875 133.48673946957882 261.95787831513263 120.93759750390018 340.390015600624 133.6521060842434 342.42433697347894 book-spine 0
136.8536585365854 171.3170731707317 122.58536585365857 169.7317073170732 114.84146341463416 239.4268292682927 129.10975609756102 241.01219512195127 book-spine 0
132.00000000000006 362 119.00000000000006 362 119.00000000000006 430 132.00000000000006 430 book-spine 0
509.5949839914622 121.88313767342589 498.3516542155817 120.5757737459979 489.9711846318037 192.64781216648885 501.2145144076842 193.9551760939168 book-spine 0
277.1745562130178 468.7189349112426 264.04733727810657 463.31360946745565 239.215976331361 523.6183431952663 252.34319526627223 529.0236686390533 book-spine 0
411.9080924855491 315.5473988439307 395.76069364161856 307.2554913294798 362.4393063583815 372.1445086705203 378.58670520231215 380.4364161849712 book-spine 0
103.03018867924536 529.5056603773585 85.5207547169812 526.222641509434 74.92452830188687 582.7358490566038 92.43396226415102 586.0188679245283 book-spine 0
572.6196377502384 241.03431839847485 560.600571973308 239.15633937082947 549.7426120114395 308.6472831267875 561.76167778837 310.5252621544329 book-spine 0
421.3489403647117 287.8511582060128 418.2567767373091 218.27747658945293 397.60867422375554 219.19517003449977 400.7008378511582 288.76885165105966 book-spine 0
104.36481647269474 159.57072515666968 93.34064458370639 158.39794091316026 85.29006266786038 234.07341092211283 96.31423455684873 235.24619516562223 book-spine 0
356.41999999999996 275.94 346.23999999999995 204.68000000000006 332.65999999999997 206.62000000000006 342.84 277.88 book-spine 0
371.0536912751678 103.36241610738259 361.0134228187919 101.59060402684568 349.18456375838923 168.62080536912754 359.2248322147651 170.39261744966444 book-spine 0
543.5374461979914 348.15466284074614 532.0074605451937 333.8200860832138 470.94691535150645 382.9340028694405 482.4769010043041 397.26857962697284 book-spine 0
393.49388753056235 106.37408312958442 384.7408312958435 105.06112469437659 374.71393643031786 171.90709046454774 383.4669926650367 173.22004889975557 book-spine 0
93.93442622950823 160.72131147540986 79.95901639344265 159.45081967213116 73.33606557377051 232.30327868852464 87.3114754098361 233.57377049180332 book-spine 0
454 220.00000000000006 440 220.00000000000006 440 293 454 293 book-spine 0
599.5404996214988 124.90840272520825 586.2959878879636 123.06888720666169 574.5056775170325 207.9591218773657 587.7501892505677 209.79863739591227 book-spine 0
523.5133414190418 115.67707701637363 509.4620982413584 113.95148574893881 499.6519102486355 193.83444511825354 513.703153426319 195.56003638568836 book-spine 0
194.7902208201893 70.41482649842273 173.6545741324921 67.87854889589906 165.41640378548897 136.52996845425866 186.55205047318614 139.06624605678235 book-spine 0
517.0846153846153 338.17692307692323 500.3307692307692 325.146153846154 453.16153846153844 385.7923076923079 469.9153846153846 398.8230769230771 book-spine 0
602.7384615384616 250.09230769230777 589.2000000000002 248.4000000000001 581.0615384615386 313.5076923076924 594.6 315.2000000000001 book-spine 0
229.86792452830187 286.96226415094344 205.03773584905667 279.86792452830196 185.3396226415095 348.81132075471703 210.16981132075472 355.9056603773586 book-spine 0
420.3076923076923 287.4615384615385 411.20000000000005 214.59999999999994 389.29230769230765 217.3384615384615 398.4 290.20000000000005 book-spine 0
206.31707317073176 370.1463414634146 188.64634146341467 368.1829268292683 181.0487804878049 436.5609756097561 198.71951219512198 438.52439024390253 book-spine 0
505.1352597602213 497.14509683369204 497.77589916999693 496.88687365508764 495.56563172456197 559.8794958499847 502.9249923147863 560.137719028589 book-spine 0
174.21388367729836 41.54033771106944 149.9193245778612 39.42776735459664 141.77673545966232 133.0675422138837 166.0712945590995 135.1801125703565 book-spine 0
364.8505516549649 479.938816449348 353.59478435305914 477.76028084252755 341.88966900702104 538.2367101303912 353.1454363089268 540.4152457372116 book-spine 0
591.295612009238 236.08545034642046 573.8487297921478 233.07736720554283 560.4884526558891 310.5669745958431 577.9353348729793 313.57505773672074 book-spine 0
226.08108108108112 285.5135135135136 198.83783783783787 280.972972972973 187.35135135135138 349.8918918918919 214.59459459459464 354.4324324324325 book-spine 0
259.96800482945974 73.97796559009964 248.7847872019318 72.40839118623606 237.93299124660427 149.7274373679445 249.11620887413224 151.29701177180806 book-spine 0
200.60000000000005 457.20000000000016 191.3 454.10000000000014 170.90000000000006 515.3000000000001 180.20000000000007 518.4000000000001 book-spine 0
267.878612716763 549.2890173410404 246.23699421965318 545.9595375722544 237.91329479768788 600.063583815029 259.55491329479764 603.3930635838151 book-spine 0
79.07782101167318 164.75486381322958 60.52529182879379 163.59533073929964 56.37354085603114 230.02334630350194 74.92607003891052 231.1828793774319 book-spine 0
224.9245283018868 183.26415094339626 208.54273029966706 182.7180910099889 206.14761376248617 254.57158712541622 222.52941176470588 255.11764705882354 book-spine 0
124.93063583815032 268.4508670520231 107.2716763005781 265.7341040462428 96.20809248554917 337.6473988439307 113.8670520231214 340.3641618497111 book-spine 0
225.0067415730337 67.4292134831461 201.83595505617976 65.22247191011238 194.47415730337076 142.52134831460674 217.64494382022468 144.72808988764046 book-spine 0
291.42113150992884 286.1494941925815 278.6073435743724 282.8179093293369 258.57886849007116 359.8505058074186 271.3926564256276 363.18209067066323 book-spine 0
112.4836065573771 164.68032786885246 101.93442622950823 163.72131147540983 95.40163934426232 235.58196721311475 105.95081967213119 236.54098360655738 book-spine 0
210.31009312861818 181.23206644852758 195.37276617165872 180.7578655927511 193.06267304304055 253.52579914422353 208.00000000000006 254 book-spine 0
56.18659558263523 351.09672505712115 40.533130236100575 349.5620715917745 33.920411271896455 417.0118050266565 49.573876618431115 418.5464584920031 book-spine 0
24.262582056892832 253.62144420131295 10.477024070021926 250.99562363238516 -2.9846827133478797 321.66958424507663 10.800875273523026 324.2954048140044 book-spine 0
331.07808564231743 299.9193954659951 320.59697732997495 296.6095717884132 299.16624685138544 364.4735516372797 309.647355163728 367.78337531486153 book-spine 0
468.33972602739726 113.77260273972608 453.1397260273973 112.1726027397261 445.3917808219178 185.77808219178087 460.5917808219178 187.3780821917809 book-spine 0
479.08856576338417 496.12888301387983 461.985128883014 495.81791143423675 460.89656311962995 555.6890284203571 478.00000000000017 556.0000000000002 book-spine 0
489.28128095080876 494.2647738527568 478.29580719709475 493.8653020798944 475.97689006272697 557.6355232750083 486.96236381644104 558.0349950478707 book-spine 0
222.97029702970298 68.29702970297032 199.6039603960396 65.96039603960398 192.04950495049508 141.50495049504954 215.41584158415844 143.84158415841588 book-spine 0
56.98294434470383 255.5125673249551 45.78545780969483 253.81597845601436 34.60053859964096 327.63644524236986 45.79802513464997 329.33303411131067 book-spine 0
375.2741116751269 279.83756345177665 370.3197969543147 210.47715736040607 358.38071065989845 211.32994923857865 363.33502538071065 280.6903553299493 book-spine 0
342.5692307692308 94.44615384615389 333.3384615384615 93.29230769230774 324.63076923076926 162.9538461538462 333.86153846153843 164.10769230769236 book-spine 0
552.46 123.78000000000009 534.5400000000001 121.22000000000008 523.44 198.92000000000007 541.36 201.48000000000008 book-spine 0
434.9230769230769 323.3846153846155 420.39366515837105 316.502262443439 391.54072398190056 377.4140271493213 406.07013574660635 384.2963800904978 book-spine 0
307.94117647058823 297.2352941176471 290.2941176470589 292.82352941176475 273.35294117647067 360.5882352941177 291 365.00000000000006 book-spine 0
191.9753424657534 73.73424657534248 180.36712328767126 72.51232876712331 173.46301369863016 138.1013698630137 185.07123287671232 139.3232876712329 book-spine 0
562.0848780487805 357.28390243902453 552.6790243902439 347.27121951219516 503.9999999999999 393.00000000000006 513.4058536585367 403.0126829268294 book-spine 0
274.6755407653911 295.55740432612316 263.0948419301165 293.144758735441 249.4425956738769 358.675540765391 261.02329450915147 361.0881863560732 book-spine 0
313.44827586206895 268.3793103448276 307.56551724137927 197.78620689655173 286.2965517241379 199.55862068965519 292.17931034482757 270.15172413793107 book-spine 0
21.50102110279105 345.5922396187883 6.6269571136828205 343.6351259360109 -2.406398910823654 412.28863172226005 12.467665078284575 414.2457454050374 book-spine 0
252.64479638009055 185.45927601809962 239.816742081448 184.84841628959282 236.26470588235298 259.4411764705883 249.09276018099553 260.0520361990951 book-spine 0
459.67586206896556 492.88965517241377 448.1724137931035 491.9310344827586 442.8965517241379 555.2413793103449 454.40000000000003 556.2 book-spine 0
307.58269525268 297.1784073506892 289.7343032159265 292.5888208269526 272.27182235834607 360.49846860643186 290.1202143950996 365.0880551301685 book-spine 0
203.31320368474923 72.07267144319347 192.5885363357216 70.68884339815764 183.63868986693961 140.05015353121803 194.36335721596723 141.43398157625387 book-spine 0
272.49438202247194 294.1910112359551 258.8370786516854 291.0393258426967 243.46629213483146 357.6460674157304 257.123595505618 360.7977528089889 book-spine 0
92.10810810810813 55.35135135135136 80.59459459459461 53.43243243243244 69.64864864864866 119.10810810810813 81.16216216216218 121.02702702702703 book-spine 0
135.27048710601724 533.6137535816619 123.47564469914042 531.3123209169054 112.84412607449858 585.7988538681949 124.6389684813754 588.1002865329514 book-spine 0
607.0808192637696 437.1303625795739 599.1876556877942 429.0492665375036 544.5361195682259 482.42983670080275 552.4292831442015 490.510932742873 book-spine 0
225.04502814258916 465.7129455909943 212.61257035647282 459.28236397748594 183.0487804878049 516.439024390244 195.48123827392124 522.8696060037523 book-spine 0
531.5076923076923 123.93846153846161 520.9230769230769 122.6153846153847 511.7692307692307 195.8461538461539 522.3538461538461 197.1692307692308 book-spine 0
552.7054054054055 234.5324324324325 542.8972972972974 232.98378378378385 531.3513513513515 306.1081081081082 541.1594594594595 307.6567567567568 book-spine 0
134.6767955801105 59.14088397790056 120.34806629834253 58.386740331491715 116.64640883977899 128.7182320441989 130.97513812154696 129.47237569060775 book-spine 0
605.6565895134624 359.1072272083138 587.1913084553613 338.85498346717065 528.506376948512 392.36183278223916 546.9716580066131 412.6140765233823 book-spine 0
345.87608841259214 387.52980576021434 335.9243134628266 385.69658405894177 323.07300736771606 455.4608171466846 333.0247823174816 457.29403884795715 book-spine 0
617.7567567567569 247.45945945945954 600.0810810810812 244.5135135135136 588.3243243243244 315.0540540540542 606.0000000000001 318.0000000000001 book-spine 0
158.66934306569345 67.23430656934309 138.44087591240879 66.68759124087593 136.66277372262778 132.47737226277374 156.89124087591244 133.0240875912409 book-spine 0
51.94082840236688 149.14201183431953 32.48520710059173 141.03550295857988 6.982248520710087 202.24260355029583 26.43786982248524 210.3491124260355 book-spine 0
202.48249027237358 280.2801556420234 183.0583657587549 279.0661478599222 178.66536964980548 349.3540856031129 198.08949416342418 350.56809338521407 book-spine 0
238.91011235955057 286.05617977528095 207.72471910112364 278.85955056179785 191.30898876404498 349.994382022472 222.4943820224719 357.1910112359551 book-spine 0
307.21550741163065 555.4583808437856 292.40136830102625 552.3933865450399 280.7913340935006 608.508551881414 295.605473204105 611.5735461801596 book-spine 0
534.7076923076925 584.3384615384616 517.723076923077 582.2153846153847 510.9230769230769 636.6153846153846 527.9076923076924 638.7384615384616 book-spine 0
364.00000000000006 387 317 387 317.00000000000006 517 364.0000000000001 517 book-spine 0
98.92000000000007 354.56000000000006 88.56000000000003 353.08 78.58000000000003 422.93999999999994 88.94000000000007 424.41999999999996 book-spine 0
275.74390243902445 76.30487804878054 259.82926829268297 74.53658536585371 251.25609756097563 151.69512195121956 267.1707317073171 153.46341463414637 book-spine 0
172.8051313378131 41.42150274893099 157.97189981673793 40.12034208918756 149.7205253512523 134.1860109957239 164.55375687232745 135.48717165546734 book-spine 0
166.67397260273975 176.5972602739726 140.95890410958907 173.8904109589041 133.69315068493154 242.9150684931507 159.40821917808222 245.6219178082192 book-spine 0
256.37687756030954 75.07373691397363 202.65088757396455 64.56213017751482 187.85025034137465 140.20983158852985 241.57624032771966 150.72143832498867 book-spine 0
178.00000000000006 367 163.00000000000006 367 163.00000000000006 435 178.00000000000006 435 book-spine 0
397.35967849966516 129.6188881446752 388.55324849296716 127.99665103817821 380.1748158070998 173.47957133288685 388.9812458137977 175.10180843938383 book-spine 0
94.20809248554914 263.64739884393066 83.46242774566477 261.99421965317924 72.57225433526015 332.7803468208093 83.31791907514454 334.4335260115606 book-spine 0
260.76096822995464 291.66263237518916 250.17095310136165 289.12102874432685 234.4311649016642 354.7034795763994 245.0211800302572 357.2450832072617 book-spine 0
182.52307692307693 67.81538461538464 170.46153846153845 66.30769230769232 161.8 135.60000000000002 173.86153846153846 137.10769230769233 book-spine 0
140.8 172.59999999999997 122.70243902439026 168.7219512195122 108.11219512195123 236.80975609756098 126.20975609756098 240.68780487804878 book-spine 0
256.05882352941177 289.7647058823529 239.58823529411768 285.64705882352945 222.29411764705884 354.82352941176475 238.76470588235293 358.9411764705883 book-spine 0
148.36470588235295 61.258823529411785 138.34705882352944 60.48823529411767 132.9823529411765 130.2294117647059 143 131.00000000000003 book-spine 0
376.0540540540541 103.67567567567573 367.4594594594595 102.24324324324328 356.35135135135135 168.89189189189196 364.94594594594605 170.3243243243244 book-spine 0
160.1031613976706 274.1048252911814 144.4093178036606 270.83527454242926 129.73377703826958 341.2778702163061 145.42762063227957 344.5474209650582 book-spine 0
460.78000000000003 573.54 433.4800000000001 569.64 425.7600000000001 623.6800000000001 453.05999999999995 627.58 book-spine 0
223.24054054054062 544.1432432432433 213.32972972972982 542.5783783783784 204.79189189189196 596.6513513513513 214.70270270270277 598.2162162162163 book-spine 0
55.63414634146348 350.2926829268293 40.926829268292735 348.6585365853658 33.31707317073175 417.1463414634146 48.024390243902495 418.7804878048781 book-spine 0
333.86301369863014 95.30136986301373 317.9342465753425 93.62465753424661 310.8 161.40000000000003 326.72876712328764 163.07671232876717 book-spine 0
532.2774070543377 228.82459485224035 518.4585319351764 226.66539561487144 506.6139180171592 302.4709246901813 520.4327931363205 304.6301239275502 book-spine 0
507.5070993914808 232.85598377281957 495.18255578093317 230.86815415821513 484.31034482758633 298.2758620689656 496.634888438134 300.2636916835701 book-spine 0
46.039325842696655 251.16292134831463 25.005617977528132 246.30898876404495 8.741573033707908 316.7865168539326 29.77528089887643 321.64044943820227 book-spine 0
435 113.00000000000006 418 113.00000000000006 418 181.00000000000006 435 181.00000000000006 book-spine 0
122.55890410958907 180.69041095890412 112.92876712328768 179.6767123287671 106.75342465753428 238.34246575342468 116.38356164383565 239.3561643835617 book-spine 0
418.88719587122137 107.41066601130504 401.22118456623247 104.60653723273536 389.9653477512902 175.51830916687152 407.63135905627917 178.3224379454412 book-spine 0
178 172 163 172 163.00000000000006 248 178.00000000000006 248 book-spine 0
185.3151969981239 277.9906191369606 170.56060037523457 275.67617260787995 159.57973733583495 345.6791744840525 174.33433395872427 347.9936210131332 book-spine 0
443.79652996845425 117.69558359621456 428.1813880126183 115.82176656151425 420.37854889589903 180.8454258675079 435.993690851735 182.71924290220824 book-spine 0
90.35285322701225 40.009469225018705 73.12633939695989 36.39745826065288 56.2778469972589 116.75180662845753 73.50436082731125 120.36381759282335 book-spine 0
519.2162162162163 229.7027027027028 506.4054054054055 227.56756756756766 494.2702702702703 300.3783783783785 507.08108108108115 302.51351351351366 book-spine 0
434.8941728064301 570.7173476222372 423.3898191560616 568.5981245813798 413.11721366376423 624.3636972538513 424.62156731413273 626.4829202947087 book-spine 0
471.0015232292461 227.78446306169084 459.7955064737244 226.68583396801225 453.1923076923078 294.03846153846166 464.3983244478295 295.13709063214026 book-spine 0
264.56194808670057 262.56970832218354 259.8351618945678 190.4862188921595 249.37195611453035 191.17233074658822 254.09874230666307 263.25582017661225 book-spine 0
250.85945945945952 548.5567567567567 232.1162162162163 545.5972972972972 223.245945945946 601.7756756756758 241.98918918918923 604.7351351351352 book-spine 0
523 499.0000000000001 512 499.0000000000001 512 564 523 564 book-spine 0
126.42622950819678 57.68852459016395 115.58638083228252 56.527112232030284 108.16015132408579 125.83858764186633 119.00000000000006 127.00000000000001 book-spine 0
455.26 119.18000000000006 443.36 117.48000000000005 434.1 182.30000000000004 446 184.00000000000006 book-spine 0
233.0494053064959 256.81518755718207 228.86459286367798 187.76578225068621 206.25068618481248 189.13632204940535 210.4354986276304 258.1857273559012 book-spine 0
238.89357186173442 78.72377198302004 221.55852031534266 76.59490600363858 213.2001212856277 144.65615524560343 230.53517283201944 146.78502122498486 book-spine 0
360.39601569574404 105.17838816782375 348.765469363115 103.54603078780565 339.9178991850286 166.5849683066707 351.5484455176577 168.21732568668887 book-spine 0
261.79024390243904 467.28780487804886 251.07317073170736 462.3414634146342 222.47804878048785 524.2975609756097 233.1951219512195 529.2439024390244 book-spine 0
225.62065491183884 286.09874055415617 195.607556675063 281.3239294710327 184.7390428211587 349.64030226700254 214.75214105793455 354.415113350126 book-spine 0
267.5773195876289 466.7010309278352 257.6494845360825 462.28865979381453 231.29896907216502 521.577319587629 241.2268041237114 525.9896907216496 book-spine 0
165.39726027397256 175.72602739726028 136.87123287671233 172.72328767123292 129.52876712328768 242.47671232876715 158.05479452054794 245.47945205479454 book-spine 0
108.23513513513517 266.5108108108108 92.41891891891895 264.01351351351354 81.32702702702704 334.2621621621622 97.14324324324326 336.75945945945955 book-spine 0
63.98780487804884 525.109756097561 50.92682926829275 523.6585365853658 44.890243902439096 577.9878048780488 57.951219512195195 579.439024390244 book-spine 0
537.3342487249903 125.32679482149871 530.1549627304827 124.32169478226763 519.9776382895254 197.01686936053363 527.156924284033 198.0219693997647 book-spine 0
99.74856625415032 50.66646543917901 90.90522185330516 49.42529429520073 80.76335647449443 121.6860851192273 89.60670087533958 122.92725626320558 book-spine 0
578.4397748592871 122.69643527204511 566.1729831144465 120.77223264540345 553.2018761726079 203.46303939962485 565.4686679174484 205.3872420262665 book-spine 0
560.1836065573771 587.2196721311476 547.3639344262294 584.2032786885246 534.6032786885245 638.4360655737706 547.4229508196721 641.4524590163935 book-spine 0
394.88009049773757 309.3642533936652 385.29411764705884 304.82352941176475 353.18325791855204 372.61312217194575 362.7692307692307 377.1538461538462 book-spine 0
283.890566037736 551.9169811320755 274.833962264151 550.2188679245284 264.7132075471699 604.1962264150944 273.76981132075485 605.8943396226416 book-spine 0
561.6539561487132 241.41468064823653 547.2249761677789 239.16015252621554 536.5910390848428 307.21734985700675 551.0200190657771 309.47187797902774 book-spine 0
394 432 391 432 391 436 394 436 book-spine 0
246.49475157452764 80.25402379286217 229.48950314905528 78.00804758572431 220.49825052484255 146.08467459762073 237.5034989503149 148.3306508047586 book-spine 0
483.42376338602753 105.07088220295773 469.4900560938297 103.48750637429887 459.87761346251915 188.07700152983182 473.811320754717 189.66037735849062 book-spine 0
10.000000000000064 518 6.349793653579026e-14 518 6.594723013408497e-14 558 10.000000000000068 558 book-spine 0
480.19230769230774 627.9615384615385 476.88461538461536 611.4230769230769 467.0769230769231 613.3846153846154 470.3846153846154 629.9230769230769 book-spine 0
422.5502183406114 287.12663755458516 413.75545851528386 221.16593886462886 396.3318777292576 223.48908296943236 405.1266375545851 289.44978165938863 book-spine 0
443 222.00000000000006 430 222.00000000000006 430 291 443 291 book-spine 0
353.2640449438203 561.5224719101124 340.77528089887653 558.6404494382023 329.09550561797755 609.2528089887642 341.58426966292143 612.1348314606743 book-spine 0
351.70000000000005 304.9000000000001 340.6000000000001 301.20000000000005 318.4000000000001 367.80000000000007 329.5 371.5000000000001 book-spine 0
309.90769230769234 77.73846153846159 292.18461538461537 75.52307692307696 281.9076923076923 157.7384615384616 299.63076923076926 159.9538461538462 book-spine 0
52.44827586206904 349.6206896551724 39.537931034482824 348.54482758620685 33.80689655172419 417.3172413793104 46.71724137931041 418.3931034482759 book-spine 0
479.1519408502773 496.0990757855824 466.233641404806 495.8506469500925 465.07911275415904 555.8861367837338 477.99741219963033 556.1345656192236 book-spine 0
398.2941176470589 399.82352941176475 379.7058823529412 395.17647058823536 363.52941176470597 459.8823529411766 382.11764705882365 464.52941176470597 book-spine 0
518.7297297297299 584.6216216216218 506.5675675675676 582.5945945945948 498.5135135135136 630.9189189189191 510.6756756756758 632.9459459459462 book-spine 0
387.7868852459018 564.6557377049181 376.9180327868853 562.0983606557378 361.92786885245914 625.8065573770491 372.79672131147555 628.3639344262294 book-spine 0
352.3260273972603 95.40273972602745 332.8054794520548 93.34794520547948 325.4027397260274 163.67397260273978 344.9232876712329 165.7287671232877 book-spine 0
121.16216216216223 359.0270270270271 106.89189189189194 356.64864864864876 95.4324324324325 425.4054054054054 109.70270270270278 427.78378378378375 book-spine 0
63.4431934493347 32.315250767656096 55.161719549641774 31.246673490276365 44.38178096212898 114.79119754350052 52.66325486182191 115.85977482088026 book-spine 0
344.05842696629225 275.61348314606744 337.27640449438206 204.40224719101124 322.93033707865163 205.7685393258427 329.7123595505617 276.9797752808989 book-spine 0
584.9250686543743 138.24950961161247 573.5872891329933 136.66222047861913 564.0388387602982 204.86543742644182 575.3766182816792 206.45272655943515 book-spine 0
426.71681415929214 486.24778761061947 416.49557522123905 485.56637168141594 412.41150442477885 546.8274336283185 422.63274336283195 547.5088495575221 book-spine 0
368.96039603960395 278.6039603960396 360.36633663366337 192.66336633663366 347.1980198019802 193.980198019802 355.7920792079208 279.9207920792079 book-spine 0
547.7363494539783 585.3978159126366 533.1107644305773 583.0577223088924 524.3307332293292 637.9329173166927 538.9563182527302 640.273010920437 book-spine 0
282.2474645030426 86.85192697768767 274.57200811359024 85.80527383367144 265.3225152129817 153.6348884381339 272.99797160243406 154.68154158215015 book-spine 0
287.7299270072993 470.99270072992704 275.5255474452555 466.55474452554745 253.56934306569343 526.9343065693431 265.77372262773724 531.3722627737227 book-spine 0
120.52799999999999 58.09600000000002 114.63199999999999 57.024000000000015 105.30399999999999 108.328 111.19999999999999 109.4 book-spine 0
331.6008462623414 387.6812411847674 317.432299012694 385.0007052186179 304.41466854724973 453.8081805359662 318.58321579689715 456.4887165021157 book-spine 0
116.96986301369864 54.78630136986303 96.72054794520548 52.654794520547966 89.28493150684932 123.29315068493152 109.53424657534248 125.42465753424659 book-spine 0
55.910865322056 350.1190631099545 40.889394925178976 348.5783994795055 33.875731945348136 416.96161353285623 48.89720234222516 418.50227716330517 book-spine 0
366.46848567530697 303.424556616644 356.0324693042292 299.1383356070942 327.6605729877217 368.2177353342429 338.09658935879946 372.50395634379277 book-spine 0
500.0121951219513 113.8902439024391 482.45121951219517 111.93902439024396 473.719512195122 190.5243902439025 491.28048780487813 192.47560975609764 book-spine 0
378.0000000000001 479 357.0000000000001 479 357.0000000000001 542 378.0000000000001 542 book-spine 0
172.8458390177354 55.58117326057301 147.35607094133698 53.6930422919509 141.45702592087312 133.33015006821284 166.9467939972715 135.21828103683495 book-spine 0
432.22115869017625 106.46700251889175 419.4977329974811 104.44282115869022 407.7370277078085 178.3672544080605 420.46045340050375 180.39143576826203 book-spine 0
495.4604385128695 230.85319351763593 478.74356530028604 228.2411820781698 468.14299332697817 296.08484270734044 484.8598665395616 298.6968541468066 book-spine 0
386.7567567567568 101.45945945945952 369.8918918918919 98.6486486486487 357.91891891891896 170.48648648648654 374.7837837837838 173.29729729729735 book-spine 0
108.40000000000006 357.20000000000016 97.62000000000006 355.6600000000001 87.80000000000004 424.4000000000001 98.58000000000004 425.94000000000005 book-spine 0
301.36 297.52000000000004 284.376 294.432 272.296 360.872 289.28000000000003 363.96000000000004 book-spine 0
511.57918552036193 350.83710407239823 496.96380090497735 334.76018099547514 448.5339366515837 378.78733031674216 463.1493212669683 394.8642533936652 book-spine 0
433.77735849056603 289.8792452830189 430.50377358490573 214.5867924528302 416.4867924528302 215.19622641509437 419.76037735849053 290.48867924528304 book-spine 0
355.01584158415847 477.35841584158425 341.8485148514852 474.3851485148515 327.70297029702976 537.0297029702972 340.870297029703 540.0029702970298 book-spine 0
64.37058823529415 258.1823529411765 51.21764705882357 257.17058823529413 45.55882352941181 330.7352941176471 58.71176470588239 331.74705882352947 book-spine 0
358.2352941176471 354.0588235294118 354.70588235294116 353.1764705882353 351.2941176470588 366.82352941176475 354.82352941176475 367.7058823529412 book-spine 0
565.2864864864865 129.51891891891898 551.5756756756757 127.35405405405413 539.8837837837838 201.40270270270278 553.5945945945946 203.56756756756766 book-spine 0
170.372972972973 276.6378378378379 156.6621621621622 274.472972972973 145.7891891891892 343.33513513513515 159.5 345.5 book-spine 0
197.09705372616986 177.67071057192373 178.5875216637782 176.89948006932408 175.52859618717503 250.31369150779898 194.03812824956674 251.08492201039863 book-spine 0
350.61309823677584 97.57481108312346 341.45843828715374 96.11838790931992 330.5052896725441 164.96675062972292 339.6599496221662 166.42317380352648 book-spine 0
155.08108108108115 535.5135135135137 142.10810810810818 533.3513513513515 132.75675675675683 589.4594594594596 145.7297297297298 591.6216216216218 book-spine 0
628.5030558482614 247.89020021074828 616.809062170706 245.9985247629084 605.0718651211802 318.5557428872498 616.7658587987355 320.44741833508965 book-spine 0
291.4262773722628 87.97226277372266 280.57080291970806 86.71970802919714 272.56058394160584 156.1416058394161 283.4160583941606 157.39416058394164 book-spine 0
543.918918918919 234.48648648648657 531.1081081081081 232.3513513513514 519.1081081081081 304.3513513513514 531.918918918919 306.48648648648657 book-spine 0
449.2798092209858 490.5023847376789 435.80604133545313 489.42448330683635 431.0174880763116 549.2813990461049 444.49125596184433 550.3593004769475 book-spine 0
209.48128898128908 459.45841995842 201.5831600831602 456.46257796257805 178.83991683991695 516.4220374220374 186.7380457380458 519.4178794178795 book-spine 0
322.9765329295989 80.96896290688876 309.4322482967449 79.08781226343683 298.1680545041635 160.19000757002274 311.71233913701747 162.0711582134747 book-spine 0
81.41896900970477 440.9587145663114 76.64277420842242 440.27277885413406 67.82050089656862 501.70258223003566 72.59669569785096 502.38851794221307 book-spine 0
86.78078369773664 440.77056434880024 78.91910410965008 439.7630632426558 70.33736704749549 506.7276220708371 78.19904663558205 507.7351231769816 book-spine 0
92.15600236645508 442.4304364148238 82.87486883049638 441.08217608863816 73.31174595274483 506.9126531303345 82.59287948870353 508.26091345652014 book-spine 0
100.00939279947458 442.65148599779013 88.0944224660263 440.7643401538984 77.83927456704053 505.51279792521433 89.75424490048881 507.3999437691061 book-spine 0
103.92710527220858 443.5062077718431 92.12152216797323 441.8828789403391 83.36024274080341 505.59887435024575 95.16582584503877 507.22220318174993 book-spine 0
113.36277440851515 444.9271633178083 104.37428718257368 443.50352666590845 94.41710864598772 506.37067184869306 103.4055958719292 507.79430850059293 book-spine 0
119.56874412317464 445.4047087026842 109.81516455735593 444.32511168663734 102.5019332349631 510.3962313043855 112.25551280078182 511.47582832043236 book-spine 0
134.36555556753922 447.61084155029323 122.2415493985522 445.69058716379755 112.25953835459697 508.7145095810092 124.38354452358399 510.6347639675049 book-spine 0
136.84065442825323 448.14177934300506 130.97884847036408 447.26910992512785 121.60545396426826 510.2311189469809 127.46725992215741 511.10378836485813 book-spine 0
141.3936180185226 449.20183295882157 136.36538091883284 448.43993686139214 126.92560465204377 510.73902645849944 131.95384175173353 511.5009225559288 book-spine 0
148.34885223732678 449.08562138765825 141.87817157473245 447.8491306498824 129.7396715218532 511.3711249240554 136.21035218444752 512.6076156618312 book-spine 0
71.00000000000006 437 55.00000000000006 437 55.00000000000006 503 71.00000000000006 503 book-spine 0
78.00000000000006 439 61.00000000000006 439 61.00000000000006 505 78.00000000000006 505 book-spine 0
166.44850817957246 452.8416698075075 156.89185269068486 450.27432604741415 141.06861400786073 509.17459610890626 150.62526949674833 511.7419398689997 book-spine 0
169.85994331936308 453.96332550573266 161.93834261340322 451.8643377179686 145.97735386826784 512.1012673696508 153.8989545742277 514.2002551574149 book-spine 0
174.1850721061109 454.6227098658153 167.04366134458502 452.4109445462184 148.57728342300317 512.0357107215123 155.71869418452906 514.2474760411092 book-spine 0
178.2722285648208 454.2371840606987 170.07442016885972 452.15156598836427 154.51862108236315 513.2957716551415 162.71642947832424 515.381389727476 book-spine 0
185.8495845319303 454.7867766012531 179.56279029163488 452.8029056681692 160.0344024833382 514.6874536738234 166.32119672363362 516.6713246069073 book-spine 0
237.1245743732361 462.5475716906311 227.0908737636583 458.1299258432939 200.23309726769264 519.1313953390695 210.2667978772704 523.5490411864066 book-spine 0
299.0208995627019 470.3828127165892 290.77462744107646 467.9601842957675 272.69676735336736 529.4945708235009 280.9430394749928 531.9171992443228 book-spine 0
303.94630800000004 471.41632800000014 297.6164490988976 469.74843352271375 281.8401875860241 529.6212316663102 288.17004648712657 531.2891261435965 book-spine 0
309.2722249225751 471.11868448174005 302.54118330146036 469.56431474473254 288.34519682457295 531.0386046473851 295.0762384456877 532.5929743843926 book-spine 0
315.6135547591018 472.629622327275 308.2734518563774 471.0183969665554 294.82105882945024 532.3021574589011 302.1611617321747 533.9133828196208 book-spine 0
322.2144399834181 473.6376342986182 315.93164383452927 472.1458462064578 301.5721932052183 532.6219296315118 307.85498935410715 534.1137177236722 book-spine 0
327.48643976385176 474.24178498252206 320.2821762958097 472.7139232715188 307.35429060862026 533.6722507853948 314.55855407666235 535.2001124963979 book-spine 0
384.0384711263051 481.002783958912 376.8471567090017 479.99517531102117 368.19155708708433 541.7702885772591 375.3828715043878 542.77789722515 book-spine 0
391.1536326984406 482.36107675708956 383.6382996165007 481.1296426450844 373.7582412188532 541.4267620796206 381.2735743007931 542.6581961916257 book-spine 0
394.2855590651669 482.7779142958108 384.7975870165541 481.68801311480115 377.8279018296363 542.3615671886212 387.3158738782491 543.4514683696308 book-spine 0
405.0565320897582 484.65804356416805 394.9104567997331 483.2776136280307 386.65990902472055 543.9186332972072 396.8059843147456 545.2990632333446 book-spine 0
411.5909373541016 485.92940921787346 405.0130715726232 485.10485573190283 396.875651421734 550.0210297227657 403.4535172032123 550.8455832087365 book-spine 0
418.13533771457105 488.1427187189548 411.4857680765492 487.40990331128194 404.96395148039915 546.5888905001812 411.6135211184209 547.321705907854 book-spine 0
419.3064932318976 486.8742493310375 412.186575414496 486.31720984584024 407.40950147216745 547.3763892772239 414.52941928956903 547.9334287624213 book-spine 0
426.3789791710707 486.2396538031031 418.60817942339963 485.52480769977416 412.89898519502066 547.5871241377998 420.6697849426917 548.3019702411287 book-spine 0
432.9803918663959 487.13705592743463 427.13583000000006 486.4277860000002 419.6342444460066 548.2427300297912 425.47880631240247 548.9519999572257 book-spine 0
436.58695942367564 487.7758139451499 429.9739008645354 487.3130080079046 425.71516498764447 548.1663106025696 432.3282235467848 548.629116539815 book-spine 0
63.87475514854994 437.8073578514844 34.84287566942234 433.30320495706906 24.010540987338644 503.1238887437482 53.04242046646624 507.6280416381635 book-spine 0
219.73129154722412 371.58673924451546 207.4746641236125 370.4236726680626 200.8959134547253 439.7518585981379 213.15254087833694 440.91492517459085 book-spine 0
207.7838407947039 369.8367395992576 199.8235355655067 369.10899198568745 193.4657856143019 438.65182419673715 201.42609084349908 439.3795718103074 book-spine 0
225.21301352761304 372.82098469274734 218.658710576003 372.25029732412236 212.6982662277199 440.7055674643892 219.25256917933 441.2762548330142 book-spine 0
232.65252260072248 373.9247759734492 224.56277283606926 373.0129671427742 216.80972171730744 441.79958266273775 224.89947148196066 442.71139149341263 book-spine 0
239.22638202360272 378.45003819681506 230.91756765313852 377.7158641109918 225.2301863375559 442.0812462699544 233.53900070802007 442.81542035577775 book-spine 0
246.862626396841 376.39627361948203 239.7179308538876 375.5323236299977 231.50455128045348 443.4553482785868 238.64924682340688 444.3192982680712 book-spine 0
261.5817530219533 378.55523772435936 252.97237156985756 377.42955207061897 244.1251692508722 445.09403664046306 252.73455070296797 446.2197222942034 book-spine 0
253.9635712031312 378.1246219393573 247.1381437477607 377.09275442072766 236.95653475659864 444.4403860628369 243.78196221196916 445.47225358146653 book-spine 0
268.11655011256096 379.28292973626156 259.9180597173589 378.3322938352238 252.00548101168204 446.57209042711645 260.203971406884 447.5227263281542 book-spine 0
275.1513000763654 380.1562886638689 264.4699811592496 378.59530576295913 254.52754855355866 446.6282697444485 265.2088674706744 448.18925264535835 book-spine 0
281.7496321249389 382.59248421155166 274.65151612129387 381.37934739949515 263.4220920144982 447.083193966517 270.5202080181432 448.2963307785735 book-spine 0
288.6138069086087 383.1430912791676 280.7083997026652 381.72758882914206 268.8033170081942 448.216012440506 276.70872421413776 449.63151489053155 book-spine 0
292.9477234199475 385.23780362128065 285.8371416959189 383.9620554278149 274.26349932091296 448.4695580632625 281.3740810449416 449.74530625672827 book-spine 0
303.2096777826015 391.1932832131356 292.7874988766834 389.3372821206855 281.99319766577844 449.9515451413521 292.4153765716965 451.8075462338022 book-spine 0
309.16398683293215 386.1335105909343 303.53368132331747 385.17959248354197 292.34457901223266 451.2209684691096 297.97488452184734 452.1748865765021 book-spine 0
317.37980768721263 386.6005508983387 308.8093899442632 385.24312993864714 298.18177755723923 452.343226718964 306.75219530018865 453.7006476786556 book-spine 0
370.70049786394236 395.23395036263076 365.1760263340389 394.0056619743536 350.7065521164586 459.0850025678236 356.23102364636213 460.3132909561008 book-spine 0
366.1273851391419 392.4156765936125 358.78311358268013 390.88083205725854 344.675243506878 458.3873621753521 352.0195150633398 459.92220671170617 book-spine 0
380.1323847855165 395.959357725111 370.9803782456825 393.84050310340615 355.4737921073448 460.8183770428528 364.62579864717884 462.93723166455766 book-spine 0
406.55696932420796 400.15675274881517 398.3546419680661 398.0351795923975 381.3129719829587 463.92089062260925 389.5152993391005 466.0424637790269 book-spine 0
413.48322224020427 400.91516765596236 406.28471123665406 399.0864701704228 389.5680255863441 464.89027126283594 396.7665365898944 466.7189687483756 book-spine 0
420.7211483742406 401.848095703749 413.3839519061529 399.6730274241096 393.916467202063 465.34303941889664 401.2536636701508 467.518107698536 book-spine 0
446.0129224293879 404.75074858658445 438.3665957535693 401.93170461197826 415.0055953843005 465.29568257982805 422.6519220601191 468.11472655443424 book-spine 0
451.6910851374104 408.0724198991959 444.7354745928663 405.2743914259743 419.7621815909681 467.35542519615484 426.71779213551224 470.1534536693764 book-spine 0
458.1022637523842 411.69619587234206 448.65581140394255 407.6325781406124 422.78551667286695 467.77172570585867 432.2319690213085 471.83534343758834 book-spine 0
468.0597828114413 408.1865389791188 460.047264828513 404.7200131158339 432.1378818241932 469.2296813064073 440.1503998071215 472.69620716969223 book-spine 0
481.0633861762951 417.02493437084746 469.8755664003881 409.1089633166766 431.81192425326657 462.9051641166071 442.9997440291736 470.821135170778 book-spine 0
447.31665091694225 464.61536045953744 444.0787570761376 463.9432741094697 442.58216300027266 471.1533784955201 445.8200568410773 471.8254648455878 book-spine 0
484.03848446290726 425.48284952931476 477.4304275553852 420.89537386448046 445.27593382891143 467.21250770910694 451.88399073643336 471.7999833739413 book-spine 0
457.82894853366537 326.6702666896505 448.52776588275196 320.9206703245202 411.39560836566324 380.9897529793516 420.69679101657664 386.73934934448187 book-spine 0
474.15293637642185 330.48321444802264 461.82758153865797 320.59288162007044 413.10290802742077 381.31367846554326 425.4282628651846 391.20401129349545 book-spine 0
475.34931245852505 328.67959925804723 467.85787680889 323.73503516417907 428.4398009590524 383.45677666768006 435.9312366086874 388.40134076154834 book-spine 0
487.8392217881968 331.1531911319071 474.751287274263 322.5384794564058 434.3738920592404 383.8819955627284 447.4618265731742 392.49670723822965 book-spine 0
506.93222418785894 336.55265822226147 495.8007528751875 326.28440543179124 444.0813943247028 382.3516417729918 455.2128656373742 392.619894563462 book-spine 0
449.1301118192337 322.43383354912885 434.9829875990489 315.2918385379086 402.11153394895905 380.4048129036537 416.2586581691439 387.5468079148741 book-spine 0
440.5427477011168 319.29458057391696 430.9232564634249 314.36905770467456 397.92239436496294 378.81937338075704 407.54188560265493 383.7448962499994 book-spine 0
392.4450041509713 284.20545958281764 386.4252557385458 212.0318667956372 375.53066014135396 212.9405471317208 381.55040855377945 285.1141399189012 book-spine 0
382.32327414070056 281.70076082933986 376.73214382237063 210.7971082001401 365.1384990873419 211.71132878221584 370.72962940567186 282.61498141141567 book-spine 0
294.030858040304 267.09726138690627 289.0255930932974 194.74830209878687 276.40598557833425 195.62135514282693 281.41125052534085 267.97031443094636 book-spine 0
282.01322692614696 266.0689192121931 276.19128295594174 193.5824437932359 266.31594831696634 194.37560754720297 272.1378922871716 266.8620829661602 book-spine 0
272.00578610587365 264.08154074488874 268.36551408808714 191.9388569053515 254.51829994716644 192.63757815439197 258.15857196495296 264.7802619939292 book-spine 0
293.4500202325095 266.93456030555467 289.9204181932441 194.94843450340707 273.50233666669874 195.75344093195406 277.03193870596414 267.73956673410163 book-spine 0
282.05759841906297 266.0627507094287 276.16125005316064 193.48009823146504 266.03982728241925 194.30232547967682 271.9361756483216 266.8849779576405 book-spine 0
328.31023000000005 272.94287700000007 323.87291012354797 201.8237108506063 312.9805735090964 202.50331361280382 317.4178933855485 273.6224797621976 book-spine 0
319.7547810981589 271.69908657296355 316.9217184371258 201.46569013316505 310.0684146532874 201.7421375219988 312.9014773143205 271.9755339617973 book-spine 0
316.00227527862097 271.27211306828656 311.475014820498 199.12011850584912 299.5457794332738 199.86863219548093 304.0730398913968 272.0206267579183 book-spine 0
293.3684193566115 267.28475396003995 289.53893377791826 194.9795184523359 274.4758659958724 195.77730025108377 278.3053515745657 268.0825357587878 book-spine 0
77.917923529089 34.2465516450418 58.55607325985014 32.103432197395726 49.240058255678754 116.26826389395251 68.6019085249176 118.4113833415986 book-spine 0
62.19857424993822 157.88025109140378 49.740535382782355 156.2433377588147 40.47617095297389 226.7515374589778 52.93420982012975 228.38845079156692 book-spine 0
61.57396392275133 156.86924220937456 48.78994472637292 155.42122187167377 40.6599342177193 227.19798335999357 53.443953414097706 228.64600369769437 book-spine 0
630.124005523574 351.32247363063743 621.6564348145529 346.5030339408437 587.3219188486701 406.8274617611189 595.7894895576912 411.64690145091254 book-spine 0
613.7109865914505 359.1010625911822 602.8878887066679 351.23975031246187 564.9766376359938 403.4342398232211 575.7997355207764 411.2955521019415 book-spine 0
622.359405394827 356.147429993832 612.6403569561041 349.52053488777756 575.3249188898322 404.2476045447154 585.0439673285551 410.87449965076985 book-spine 0
419.3271798462961 568.3647311140339 407.9675262666257 566.3834966279541 397.88023299716764 624.2202433142668 409.23988657683793 626.2014778003465 book-spine 0
407.14236029178556 566.3521407015822 398.070348095735 564.6558115197895 387.38687590927293 621.7912961957765 396.45888810532347 623.4876253775692 book-spine 0
427.8190118577547 570.8164519732761 420.22663987460726 569.7834683031293 412.51986803913667 626.42780863023 420.1122400222841 627.4607923003769 book-spine 0
395.39311779340244 565.6237767804485 386.2918433172905 563.6549314399073 373.0538241917826 624.8496038198887 382.1550986678946 626.8184491604299 book-spine 0
335.63095538102186 558.481363539363 329.97374640196136 557.2108376346984 318.2626471662367 609.3562803271831 323.9198561452972 610.6268062318477 book-spine 0
330.16106903249056 557.3525942474809 324.100856854553 555.8535033096495 310.9024785687812 609.2091542564609 316.96269074671875 610.7082451942923 book-spine 0
321.53325378624453 555.9926261501669 315.1913183300135 554.4734776615007 302.3204768451956 608.2049243061707 308.6624123014267 609.7240727948368 book-spine 0
208.86922781747194 541.3725258331245 201.1349480095193 540.1475363266522 191.97235829702575 597.997854413026 199.7066381049784 599.2228439194982 book-spine 0
163.496220192657 535.6527660839469 150.75425376939052 533.5810160474377 141.7354770754139 589.0495560684268 154.4774434986804 591.1213061049358 book-spine 0
168.22758855046106 536.8640281989217 162.79268768341717 536.0032239756437 154.1763719069682 590.4044697151434 159.6112727740121 591.2652739384214 book-spine 0
182.0238671844648 539.0491443856695 173.8715190619439 537.7579393840691 165.30487050374865 591.8456335946235 173.45721862626957 593.1368385962238 book-spine 0
173.13368350817595 537.8859961350541 164.98582646453187 536.830143208257 157.9245343626098 591.3210643675153 166.07239140625387 592.3769172943124 book-spine 0
81.71038568211824 526.1071839762501 74.78790175806343 525.1771184724139 67.32757321817476 580.7043949626523 74.25005714222956 581.6344604664885 book-spine 0
52.653235789458535 522.4776666066141 37.114077020881865 520.3219020889635 29.2134743804357 577.2709416487781 44.75263314901237 579.4267061664287 book-spine 0
18.232867051479843 517.733615307145 9.108266774269225 516.3957367228567 1.1023453786067563 570.9977263533635 10.226945655817374 572.3356049376519 book-spine 0