216.61639344262298 638.6196721311476 197.41639344262296 557.0196721311476 177.12786885245902 561.7934426229508 196.32786885245903 643.3934426229508 book-spine 0
496.96273153313996 593.286096853381 471.92189243472444 491.5576880160678 455.5739790225397 495.5817897790672 480.6148181209552 597.3101986163804 book-spine 0
475.7501487209994 311.5562165377752 450.9506246281974 201.33610945865559 426.5365853658536 206.8292682926829 451.3361094586555 317.0493753718025 book-spine 0
582.4117647058823 426.6470588235295 553.8235294117648 312.2941176470588 537.5882352941176 316.3529411764706 566.1764705882352 430.7058823529412 book-spine 0
234.4705882352941 638.8823529411765 212.99999999999994 552.9999999999999 194.6470588235294 557.5882352941176 216.1176470588235 643.4705882352941 book-spine 0
230.70588235294116 189.8235294117647 205.52941176470586 89.11764705882354 191.17647058823525 92.70588235294119 216.35294117647055 193.41176470588235 book-spine 0
422.4705882352942 140.88235294117646 398.00000000000006 42.999999999999986 377.7647058823529 48.058823529411754 402.2352941176471 145.94117647058823 book-spine 0
402.9411764705883 615.7647058823529 377.7647058823529 515.0588235294118 350.70588235294116 521.8235294117648 375.88235294117646 622.5294117647059 book-spine 0
428.7320353982301 323.4605309734514 404.92141592920353 210.90123893805315 381.6916814159292 215.81522123893808 405.50230088495584 328.3745132743363 book-spine 0
196.23529411764704 638.9411764705882 176.76470588235293 561.0588235294117 155.58823529411762 566.3529411764706 175.05882352941174 644.2352941176471 book-spine 0
307.4117647058824 170.64705882352936 282.2352941176471 69.94117647058823 257.05882352941177 76.23529411764707 282.235294117647 176.9411764705882 book-spine 0
461.76689655172413 454.5627586206897 433.2648275862068 348.69793103448274 417.9875862068966 352.8110344827586 446.4896551724138 458.67586206896544 book-spine 0
458.7058823529411 604.8235294117645 432.82352941176464 501.2941176470588 408.82352941176475 507.2941176470588 434.70588235294116 610.8235294117645 book-spine 0
399.1010362694301 469.1839378238343 372.14507772020727 366.75129533678756 348.5181347150259 372.96891191709847 375.4740932642487 475.40155440414526 book-spine 0
9.000000000000027 205 2.510525938252074e-14 205 2.767701766073018e-14 247 9.00000000000003 247 book-spine 0
190.3650952858576 199.7803410230692 163.85275827482448 104.89408224674023 139.10812437311935 111.80802407221665 165.62046138415246 206.69428284854564 book-spine 0
309.4117647058823 352.6470588235294 281.52941176470586 241.11764705882348 253.52941176470586 248.11764705882348 281.4117647058823 359.6470588235294 book-spine 0
484.52941176470586 456.11764705882354 454.82352941176475 337.2941176470588 430.82352941176464 343.2941176470588 460.52941176470586 462.11764705882354 book-spine 0
480.7457157922489 598.8097811758503 457.84603216451364 496.3638281044029 433.2962035328236 501.85143685736887 456.1958871605589 604.2973899288163 book-spine 0
561.8033707865169 290.814606741573 536.4213483146068 180.8258426966292 513.2696629213483 186.1685393258427 538.6516853932584 296.1573033707865 book-spine 0
333.62307692307684 484.2846153846154 305.67692307692306 381.8153846153847 290.7 385.90000000000003 318.6461538461538 488.36923076923074 book-spine 0
366.5795307592832 338.3813042675041 339.4781082578977 228.8915573619065 317.1155551450213 234.42684278588587 344.2169776464068 343.91658969148347 book-spine 0
447.12013311148087 458.38336106489186 417.58735440931787 346.5806988352745 392.78935108153075 353.1311148086522 422.32212978369387 464.93377703826957 book-spine 0
477.56243239995194 126.50282417978605 454.78151664463405 25.127749068621554 435.31510635740904 29.5022232904699 458.0960221127269 130.8772984016344 book-spine 0
128.23529411764707 638.9411764705882 112.58823529411762 576.3529411764705 94.47058823529412 580.8823529411764 110.11764705882356 643.4705882352941 book-spine 0
451.77647058823527 317.4941176470588 426.83529411764704 205.25882352941176 403.5411764705882 210.43529411764706 428.48235294117643 322.6705882352941 book-spine 0
492.81407942238263 307.3447653429603 467.73285198555953 191.971119133574 449.21660649819495 195.99638989169677 474.29783393501805 311.37003610108303 book-spine 0
417.11764705882354 619.470588235294 390.5882352941177 513.3529411764705 377.17647058823525 516.7058823529411 403.7058823529411 622.8235294117646 book-spine 0
374.40000000000003 475.19999999999993 345.4778280542987 372.3656108597285 322.9475113122172 378.70226244343894 351.8696832579185 481.5366515837104 book-spine 0
639 296.0000000000001 631 296.0000000000001 631 335.0000000000001 639 335.0000000000001 book-spine 0
460.11764705882354 130.4705882352941 435.94117647058823 33.76470588235294 415.7058823529411 38.82352941176471 439.88235294117646 135.52941176470586 book-spine 0
154 639 137.05882352941177 571.2352941176471 112.11764705882354 577.4705882352941 129.05882352941177 645.2352941176471 book-spine 0
76.41176470588235 546.6470588235295 51.23529411764706 445.94117647058823 25.35294117647058 452.4117647058824 50.52941176470587 553.1176470588235 book-spine 0
84.68194842406875 407.2550143266476 51.773638968481364 288.78510028653295 30.73065902578795 294.63037249283667 63.63896848137534 413.10028653295126 book-spine 0
354.2352941176471 627.9411764705883 328.8235294117647 526.2941176470588 311.6470588235294 530.5882352941176 337.0588235294118 632.2352941176471 book-spine 0
204.95384615384614 196.16923076923075 177.29411764705884 97.82352941176472 162.20633484162897 102.06696832579186 189.86606334841628 200.4126696832579 book-spine 0
382.7058823529412 150.8235294117647 357.0588235294117 48.235294117647044 339.88235294117646 52.52941176470587 365.5294117647059 155.11764705882354 book-spine 0
64.63845685984883 233.04718046746024 41.14553827439396 120.9218872186984 9.44208880006951 127.56451472760448 32.93500738552437 239.68980797636632 book-spine 0
573.6077537058152 576.7708095781071 552.2075256556442 473.3363740022804 526.2827822120865 478.70011402508544 547.6830102622575 582.1345496009121 book-spine 0
338.47058823529403 630.8823529411764 313.2941176470588 530.1764705882352 293.2941176470588 535.1764705882352 318.47058823529403 635.8823529411764 book-spine 0
258.79767926212435 363.91133591193096 229.84647426361198 255.82683725081824 203.0211246652782 263.01219875037197 231.9723296637905 371.0966974114847 book-spine 0
233.29635376260669 510.0465477114043 207.65787432117924 397.8782001551591 183.0574088440652 403.50116369278516 208.69588828549266 515.6695112490303 book-spine 0
167.35269709543564 386.5726141078838 138.50622406639002 278.3983402489626 107.32365145228216 286.713692946058 136.1701244813278 394.8879668049792 book-spine 0
328.2334426229508 164.207868852459 304.8275409836066 65.38295081967213 282.7501639344262 70.61180327868854 306.1560655737705 169.43672131147542 book-spine 0
108.17647058823528 401.7058823529412 78.11764705882354 281.47058823529414 52.23529411764707 287.94117647058823 82.29411764705884 408.17647058823525 book-spine 0
366 51.00000000000004 303 51.00000000000004 303 164.00000000000006 366 164.00000000000006 book-spine 0
506.49560864219217 304.73888986474617 484.8356753908309 185.03925873880206 466.96372738450737 188.27323028280347 488.62366063586865 307.9728614087476 book-spine 0
281.298755186722 358.12033195020746 252.86721991701245 251.50207468879665 229.96265560165978 257.609958506224 258.3941908713693 364.2282157676348 book-spine 0
90 639 76.52941176470588 585.1176470588235 57.470588235294116 589.8823529411765 70.94117647058823 643.7647058823529 book-spine 0
523.8823529411765 588.5294117647059 498.2352941176471 485.9411764705882 471.17647058823525 492.7058823529411 496.82352941176464 595.2941176470588 book-spine 0
211.0588235294117 520.2352941176471 182 404 152.11764705882354 411.47058823529414 181.17647058823525 527.7058823529411 book-spine 0
136.6597510373444 394.2240663900415 104.74273858921163 274.5352697095436 77.045643153527 281.9211618257262 108.96265560165975 401.6099585062241 book-spine 0
282.93960344377774 176.80315679624312 258.74276024002086 78.86355335246544 238.50730498304205 83.8629011218367 262.7041481867989 181.80250456561436 book-spine 0
538.4705882352941 109.88235294117644 514 11.999999999999972 486 18.99999999999997 510.47058823529414 116.88235294117644 book-spine 0
89.16981132075472 224.09433962264154 59.698113207547166 120.9433962264151 33.9433962264151 128.30188679245282 63.41509433962265 231.45283018867926 book-spine 0
135.69454181271908 532.8487731597396 108.60831246870305 423.3752628943415 92.21982974461693 427.43014521782675 119.30605908863294 536.9036554832248 book-spine 0
191.4905660377358 380.7169811320755 160.92452830188677 273.7358490566038 136.49056603773585 280.7169811320755 167.05660377358492 387.6981132075471 book-spine 0
217.36302975653746 193.11253381424703 191.3489630297566 94.53291253381423 176.66330027051396 98.4082957619477 202.67736699729488 196.9879170423805 book-spine 0
174.0126353790614 638.7418772563177 155.5451263537906 566.2924187725632 136.028880866426 571.2671480144405 154.49638989169677 643.716606498195 book-spine 0
377.0588235294117 624.2352941176471 351.47058823529414 521.8823529411765 329.35294117647055 527.4117647058823 354.9411764705882 629.7647058823529 book-spine 0
251.55992141453834 505.4636542239688 227.41453831041258 399.2239685658154 206.66797642436148 403.9390962671906 230.81335952848724 510.17878192534397 book-spine 0
184.34389140271495 524.7782805429864 154.81085972850678 419.7719457013575 145.54389140271496 422.37828054298643 175.0769230769231 527.3846153846155 book-spine 0
403 47.00000000000004 358 47.00000000000004 358 151.00000000000006 403 151.00000000000006 book-spine 0
271.4117647058823 638.6470588235295 247.88235294117646 544.5294117647059 229.76470588235293 549.0588235294117 253.2941176470588 643.1764705882354 book-spine 0
565.7058823529412 429.82352941176475 537.3529411764706 316.4117647058823 510.2941176470588 323.1764705882353 538.6470588235294 436.5882352941177 book-spine 0
35.69230769230769 239.46153846153848 16.15384615384616 141.76923076923077 -10.961538461538467 147.1923076923077 8.576923076923066 244.88461538461542 book-spine 0
268.2352941176471 505.9411764705882 239.70588235294116 391.82352941176464 224.41176470588232 395.6470588235294 252.94117647058818 509.7647058823529 book-spine 0
548.9902439024391 583.2878048780489 526.6731707317074 479.14146341463413 496.00975609756097 485.7121951219512 518.3268292682927 589.858536585366 book-spine 0
230.5294117647059 371.11764705882354 203.94117647058823 264.7647058823529 179.94117647058823 270.7647058823529 206.5294117647059 377.11764705882354 book-spine 0
110.76153846153846 638.7923076923078 95.13846153846154 581.5076923076924 74.74615384615386 587.0692307692309 90.36923076923077 644.3538461538462 book-spine 0
504.2941176470589 444.17647058823536 476.1764705882353 331.7058823529412 454.0588235294117 337.2352941176471 482.17647058823525 449.7058823529412 book-spine 0
111.39872204472844 219.83194888178917 83.62811501597443 123.89712460063897 61.58083067092652 130.27923322683705 89.35143769968053 226.2140575079872 book-spine 0
391.4792079207921 332.4079207920792 366.1544554455445 220.25544554455445 341.13960396039596 225.9039603960396 366.4643564356435 338.0564356435644 book-spine 0
537.3396590543583 437.06786748150535 512.2005467996141 323.2024766806047 482.00981022836925 329.86796397555486 507.14892248311355 443.7333547764555 book-spine 0
318.3622277444818 488.37991521707363 289.1844759538079 377.22657506212545 268.31033474638207 382.70603712907473 297.488086537056 493.8593772840229 book-spine 0
421.40564137004696 463.73069173942247 396.20013431833445 360.9697783747482 372.93922095366014 366.67528542646073 398.1447280053727 469.436198791135 book-spine 0
296.60210270926 499.60776384957535 265.0509502628387 383.11120097048115 237.29518803073188 390.6283865750101 268.8463404771532 507.12494945410424 book-spine 0
164.78666519969195 206.89492793486633 138.10606227307736 108.71030916492464 109.2478820552316 116.55220596325228 135.9284849818462 214.73682473319397 book-spine 0
119.87459141425147 535.5363913706691 94.5014164305949 432.9405099150142 51.90259315755067 443.4757027674875 77.27576814120724 546.0715842231424 book-spine 0
208.40655737704924 376.72786885245904 183.02950819672134 268.8754098360656 159.89836065573772 274.3180327868853 185.2754098360656 382.1704918032787 book-spine 0
119 536 91.47058823529409 425.88235294117646 48.17647058823529 436.7058823529412 75.70588235294119 546.8235294117648 book-spine 0
406.99821534800714 328.32540154669834 381.1600237953599 213.48899464604403 364.5746579417014 217.22070196311722 390.4128494943486 332.05710886377153 book-spine 0
295.1764705882353 638.7058823529411 270.1764705882353 538.7058823529412 247.11764705882354 544.4705882352941 272.1176470588235 644.470588235294 book-spine 0
138.21805225653208 213.2764845605701 109.49453681710213 116.058432304038 82.69738717339666 123.97577197149644 111.42090261282661 221.19382422802855 book-spine 0
532.1218146404805 298.0132283720175 508.33533517286156 174.55007304009087 481.4259048855705 179.7344586917708 505.21238435318935 303.1976140236975 book-spine 0
434.63883944464214 608.9197223211106 410.90299038803835 506.99519401922385 382.79708081167666 513.5404058383766 406.53292986828046 615.4649341402634 book-spine 0
89.94117647058823 224.76470588235293 65 125 50.41176470588235 128.64705882352942 75.35294117647058 228.41176470588235 book-spine 0
608.649018441404 569.3289708506841 585.150505651398 464.89113622843536 550.5996430696014 472.6650803093396 574.0981558596073 577.1029149315883 book-spine 0
344.6839126919968 343.5836701697655 315.82134195634603 234.54729183508488 294.21746160064674 240.26596604688763 323.08003233629745 349.30234438156833 book-spine 0
245.53038773669977 185.95725879170425 219.06402164111813 85.66366095581606 202.85915238954016 89.9399458972047 229.32551848512176 190.23354373309286 book-spine 0
543.7798408488063 294.2042440318302 520.8302387267904 185.19363395225463 507.9787798408488 187.89920424403186 530.9283819628647 296.9098143236074 book-spine 0
42.615590598036306 419.03153823266894 13.762570663493022 311.3135971437072 -12.11306158881284 318.244570068432 16.739958345730443 425.96251115739364 book-spine 0
321.8798263439867 349.5544984297062 294.02327729539996 237.01404027341584 279.75863661555513 240.5448919268428 307.6151856641419 353.0853500831331 book-spine 0
63.660250494396855 413.628740936058 30.629400131839155 292.99433091628214 8.369676994067234 299.08925510876736 41.400527356624934 419.7236651285432 book-spine 0
317.71475409836074 635.5377049180328 293.88524590163945 534.2622950819672 271.7016393442623 539.4819672131147 295.5311475409836 640.7573770491803 book-spine 0
441.65805309734515 136.11079646017703 420.27716814159294 35.03752212389381 396.73451327433634 40.01769911504425 418.11539823008854 141.09097345132744 book-spine 0
156.88235294117646 526.5294117647059 131.7058823529412 425.82352941176464 109.58823529411762 431.35294117647055 134.76470588235293 532.0588235294118 book-spine 0
350.82352941176464 481.2941176470588 325.17647058823525 378.7058823529411 305.8823529411764 383.52941176470586 331.52941176470586 486.11764705882354 book-spine 0
510.55617977528084 118.41011235955054 486.97752808988764 16.235955056179762 453.67415730337075 23.921348314606732 477.25280898876395 126.0955056179775 book-spine 0
253 639 230.41176470588238 548.6470588235294 212.05882352941177 553.2352941176471 234.6470588235294 643.5882352941177 book-spine 0