557.9004524886878 198.90950226244348 554.9366515837105 136.66968325791856 542.9162895927602 137.2420814479638 545.8800904977376 199.48190045248873 book-spine 0
300.77931034482765 309.75172413793103 285.2448275862069 308.8379310344828 281.44137931034487 373.496551724138 296.9758620689656 374.41034482758624 book-spine 0
358.00000000000006 406 338 406 338.00000000000006 557 358.0000000000001 557 book-spine 0
339.00000000000006 461 324.00000000000006 461 324.0000000000001 517 339.0000000000001 517 book-spine 0
152.7947598253275 375.96069868995636 144.33187772925766 312.48908296943233 125.00873362445417 315.0655021834061 133.47161572052403 378.53711790393015 book-spine 0
200.00000000000003 232 185.00000000000003 232 185.00000000000006 295 200.00000000000006 295 book-spine 0
177.3604852686309 391.3483535528596 162.84402079722707 390.7435008665511 160.35181975736572 450.5563258232236 174.86828422876954 451.1611785095321 book-spine 0
475 150.00000000000006 465 150.00000000000006 465 201.00000000000006 475 201.00000000000006 book-spine 0
304.00000000000006 461 289.00000000000006 461 289.0000000000001 520 304.0000000000001 520 book-spine 0
387.66972477064223 310.10091743119267 379.3211009174312 307.5963302752294 360.5229357798165 370.2568807339451 368.8715596330276 372.7614678899083 book-spine 0
557.7101176470588 229.11152941176476 543.9858823529412 228.21647058823532 540.1289411764706 287.3562352941177 553.8531764705883 288.25129411764715 book-spine 0
101.00000000000003 237 74.00000000000003 237 74.00000000000003 296 101.00000000000003 296 book-spine 0
386.6 242.20000000000005 372.50000000000006 237.50000000000006 355.1 289.70000000000005 369.20000000000005 294.4000000000001 book-spine 0
343.4160282852092 202.76428992339424 336.9057159693577 136.0335886859163 322.53034767236295 137.43606364172064 329.04065998821454 204.16676487919858 book-spine 0
514.573896353167 386.86564299424197 502.40499040307105 380.1727447216891 469.89059500959695 439.2898272552783 482.05950095969297 445.9827255278311 book-spine 0
363.1519337016574 202.8867403314917 359.5662983425415 134.7596685082873 348.4917127071824 135.3425414364641 352.0773480662984 203.4696132596685 book-spine 0
76.54750593824228 296.8776722090261 74.19714964370546 228.71733966745842 58.698337292161526 229.25178147268406 61.048693586698334 297.41211401425176 book-spine 0
122.0345545378851 295.6931723563697 120.80890924229809 235.6365528726062 95.96211490424645 236.14363030807664 97.18776019983346 296.2002497918401 book-spine 0
621.5790741236285 197.83088038533583 616.3952368209793 118.7773615199358 597.7214343055927 120.00187316028902 602.9052716082418 199.05539202568912 book-spine 0
489.0391752577319 199.86185567010307 486.21237113402066 137.6721649484536 472.9216494845361 138.2762886597938 475.74845360824736 200.46597938144328 book-spine 0
226.17218015145477 205.8696691909127 222.50378636907135 144.72977281785572 208.49422080510163 145.5703467516939 212.16261458748505 206.7102431247509 book-spine 0
497 387 459 387 459 444.00000000000006 497 444.0000000000001 book-spine 0
639.2683918669131 310.9563770794824 637.9401109057301 241.88576709796672 628.6935304990757 242.06358595194087 630.0218114602587 311.1341959334565 book-spine 0
352.7706783369804 236.1960612691467 338.37680525164114 232.12822757111604 322.0144420131291 290.0258205689279 336.40831509846834 294.09365426695854 book-spine 0
244.00000000000006 463 232.00000000000006 463 232.00000000000006 521 244.00000000000006 521 book-spine 0
140.27668393782383 205.78860103626943 136.34507772020726 144.84870466321246 128.08911917098447 145.38134715025907 132.02072538860102 206.32124352331604 book-spine 0
453 141.00000000000006 423 141.00000000000006 423 201.00000000000006 453 201.00000000000006 book-spine 0
556.68669527897 311.8841201716739 545.1931330472104 304.8111587982834 507.32188841201724 366.3519313304722 518.8154506437769 373.4248927038627 book-spine 0
267.4162162162162 373.8972972972972 265.9259459459459 309.8156756756756 253.46756756756758 310.10540540540535 254.95783783783787 374.18702702702706 book-spine 0
234 160.00000000000003 223 160 223 206 234 206.00000000000006 book-spine 0
249.00000000000006 535 241.00000000000006 535 241.00000000000006 588 249.00000000000006 588 book-spine 0
107.32307692307693 294.5846153846154 100.04615384615386 236.36923076923074 88.35384615384615 237.83076923076922 95.63076923076923 296.04615384615386 book-spine 0
259 229.00000000000006 243.00000000000006 229.00000000000006 243.00000000000006 294 259 294 book-spine 0
135.00000000000006 312 117.00000000000003 312 117.00000000000004 377 135.00000000000006 377 book-spine 0
259.21975051975056 205.16611226611224 251.48627858627862 128.93617463617463 237.7149688149688 130.33326403326402 245.4484407484407 206.56320166320165 book-spine 0
267.30000000000007 393.1000000000001 243.3 385.1 222.10000000000002 448.7000000000001 246.10000000000008 456.7000000000001 book-spine 0
172.00000000000003 230 154.00000000000003 230 154.00000000000006 295 172.00000000000006 295 book-spine 0
176.2667860340197 375.90778871978506 169.3285586392122 310.6884512085945 154.727842435094 312.24171888988366 161.66606982990152 377.46105640107425 book-spine 0
383.2166488794023 396.46318036286016 367.41302027748134 383.9519743863394 322.8025613660619 440.30202774813233 338.60618996798286 452.81323372465306 book-spine 0
457.84800000000007 405.6640000000001 428.936 385.648 392.072 438.8960000000001 420.98400000000004 458.91200000000003 book-spine 0
330.41176470588243 307.3529411764706 318.64705882352945 304.4117647058824 301.9411764705883 371.2352941176471 313.7058823529412 374.17647058823536 book-spine 0
444.00000000000006 201 442.14180206794686 152.6868537666174 432.1565731166913 153.07090103397337 434.0147710487445 201.38404726735598 book-spine 0
562.1379310344827 385.6551724137932 548.8620689655172 380.344827586207 525.4137931034483 438.96551724137936 538.6896551724137 444.2758620689656 book-spine 0
450.1538461538462 535.7692307692308 412.3076923076924 510.53846153846155 365.3846153846155 580.9230769230769 403.2307692307693 606.1538461538462 book-spine 0
240.85072765072766 205.84282744282746 237.90519750519752 133.67733887733888 227.81995841995843 134.08898128898127 230.76548856548857 206.25446985446985 book-spine 0
88 378 81.23076923076923 323.8461538461538 69.53846153846153 325.30769230769226 76.3076923076923 379.4615384615384 book-spine 0
402.2138836772984 229.61350844277683 389.04690431519697 225.42401500938092 369.0056285178236 288.41088180112575 382.172607879925 292.60037523452166 book-spine 0
310 141.00000000000006 296 141.00000000000006 296 205.00000000000006 310 205.00000000000006 book-spine 0
521.0741075463172 199.74152733845457 518.4740171712607 138.63940352462723 506.45323090826935 139.15092634432898 509.05332128332583 200.25305015815633 book-spine 0
424.79731543624166 318.31812080536923 407.9610738255035 313.3127516778525 391.34295302013425 369.21006711409404 408.1791946308726 374.21543624161086 book-spine 0
373.92042440318306 238.87798408488072 365 237.00000000000006 353.65782493368704 290.8753315649868 362.57824933687004 292.7533156498675 book-spine 0
156.2791878172589 205.90862944162438 151.39086294416245 137.47208121827413 134.33502538071065 138.69035532994926 139.2233502538071 207.1269035532995 book-spine 0
539.2217898832685 315.45136186770435 522.6964980544747 305.85603112840477 487.4669260700389 366.5291828793775 503.9922178988327 376.12451361867716 book-spine 0
284 312 276 312 276 373 284 373 book-spine 0
329.6778523489933 233.8255033557047 316.7281879194631 231.54026845637586 306.14765100671144 291.496644295302 319.0973154362417 293.7818791946309 book-spine 0
114.00000000000006 465 98.00000000000006 465 98.00000000000006 525 114.00000000000006 525 book-spine 0
214.50360655737705 293.8203278688525 211.367868852459 232.6734426229508 197.40459016393436 233.3895081967213 200.54032786885242 294.53639344262297 book-spine 0
477.50000000000006 536.5000000000001 469 528.0000000000001 418 579.0000000000001 426.50000000000006 587.5000000000002 book-spine 0
335.6020170674942 320.3661753297129 326.56012412723044 318.2994569433669 314.5384018619085 370.89449185415054 323.58029480217226 372.96121024049654 book-spine 0
242.00000000000003 230.00000000000003 202.00000000000003 230 202.00000000000006 294 242.00000000000006 294 book-spine 0
277.1626062322947 374.8294617563739 275.66175637393775 311.79376770538244 265.4770538243626 312.03626062322945 266.97790368271956 375.071954674221 book-spine 0
114.00000000000003 148 105.00000000000003 148 105.00000000000003 207 114.00000000000003 207 book-spine 0
571.4 382.80000000000007 560.3 379.10000000000014 539.8 440.60000000000014 550.9 444.3000000000001 book-spine 0
272.00000000000006 462 259 462 259.00000000000006 521 272.0000000000001 521 book-spine 0
92.60406091370558 207.4568527918782 88.2741116751269 146.83756345177662 67.66497461928934 148.30964467005074 71.99492385786803 208.9289340101523 book-spine 0
538.3999999999999 387.20000000000016 527.1999999999999 381.60000000000014 497.8 440.4000000000001 508.9999999999999 446 book-spine 0
529.2349328214971 198.99078694817658 526.8702495201535 138.69136276391552 517.3946257197697 139.06295585412667 519.7593090211133 199.36238003838776 book-spine 0
165.00000000000006 387 150.00000000000006 387 150.00000000000006 452 165.00000000000006 452 book-spine 0
372 460 358.00000000000006 460 358.0000000000001 517 372.0000000000001 517 book-spine 0
549.8716981132076 226.35094339622646 539.1849056603775 224.34716981132084 527.4566037735849 286.8981132075472 538.143396226415 288.9018867924529 book-spine 0
93.66153846153847 205.9076923076923 91.2676923076923 162.81846153846152 84.89846153846152 163.1723076923077 87.29230769230767 206.26153846153844 book-spine 0
99.8170731707317 296.3536585365854 93.30487804878048 237.7439024390244 81.45121951219511 239.0609756097561 87.96341463414635 297.6707317073171 book-spine 0
210.00000000000006 310 188.00000000000006 310 188.00000000000006 375 210.00000000000006 375 book-spine 0
254.65617977528092 372.88988764044944 249.04269662921348 313.94831460674163 224.0314606741573 316.3303370786518 229.64494382022474 375.2719101123596 book-spine 0
368.0000000000001 531 329.0000000000001 531 329.0000000000001 586 368.0000000000001 586 book-spine 0
423.00000000000006 459.00000000000006 407.39038817005553 458.6998151571164 406.2706099815158 516.928280961183 421.8802218114603 517.2284658040666 book-spine 0
150.00000000000006 538 135.00000000000006 538 135.00000000000006 592 150.00000000000006 592 book-spine 0
243.00000000000006 233.00000000000006 230.00000000000006 233 230.00000000000006 295 243.00000000000006 295 book-spine 0
179.00000000000006 537 167.00000000000006 537 167.00000000000006 589 179.00000000000006 589 book-spine 0
245.3323076923077 205.98153846153843 243.43076923076922 171.75384615384613 237.1723076923077 172.10153846153844 239.07384615384615 206.32923076923075 book-spine 0
231.46954510408636 521.9036237471087 229.8311488049345 462.9213569776407 217.89591364687743 463.2528912875867 219.53430994602934 522.2351580570547 book-spine 0
352.59292035398227 202.8938053097345 348.787610619469 145.81415929203538 338.1681415929204 146.5221238938053 341.9734513274336 203.6017699115044 book-spine 0
106.75209462789553 452.9221291276491 103.93790044356828 389.6027599802859 89.81025135534748 390.23065549531793 92.62444553967472 453.55002464268114 book-spine 0
253.00000000000006 315 227.00000000000006 315 227.00000000000006 374 253.00000000000006 374 book-spine 0
189.12656972901522 205.96133509583612 187.90746860541975 138.91077329808328 174.9844679444812 139.145736946464 176.2035690680767 206.19629874421685 book-spine 0
115.8020725388601 295.43212435233164 111.92642487046632 235.359585492228 94.96476683937826 236.4538860103627 98.84041450777202 296.5264248704663 book-spine 0
294.7005199306759 391.21247833622186 279.2786828422877 384.2883882149047 252.23812824956678 444.5150779896014 267.65996533795493 451.43916811091856 book-spine 0
95.00000000000001 207.00000000000003 91.77624309392266 145.7486187845304 81.80386740331491 146.27348066298345 85.02762430939227 207.52486187845307 book-spine 0
499 144.00000000000006 488 144.00000000000006 488 200.00000000000006 499 200.00000000000006 book-spine 0
632.9399999999999 197.57999999999998 622.62 125.34000000000003 610.9999999999999 127.00000000000004 621.3199999999998 199.24 book-spine 0
291.00000000000006 464 283.00000000000006 464 283.0000000000001 518 291.0000000000001 518 book-spine 0
139 140 123.00000000000003 140 123.00000000000003 206 139 206 book-spine 0
244.7275957362811 388.0446111330439 230.99684168969605 382.7860244769049 205.73430714567712 448.7493091196211 219.46506119226217 454.00789577576006 book-spine 0
488.98503740648385 532.700748129676 479.9513715710724 524.5274314214465 433.96758104738154 575.351620947631 443.00124688279305 583.5249376558604 book-spine 0
103.42410993129295 523.9643972517177 101.97126795752655 465.85071830106193 93.57651467832608 466.06058713304196 95.02935665209247 524.1742660836977 book-spine 0
300.2256809338522 224.38910505836577 287.52529182879385 223.59533073929964 283.2334630350195 292.26459143968873 295.9338521400778 293.05836575875486 book-spine 0
518.6890595009597 310.92898272552793 509.552783109405 305.90403071017283 475.7715930902111 367.32437619961615 484.90786948176583 372.34932821497125 book-spine 0
516.7532347504621 229.33179297597047 504.8345656192236 225.1025878003697 482.6820702402956 287.53234750462116 494.6007393715342 291.7615526802219 book-spine 0
92.56715328467155 453.98467153284673 90.94233576642337 393.86642335766425 81.51678832116788 394.1211678832117 83.14160583941606 454.23941605839417 book-spine 0
188.00000000000006 231 175.00000000000003 231 175.00000000000006 295 188.00000000000006 295 book-spine 0
368 144.00000000000006 359 144.00000000000006 359 202.00000000000006 368 202.00000000000006 book-spine 0
218.75890410958908 232.50958904109592 170.12191780821922 230.70821917808223 167.77808219178084 293.99178082191787 216.41506849315073 295.79315068493156 book-spine 0
210.3200000000001 386.7600000000001 196.18000000000006 384.7400000000001 186.50000000000006 452.5000000000001 200.6400000000001 454.5200000000001 book-spine 0
403.0212240868707 201.95508390918067 401.7724580454097 145.76061204343534 388.91214215202365 146.04639684106616 390.1609081934847 202.24086870681148 book-spine 0
406.3359486447931 540.6469329529244 385.7503566333809 526.7018544935806 350.1012838801712 579.3266761768903 370.68687589158344 593.2717546362339 book-spine 0
88.30588235294118 295.9764705882353 83.74117647058824 236.6352941176471 71.81176470588237 237.5529411764706 76.37647058823529 296.89411764705886 book-spine 0
452.4324324324325 536.5945945945947 438.3378378378379 526.5270270270271 400.6351351351352 579.3108108108108 414.7297297297298 589.3783783783784 book-spine 0
471.18536585365854 226.93170731707318 458.2487804878048 220.9609756097561 427.19512195121945 288.2439024390244 440.13170731707316 294.2146341463415 book-spine 0
286.5709342560554 231.30449826989627 272.1861591695502 230.92595155709347 270.55709342560556 292.83044982698965 284.9418685121108 293.2089965397924 book-spine 0
536.0961898813242 513.8475952529669 534.6189881324174 454.7595252966896 511.6083697688944 455.33479075577765 513.0855715178013 514.422860712055 book-spine 0
102.66931637519873 206.8664546899841 97.53736089030207 142.7170111287758 89.07154213036564 143.3942766295707 94.20349761526231 207.54372019077897 book-spine 0
435.0396226415095 200.911320754717 432.8981132075472 151.6566037735849 423.2641509433963 152.0754716981132 425.4056603773586 201.3301886792453 book-spine 0
272 229.00000000000006 259 229.00000000000006 259 294 272 294 book-spine 0
328 203 323.99542464969966 143.9325135830712 314.9691163854732 144.5444666857306 318.9736917357735 203.6119531026594 book-spine 0
283.00000000000006 461 272.00000000000006 461 272.0000000000001 519 283.0000000000001 519 book-spine 0
253.00000000000006 315 216.00000000000006 315 216.00000000000006 374 253.00000000000006 374 book-spine 0
142.53056379821956 294.87655786350155 139.18100890207714 226.21068249258167 120.66409495548959 227.1139465875371 124.01364985163201 295.77982195845703 book-spine 0
622 245.00000000000006 609 245.00000000000006 609 311.0000000000001 622 311.0000000000001 book-spine 0
109.20050441361917 376.87137452711227 102.09583858764188 310.5611601513241 88.53720050441365 312.0138713745271 95.64186633039094 378.3240857503153 book-spine 0
139.24883840991222 593.9488900361382 137.97108931337118 537.7279297883324 123.95560144553431 538.0464636035106 125.23335054207537 594.2674238513164 book-spine 0
510.3867924528302 199.89622641509436 507.93773584905665 143.5679245283019 496.52452830188685 144.0641509433962 498.9735849056604 200.3924528301887 book-spine 0
66 208.00000000000006 62.92996108949416 158.87937743190662 55.7704280155642 159.32684824902722 58.840466926070036 208.44747081712063 book-spine 0
540.3424487259167 198.89931634555626 535.8638906152889 139.18520820385334 524.7016780609074 140.02237414543194 529.1802361715351 199.73648228713486 book-spine 0
560.8778054862844 454.4438902743143 532.7481296758106 453.03740648379056 529.778054862843 512.4389027431422 557.9077306733168 513.8453865336659 book-spine 0
413.1176470588235 389.47058823529414 397.82352941176464 380.2941176470589 361.99999999999994 440 377.2941176470588 449.17647058823536 book-spine 0
351.60000000000014 534.8000000000001 340 529 314.4 580.2 326.0000000000001 586.0000000000001 book-spine 0
237.27516778523494 372.8926174496644 226.69463087248323 312.93624161073825 206.89932885906043 316.42953020134223 217.47986577181211 376.38590604026837 book-spine 0
451.39113492450076 234.56307842182179 433.5518753044326 227.34242571846085 408.3044325377497 289.7184607890892 426.1436921578179 296.93911349245013 book-spine 0
128.11946902654864 593.7920353982302 124.38938053097343 537.8407079646017 116.49115044247787 538.3672566371681 120.22123893805309 594.3185840707965 book-spine 0
397.8341968911918 388.5699481865287 384.9015544041452 381.02590673575145 349.53886010362703 441.6476683937826 362.4715025906737 449.19170984455974 book-spine 0
411.2352941176471 232.05882352941182 370.7647058823529 221.9411764705883 353.8235294117647 289.7058823529412 394.29411764705884 299.82352941176475 book-spine 0
368.40000000000003 394.20000000000005 352.8 386.4000000000001 324 444.00000000000006 339.6 451.80000000000007 book-spine 0
301.36394849785415 203.79141630901287 295.76309012875544 140.31502145922747 285.54849785407725 141.21630901287554 291.14935622317597 204.69270386266095 book-spine 0
582 218.00000000000006 565 218.00000000000006 565 287.0000000000001 582 287.0000000000001 book-spine 0
84.29452054794521 207.95205479452054 82.46849315068494 158.64931506849317 68.15479452054795 159.17945205479455 69.98082191780823 208.48219178082192 book-spine 0
527 382.0000000000001 485 382.0000000000001 485 445.0000000000001 527 445.0000000000001 book-spine 0
381 389.0000000000001 369 383.0000000000001 337.80000000000007 445.4000000000001 349.80000000000007 451.4000000000001 book-spine 0
448.9931034482759 542.9172413793104 423.03793103448277 520.9551724137932 376.3068965517242 576.1827586206897 402.2620689655173 598.1448275862069 book-spine 0
298.3505154639176 421.7113402061857 274.6907216494846 411.19587628865986 259.3505154639176 445.7113402061856 283.0103092783506 456.2268041237114 book-spine 0
141.00000000000006 388 129.00000000000006 388 129.00000000000006 452 141.00000000000006 452 book-spine 0
367.4463087248322 235.1375838926175 349.4765100671141 231.9664429530202 339.06711409395973 290.9530201342282 357.03691275167785 294.1241610738255 book-spine 0
85.29460201280878 207.86093321134496 82.26989935956084 157.95333943275392 62.64501372369625 159.14272644098813 65.6697163769442 209.05032021957913 book-spine 0
463.20000000000005 385.6000000000001 450.80000000000007 379.4000000000001 419.8000000000001 441.4000000000001 432.20000000000016 447.6 book-spine 0
336.589519650655 235.0786026200874 327.09170305676867 233.81222707423586 319.3362445414848 291.9781659388647 328.8340611353712 293.24454148471625 book-spine 0
641.9827586206895 196.70689655172413 637.7241379310344 124.3103448275862 622.6586206896551 125.19655172413792 626.9172413793102 197.59310344827583 book-spine 0
269.20304568527916 204.8426395939086 265.55837563451774 153.81725888324874 254.25888324873097 154.62436548223351 257.9035532994924 205.64974619289336 book-spine 0
325.00000000000006 461 314.00000000000006 461 314.0000000000001 519 325.0000000000001 519 book-spine 0
307.1 395.69999999999993 275.00000000000006 384.99999999999994 254.90000000000003 445.3 287 456 book-spine 0
108.0362480127186 206.6766295707472 104.82257551669318 146.6880763116057 96.88108108108108 147.11351351351348 100.09475357710653 207.10206677265495 book-spine 0
360.00000000000006 462 349.00000000000006 462 349.0000000000001 516 360.0000000000001 516 book-spine 0
359.7012732615083 320.72380019588644 345.33300685602353 315.45543584720866 325.9187071498531 368.40352595494613 340.2869735553379 373.6718903036239 book-spine 0
378 140.00000000000006 365 140.00000000000006 365 203.00000000000006 378 203.00000000000006 book-spine 0
378.9539689995304 534.1235321747299 368.73320807891037 528.2465946453735 338.1817754814467 581.3795209018319 348.40253640206674 587.2564584311883 book-spine 0
547 199 545.4592641261498 138.91130091984232 536.9776609724048 139.1287779237845 538.518396846255 199.21747700394218 book-spine 0
443.58515283842803 392.61135371179046 394.3275109170306 386.0436681222708 386.56331877729264 444.27510917030577 435.82096069869 450.84279475982544 book-spine 0
390.00000000000006 202.00000000000003 387.99905414991724 136.96925987231023 375.45708205249474 137.35516670607709 377.4580279025775 202.38590683376688 book-spine 0
166.49968924798014 592.6625233064015 162.30640149160973 536.7520198881292 151.91485394655064 537.5313859540087 156.10814170292107 593.4418893722809 book-spine 0
493.0283286118981 238.1898016997168 470.9235127478754 227.78753541076492 442.6402266288952 287.8895184135978 464.7450424929179 298.29178470254965 book-spine 0
511.79663255199733 228.74645097391885 498.4754044239022 222.61868603499508 468.679432155827 287.3925387916804 482.0006602839221 293.5203037306042 book-spine 0
106.05628517823641 295.6472795497186 100.81801125703565 235.40712945590997 80.06191369606003 237.21200750469046 85.3001876172608 297.45215759849907 book-spine 0
425 201 423.8820702402958 142.86765249537893 411.90573012939007 143.09796672828097 413.0236598890943 201.23031423290203 book-spine 0
540.2946058091286 232.1452282157677 527.2240663900415 228.6597510373445 511.57261410788385 287.3526970954357 524.643153526971 290.83817427385895 book-spine 0
189.35025380710664 519.9035532994924 185.40609137055839 464.6852791878173 164.51269035532994 466.1776649746193 168.45685279187816 521.3959390862944 book-spine 0
233.8429268292683 292.9736585365854 231.89951219512196 230.7843902439024 195.8721951219512 231.91024390243905 197.81560975609753 294.099512195122 book-spine 0
320.1936453413482 203.4589952769429 313.61571489909835 140.31086303134396 303.5787891799055 141.3563761270932 310.1567196221554 204.50450837269213 book-spine 0
198.1643312101911 588.6012738853503 196.2738853503185 535.6687898089173 183.43312101910828 536.1273885350319 185.32356687898087 589.0598726114649 book-spine 0
613 243.00000000000006 599 243.00000000000006 599 311.0000000000001 613 311.0000000000001 book-spine 0
281.20304568527916 204.84263959390861 277.6700507614213 155.38071065989845 265.65989847715736 156.23857868020303 269.1928934010152 205.70050761421322 book-spine 0
517.2889324191968 228.93927522037222 506.29970617042113 224.9098922624878 483.3839373163565 287.4074436826641 494.37316356513224 291.43682664054853 book-spine 0
434.00000000000006 457 422 457 422.0000000000001 517 434.0000000000001 517 book-spine 0
214.00000000000006 541 211.00000000000006 541 211.00000000000006 553 214.00000000000006 553 book-spine 0
130.4786990559574 452.66685973996437 128.58428772538912 386.59935353776666 105.02057043692074 387.27501659193075 106.914981767489 453.34252279412846 book-spine 0
518.6819932476049 454.94098757717944 484.2791187479829 453.51643731061176 481.745723071772 514.6979172148347 516.1485975713939 516.1224674814025 book-spine 0
487.6367511967684 455.95457510286786 474.59912957092865 455.4014640633959 472.3821769678308 507.65822109577164 485.4197985936705 508.21133213524365 book-spine 0
476.4879691362877 456.2308526019923 465.2671560516519 454.9749951281261 458.6234087271886 514.3354308946582 469.8442218118243 515.5912883685244 book-spine 0
454.5032036063485 460.50192609346203 449.88271334803784 460.1341257968011 445.71058354988844 512.5464953999887 450.33107380819905 512.9142956966497 book-spine 0
465.0636075236085 457.81546149072244 454.65092081786884 456.7902123425048 449.08687234757065 513.3000798585941 459.49955905331035 514.3253290068118 book-spine 0
476.14138752785436 456.2261499096978 465.10304824544573 455.0697523640848 458.87664149004434 514.5036300449378 469.914980772453 515.6600275905508 book-spine 0
430.33484848577467 229.83441608673184 419.48540806234644 226.01322951439454 397.0523052732543 289.7072176553675 407.9017456966825 293.52840422770475 book-spine 0
447.988244733099 314.97826864826095 436.468238522383 309.5711629153334 409.407286887881 367.2253583935049 420.92729309859703 372.6324641264325 book-spine 0
459.18790075664856 316.20240240886613 446.7730610676135 310.6639525454025 421.13674934763225 368.1296167777871 433.55158903666734 373.66806664125073 book-spine 0
475.74555508761387 309.7367365299125 465.27189244853855 304.7926473491008 434.9954972667498 368.9308004981337 445.4691599058251 373.87488967894546 book-spine 0
496.19697711954973 306.5602243292408 483.5799199422023 299.61750503922343 445.7045217320235 368.4487575888902 458.32157890937094 375.39147687890755 book-spine 0
505.2679371652574 312.62261774899764 495.08504025502987 307.1917394177388 462.21563111228534 368.8218817971348 472.3985280225129 374.2527601283937 book-spine 0
143.5053039627826 522.2930298268545 142.94249130099874 465.30819064645084 131.90535514917474 465.41719928919554 132.4681678109586 522.4020384695992 book-spine 0
132.7143935207111 523.6308083346114 132.25763848109895 465.2233362823299 125.69781379514987 465.2746350781689 126.15456883476202 523.6821071304503 book-spine 0
153.01587300000006 463.968254 145.18518500000005 463.968254 145.18518500000005 523.333333 153.01587300000006 523.333333 book-spine 0
121.90476200000006 464.603175 113.43915300000006 464.603175 113.43915300000006 525.238095 121.90476200000006 525.238095 book-spine 0
127.6590714903351 523.6393708414896 127.314117883009 464.9112380082597 120.81782741576188 464.94939551000215 121.16278102308797 523.6775283432321 book-spine 0
277.5405783356805 586.4233950873604 276.16887680983626 533.6128750000962 268.5549665323911 533.8106388609323 269.92666805823535 586.6211589481965 book-spine 0
258.2250088560558 590.4214672143582 257.6415409714688 533.7520924076346 248.44474590095956 533.8467826099364 249.02821378554648 590.5161574166601 book-spine 0
269.87338087260656 586.3809472111444 269.06811512301766 533.8373878065704 257.6422267951197 534.012497308731 258.4474925447086 586.556056713305 book-spine 0
395.4066526114965 458.55266498877756 382.0824266726124 458.2043195568452 380.56048883508305 516.4184993716557 393.88471477396706 516.7668448035881 book-spine 0
212.55296023497897 206.6492254843825 208.336819442752 144.28547866395513 192.25056864085104 145.37299988674468 196.46670943307805 207.73674670717202 book-spine 0
231.34710338554157 588.1186777398085 230.45311344049964 534.814536374902 221.13291748039913 534.970849960691 222.02690742544107 588.2749913255975 book-spine 0
241.53879685131136 588.2198820086276 240.59966965847548 534.1613186131019 230.48466585434468 534.3370405437532 231.42379304718054 588.3956039392789 book-spine 0
212.25982098578854 587.7919388618425 208.7047018749003 535.7983307890046 199.9273953365327 536.3984886040375 203.48251444742095 588.3920966768754 book-spine 0
221.94796557928777 590.0592540019663 220.07141995309456 535.3462298013018 210.70493974997783 535.6674810520738 212.581485376171 590.3805052527383 book-spine 0
506.9912992666708 535.449787418552 493.63747828190077 521.5060381676196 435.4499974610294 577.2317392293119 448.80381844579944 591.1754884802442 book-spine 0
353.28308620015355 386.5733433212074 334.1560192133591 377.06921078480264 300.2442131846243 445.3167213356346 319.37128017141873 454.8208538720394 book-spine 0
337.6800508851628 390.0753929856191 327.20236190826495 385.1447159913249 299.0763980918473 444.9123911776999 309.5540870687451 449.843068171994 book-spine 0