119.73610842207171 486.0815101645693 104.60716360116174 476.65692158760896 34.61064859632148 589.0197483059053 49.73959341723145 598.4443368828656 book-spine 0
669.476534296029 138.59205776173297 635.3610108303249 116.66064981949467 526.028880866426 286.73285198555965 560.1444043321301 308.66425992779796 book-spine 0
350.9119804400979 520.4132029339854 334.60391198044016 508.3594132029341 252.16014669926653 619.9009779951102 268.4682151589243 631.9547677261615 book-spine 0
64.94886975242201 284.06620021528533 57.54305705059208 283.5495156081809 47.26910656620025 430.8094725511302 54.674919268030195 431.32615715823465 book-spine 0
247.6515590390186 504.9245186573522 228.33003918895895 490.90083489521214 148.573692281479 600.7873573010735 167.89521213153864 614.8110410632136 book-spine 0
393.6593824228029 134.47790973871736 377.8893111638955 128.60997624703091 325.93681710213775 268.2323040380048 341.7068883610451 274.10023752969124 book-spine 0
507.72648245886376 351.99689537410757 493.009624340267 343.25209562247755 412.68348339025135 478.4351133188452 427.40034150884816 487.1799130704751 book-spine 0
653.4113207547169 197.86037735849067 636.777358490566 186.47924528301894 562.3830188679245 295.2094339622642 579.0169811320754 306.5905660377359 book-spine 0
572.3078101071975 135.86370597243499 553.2052067381317 124.57580398162335 460.55283307810106 281.37212863705975 479.6554364471669 292.6600306278714 book-spine 0
156.0737210659405 67.37658043182263 119.43435129352268 62.216105815989124 94.22524800622446 241.20073915580627 130.8646177786423 246.36121377163977 book-spine 0
520.9626323751891 355.3390317700455 508.4361573373676 347.5326777609683 423.7827534039334 483.37186081694415 436.30922844175484 491.17821482602125 book-spine 0
657.1520547945206 247.6945205479453 636.0657534246576 230.6246575342467 584.6931506849315 294.08493150684944 605.7794520547945 311.1547945205481 book-spine 0
593.062791155436 138.25982547076975 572.5912997834788 125.75710255232607 475.91014369135894 284.0592152745884 496.38163506331614 296.56193819303206 book-spine 0
421.79729729729723 529.2837837837839 406.7567567567567 518.5405405405405 330.3378378378378 625.5270270270271 345.37837837837833 636.2702702702703 book-spine 0
645.9867374005305 369.9283819628648 625.1485411140583 355.6021220159152 527.3448275862067 497.86206896551727 548.1830238726791 512.1883289124669 book-spine 0
223.11320754716985 301.60377358490575 194.4528301886793 293.4150943396227 151.39622641509436 444.1132075471699 180.05660377358492 452.30188679245293 book-spine 0
271.4261862917399 90.15202108963098 252.733567662566 85.2868189806679 208.7898066783832 254.1233743409491 227.4824253075571 258.9885764499122 book-spine 0
330.68940283675136 516.232270304454 313.19640437257215 503.4726714246997 230.17499322432025 617.2923479989161 247.66799168849943 630.0519468786704 book-spine 0
494.13868613138686 123.13138686131393 464.13868613138686 109.13138686131393 388.16058394160575 271.94160583941607 418.16058394160575 285.94160583941607 book-spine 0
34.71883432272 280.54506206152183 20.052887209929906 279.86292498650835 13.141932002158697 428.4484619535888 27.807879114948783 429.13059902860226 book-spine 0
191.44464127546507 48.30026572187781 159.07750221434904 43.47962798937117 129.05314437555361 245.0717449069974 161.42028343666962 249.89238263950404 book-spine 0
95.51812400635936 276.4383147853736 64.29491255961847 273.6717011128776 50.05007949125597 434.4348171701113 81.27329093799685 437.20143084260724 book-spine 0
295.0360655737705 330.2032786885246 274.944262295082 321.4131147540984 220.96393442622957 444.7967213114755 241.05573770491804 453.5868852459017 book-spine 0
552.1478016838166 547.8026192703462 527.3695042095417 527.0065481758654 434.8731524789523 637.2149672591207 459.65144995322726 658.0110383536015 book-spine 0
431.2958588879315 326.5570986872118 406.4031121699021 314.7967459070404 333.2042678290841 469.73429976177204 358.0970145471134 481.4946525419434 book-spine 0
326.48259347946225 100.4442807146805 301.5461410941241 92.25087493092656 247.3654448333026 257.1486461595137 272.3018972186407 265.3420519432677 book-spine 0
120.21008035062093 55.979401022644296 85.67304601899198 51.34638422205992 60.80131482834189 236.75383491599712 95.33834915997079 241.38685171658148 book-spine 0
594 378.0000000000001 578.7692307692308 367.846153846154 494.0000000000001 495.0000000000001 509.2307692307693 505.1538461538463 book-spine 0
334.4295613240233 322.8804434731625 323.849101860242 318.14039763338843 260.70918394541866 459.07771440754755 271.2896434091999 463.81776024732153 book-spine 0
56.65449781659393 477.04873362445426 36.5144104803494 465.7580786026202 -19.667423580785993 565.9743231441048 0.4726637554585409 577.2649781659389 book-spine 0
233.01538461538462 86.8769230769231 186.98461538461544 81.12307692307695 165.98461538461544 249.12307692307695 212.01538461538462 254.8769230769231 book-spine 0
643.672131147541 418.39344262295094 623.7049180327868 401.7540983606558 545.1803278688524 495.98360655737713 565.1475409836065 512.6229508196723 book-spine 0
185.08451184188115 496.06133924007503 169.7033566195264 484.89759754643046 92.79161697052314 590.8648832850572 108.17277219287791 602.0286249787017 book-spine 0
515.6970802919708 113.79197080291979 499.00000000000006 106.00000000000009 418.1934306569343 279.1569343065694 434.8905109489051 286.9489051094891 book-spine 0
620.6 363.80000000000007 600.2331034482759 351.4027586206897 510.47862068965514 498.85655172413794 530.8455172413793 511.2537931034484 book-spine 0
654.5729729729728 375.9621621621622 627.6378378378378 356.372972972973 530.2972972972973 490.2162162162162 557.2324324324323 509.8054054054054 book-spine 0
627.3076923076923 477.53846153846155 615.3076923076923 469.53846153846155 592.9999999999999 503 604.9999999999999 511 book-spine 0
382.3164274766615 525.7799916399609 359.6882402117876 508.39201616274204 272.6517347080953 621.6587014072732 295.2799219729692 639.0466768844922 book-spine 0
614.7702702702704 614.1216216216219 595.3783783783784 600.2702702702704 567.8108108108108 638.864864864865 587.2027027027029 652.7162162162165 book-spine 0
407.9774859287055 529.3564727954972 386.5913696060038 513.769981238274 303.61669793621013 627.6189493433396 325.00281425891194 643.205440900563 book-spine 0
85.28009791558497 482.52525777019514 61.906460945033785 468.73481195756995 -5.83784585713218 583.5556709442919 17.53579111341901 597.3461167569171 book-spine 0
172.1538461538462 493.76923076923083 153.69230769230774 481.46153846153845 80.15384615384619 591.7692307692307 98.61538461538464 604.0769230769231 book-spine 0
12.000000000000036 278 3.50248984556143e-14 278 4.4087284769304716e-14 426 12.000000000000044 426 book-spine 0
275.9569202179331 292.45436499556536 237.768171643367 274.321577902606 157.54069350002112 443.28550914389507 195.7294420745872 461.4182962368544 book-spine 0
512.6970185334407 542.3489121676068 501.933521353747 533.7933118452861 419.7373086220789 637.201450443191 430.5008058017727 645.7570507655116 book-spine 0
275.30352941176477 322.34588235294126 255.57764705882352 314.30941176470594 203.6964705882353 441.6541176470589 223.42235294117654 449.6905882352942 book-spine 0
564.023829087921 361.8586688578472 539.7866885784715 344.1617091207889 439.40312243221035 481.6435497124076 463.6402629416598 499.3405094494659 book-spine 0
12.000000000000046 316 -16.999999999999964 316 -16.999999999999957 426 12.000000000000053 426 book-spine 0
468.7586206896552 99.10344827586212 445.48275862068965 89.79310344827593 372.17241379310343 273.0689655172414 395.44827586206895 282.3793103448276 book-spine 0
57.80024360535936 280.9281364190012 34.11790499390991 279.8180267965895 27.066260657734496 430.2531059683314 50.74859926918394 431.36321559074304 book-spine 0
142.3484258538214 293.45055067304486 123.21737679385919 291.00522861274897 104.25336522416288 439.37073089331415 123.38441428412509 441.81605295361004 book-spine 0
123.81100917431198 285.7633027522936 94.64286238532114 282.49445871559635 77.31302752293581 437.12990825688064 106.48117431192665 440.39875229357796 book-spine 0
576.0099757940292 131.63991784640223 559.6784640211253 122.74205970806145 471.2503850949902 285.046761534512 487.58189686789416 293.94461967285275 book-spine 0
609.5469678953627 556.4256837098693 595.538644470868 543.0844233055888 507.9048751486326 635.0998810939359 521.9131985731273 648.4411414982164 book-spine 0
199.22641509433964 498.2075471698114 184.4207547169812 488.0773584905661 109.3150943396227 597.8471698113208 124.12075471698114 607.9773584905661 book-spine 0
337.8 117.60000000000005 321.90000000000003 112.30000000000005 271.90000000000003 262.30000000000007 287.8 267.6 book-spine 0
308.63815291445883 513.994700984103 289.47274791824384 499.50378501135515 208.1358819076458 607.0783497350492 227.30128690386078 621.5692657077972 book-spine 0
639 269.0000000000001 615 269.0000000000001 615 306.0000000000001 639 306.0000000000001 book-spine 0
21.34608852033177 279.13038265560994 9.276950744330167 278.7683085223299 4.839144769707305 426.69517434309125 16.908282545708907 427.0572484763713 book-spine 0
31.000000000000057 468 5.731347020009613e-14 468 6.11711076174103e-14 531 31.000000000000057 531 book-spine 0
580.9076923076924 134.66153846153853 563.8923076923077 124.93846153846155 472.13846153846146 285.50769230769237 489.1538461538462 295.23076923076934 book-spine 0
42.00000000000003 69.00000000000001 32.06000000000001 67.58 9.100000000000009 228.29999999999995 19.040000000000028 229.71999999999997 book-spine 0
649.9381976585896 225.43152736182964 638.8562482983937 216.88919139667854 578.1129866594065 295.6912605499592 589.1949360196024 304.2335965151103 book-spine 0
623.5044247787611 574.566371681416 604.6017699115046 558.0265486725665 536.4601769911505 635.9026548672567 555.362831858407 652.4424778761062 book-spine 0
380.20000000000005 331.6 358.19999999999993 320.6 288.19999999999993 460.6 310.2 471.60000000000014 book-spine 0
403.96709648732775 322.17074255224554 383.8532681191641 312.81547354379734 312.23921742996885 466.78568252556704 332.3530457981325 476.14095153401524 book-spine 0
300.13608931804464 97.44206397103201 271.656910078455 88.6394085697043 220.39529269764628 254.4858177429089 248.87447193723597 263.2884731442366 book-spine 0
492.5365853658537 544.8292682926831 471.07317073170736 527.6585365853659 385.9024390243902 634.1219512195123 407.3658536585366 651.2926829268293 book-spine 0
466.0294416243656 536.3878172588834 438.97461928934024 520.3553299492387 372.40812182741126 632.6862944162438 399.46294416243666 648.7187817258884 book-spine 0
318.56259487906084 332.44509665013663 297.78575043011847 323.3124177714807 243.62928853354924 446.5183685861756 264.40613298249167 455.65104746483155 book-spine 0
627.3922848664688 139.94183976261135 614.8011869436202 131.42433234421375 509.0967359050445 287.6830860534126 521.6878338278932 296.2005934718102 book-spine 0
352.3686082703424 324.3574922187639 335.8683859493109 316.6829702089818 269.67896843041353 458.99021787461095 286.17919075144505 466.66473988439304 book-spine 0
253.42195909580198 89.7147470398278 230.58837459634015 83.83336921420884 187.38751345532825 251.55435952637242 210.2210979547901 257.4357373519914 book-spine 0
283.72 510.0400000000001 258.28000000000003 490.96000000000004 171.8800000000001 606.16 197.32000000000005 625.24 book-spine 0
84.13022781366884 49.99353961237675 37.18089085345126 45.64637878272697 19.873852431145888 232.56239374362463 66.82318939136347 236.90955457327442 book-spine 0
439.0088573959256 532.4880425155004 425.066430469442 522.1603188662534 345.0841452612932 630.1364038972542 359.02657218777676 640.4641275465013 book-spine 0
462.2955876610698 536.5540804373292 444.6306130417805 522.86372510738 360.07965638422485 631.9617336977743 377.7446310035141 645.6520890277236 book-spine 0
384.7478890229192 109.98069963811828 345.729794933655 95.52955367913154 284.01688781664654 262.1544028950543 323.03498190591074 276.6055488540411 book-spine 0
491.9538461538462 346.8307692307693 477.0923076923077 338.3384615384616 399.49230769230775 474.13846153846157 414.35384615384623 482.63076923076926 book-spine 0
420.69923466852197 134.1220554616838 391.5957658284464 123.28565748931521 337.253752112116 269.23278004174534 366.3572209521915 280.06917801411396 book-spine 0
103.8099976857209 484.1226567924092 87.18178662346682 473.808956260125 20.933695903726004 580.6171025225642 37.561906965980086 590.9308030548484 book-spine 0
609.2613491726771 138.4340263046245 590.8922358930844 126.78532032244377 490.31183708103515 285.39287229529054 508.6809503606278 297.0415782774713 book-spine 0
474.8011012848324 344.06824628733534 456.39696312364435 334.05422993492414 380.7238444852328 473.1291506757884 399.12798264642083 483.1431670281996 book-spine 0
559.2142064372919 116.16204217536082 534.2241953385127 101.74472807991131 432.7869034406214 277.5693673695894 457.7769145394006 291.9866814650389 book-spine 0
218.48132763510006 289.45452729959663 154.41207013619845 262.6858649199186 85.90066701282106 426.66397731357586 149.96992451172267 453.4326396932539 book-spine 0
428.3529411764706 135.5882352941177 397.5294117647059 127.88235294117652 361.29411764705884 272.82352941176475 392.11764705882354 280.52941176470597 book-spine 0
150.38461538461544 491.9230769230769 125.23076923076931 475.1538461538462 50.61538461538467 587.0769230769231 75.7692307692308 603.8461538461538 book-spine 0
640.4634146341464 445.17073170731715 623.8780487804878 431.9024390243903 570.1219512195122 499.0975609756097 586.7073170731708 512.3658536585366 book-spine 0
586.2054504163513 363.20075700227113 563.6658591975776 347.72581377744143 471.05995457986376 482.60832702498124 493.59954579863745 498.0832702498109 book-spine 0
499.9330855018588 540.4869888475837 487.60966542750936 531.0074349442381 405.82527881040903 637.3271375464685 418.14869888475846 646.8066914498143 book-spine 0
221.71602434077084 502.23935091277895 204.3002028397566 489.66125760649095 126.5375253549696 597.3326572008114 143.95334685598385 609.9107505070995 book-spine 0
457.5730006981935 328.75117021538904 435.2659484979151 317.9134279882667 361.0120340901315 470.7483921401348 383.3190862904099 481.58613436725716 book-spine 0
592.3543586071519 552.342926087096 566.772844950061 530.1000415762038 472.682071840425 638.3137220514905 498.2635854975159 660.5566065623826 book-spine 0