275.1 594.3 258.3 543.9 244.49999999999994 548.5 261.29999999999995 598.9 book-spine 0
243.8299155609168 533.8407720144753 222.50301568154407 476.25814234016894 204.36188178528346 482.9770808202654 225.68878166465623 540.5597104945718 book-spine 0
394.60307692307697 506.3753846153847 373.52 446.63999999999993 360.75692307692304 451.14461538461535 381.84 510.8800000000001 book-spine 0
473.97004279600566 415.04422253922974 460.5962910128387 345.50071326676175 448.3195435092725 347.8616262482168 461.6932952924394 417.4051355206848 book-spine 0
525.5718662241511 229.4917028338014 510.44957875925445 163.60173602246618 497.0099565994383 166.6862394689814 512.1322440643349 232.57620628031663 book-spine 0
426.74455445544544 166.15445544554456 414.65049504950485 112.59504950495048 399.24257425742564 116.07425742574253 411.3366336633663 169.63366336633663 book-spine 0
429.9887640449438 254.61797752808988 414.9719101123595 189.54494382022466 380.8651685393258 197.41573033707863 395.8820224719101 262.4887640449438 book-spine 0
530.423076923077 402.1153846153846 517.5384615384617 337.6923076923076 502.53846153846155 340.6923076923076 515.4230769230769 405.11538461538464 book-spine 0
373.2459016393443 182.2950819672131 360.5245901639345 128.22950819672127 348.0393442622951 131.16721311475408 360.76065573770495 185.2327868852459 book-spine 0
50.199999999999996 346.6 34.49999999999998 299.49999999999994 21.899999999999977 303.69999999999993 37.599999999999994 350.79999999999995 book-spine 0
478.60176619007575 241.79100084104283 462.96131202691345 185.2447434819175 447.48570227081586 189.5252312867956 463.12615643397817 246.0714886459209 book-spine 0
541.423076923077 34.1153846153846 533.8461538461539 -3.769230769230788 515 0 522.5769230769231 37.88461538461539 book-spine 0
462.1984282907663 57.273084479371306 449.9882121807466 3.548133595284895 430.7111984282907 7.929273084479405 442.9214145383104 61.654223968565816 book-spine 0
135.52247191011236 154.2640449438202 124.58426966292134 106.86516853932582 104.06179775280897 111.60112359550561 114.99999999999999 159 book-spine 0
516.5583554376658 405.4151193633952 504.0848806366048 338.0583554376658 491.9098143236074 340.31299734748006 504.3832891246684 407.66976127320953 book-spine 0
573.5767918088736 217.5972696245734 560.354266211604 153.88873720136516 543.4593856655289 157.39522184300338 556.6819112627986 221.1037542662117 book-spine 0
313.6416309012875 101.89484978540776 300.9055793991416 48.40343347639485 288.51287553648064 51.35407725321889 301.24892703862656 104.84549356223181 book-spine 0
384.1449541284403 266.58348623853215 373.3853211009175 204.71559633027522 357.6018348623853 207.4605504587156 368.3614678899082 269.32844036697253 book-spine 0
317.7721893491124 520.4467455621301 293.8520710059172 462.3550295857989 282.3846153846154 467.0769230769231 306.3047337278106 525.1686390532544 book-spine 0
615.3846153846155 538.923076923077 603.7692307692308 480.8461538461538 585.3076923076924 484.53846153846155 596.923076923077 542.6153846153848 book-spine 0
439.55617977528095 252.41011235955057 426.14044943820215 194.27528089887642 417.66853932584263 196.2303370786517 431.0842696629213 254.36516853932585 book-spine 0
587.2365069739236 391.20861127956346 574.4930260764099 318.3887204366283 559.1140084899939 321.0800485142511 571.8574893875076 393.8999393571862 book-spine 0
324.58715596330273 361.62385321100913 306.2293577981652 300.4311926605505 294.02752293577987 304.0917431192661 312.38532110091745 365.2844036697247 book-spine 0
228.89325842696627 219.8707865168539 217.26404494382024 169.47752808988764 196.52247191011236 174.26404494382024 208.15168539325842 224.6573033707865 book-spine 0
339.78733031674204 584.0045248868778 321.75565610859724 533.5158371040725 307.88235294117646 538.4705882352941 325.9140271493212 588.9592760180996 book-spine 0
426.90341463414643 570.2507317073171 412.8780487804879 515.9024390243903 395.0946341463415 520.4917073170732 409.12 574.8399999999999 book-spine 0
462.7180505415163 245.81696750902523 448.21624548736463 188.92527075812274 435.3649819494585 192.201083032491 449.86678700361017 249.0927797833935 book-spine 0
59.800000000000026 422.4 40.40000000000002 364.20000000000005 26.60000000000001 368.79999999999995 46.000000000000014 426.99999999999994 book-spine 0
299.414931237721 286.69430255402756 286.3681728880157 233.42003929273088 273.54538310412573 236.56031434184678 286.592141453831 289.83457760314343 book-spine 0
94.00551931761163 492.6031108881084 76.4781736076267 429.7967887606623 63.230807827395886 433.4937280481686 80.75815353738082 496.3000501756146 book-spine 0
225.35311572700294 127.2611275964392 209.97181008902078 72.3278931750742 192.16765578635017 77.31305637982197 207.54896142433233 132.24629080118697 book-spine 0
343.51724137931035 515.7931034482759 320 456.99999999999994 306.0344827586207 462.5862068965517 329.55172413793105 521.3793103448276 book-spine 0
122.13868613138686 329.13138686131384 103.39416058394161 277.58394160583936 91.27007299270073 281.992700729927 110.01459854014598 333.54014598540147 book-spine 0
185.5 393.49999999999994 166.2 335.59999999999997 151.49999999999997 340.5 170.79999999999995 398.4 book-spine 0
436.34615384615387 422.7307692307693 422.0769230769231 351.3846153846155 406.3076923076924 354.53846153846155 420.5769230769231 425.8846153846155 book-spine 0
76.71698113207547 566.5094339622641 60.867924528301884 511.0377358490565 39.999999999999986 516.9999999999999 55.849056603773576 572.4716981132075 book-spine 0
355.32785145888596 355.3427055702918 338.49814323607427 291.08381962864723 328.07055702917773 293.81485411140585 344.90026525198937 358.0737400530504 book-spine 0
434.73175965665234 164.12660944206007 421.91888412017164 109.38068669527897 413.38626609442053 111.37768240343348 426.19914163090124 166.1236051502146 book-spine 0
594.2823529411764 470.2705882352941 579.7411764705882 404.8352941176471 564.4941176470588 408.22352941176473 579.035294117647 473.65882352941173 book-spine 0
582.5769230769231 544.8846153846154 571.0769230769231 487.38461538461536 559.3461538461539 489.73076923076917 570.8461538461538 547.2307692307692 book-spine 0
432.5506807866868 252.62783661119516 417.79122541603624 191.1301059001513 391.089258698941 197.53857791225414 405.84871406959155 259.036308623298 book-spine 0
320.17647058823525 196.70588235294116 305.4117647058824 137.6470588235294 291.0588235294117 141.23529411764704 305.82352941176464 200.2941176470588 book-spine 0
482.64606741573033 51.46629213483145 470.76404494382024 -0.022471910112358273 459.2247191011236 2.6404494382022534 471.1067415730337 54.12921348314606 book-spine 0
508.1275167785235 407.38926174496646 495.49328859060404 335.79530201342277 479.6342281879196 338.5939597315436 492.268456375839 410.18791946308727 book-spine 0
358.82584269662914 271.57865168539325 346.1348314606741 216.58426966292132 337.6629213483146 218.5393258426966 350.3539325842696 273.53370786516854 book-spine 0
143.19062027231467 242.79425113464447 131.29954614220878 193.24810892586987 112.31316187594555 197.80484114977304 124.20423600605145 247.35098335854764 book-spine 0
556.7624203821657 396.24777070063703 544.5458598726116 328.18407643312105 532.5974522292994 330.3286624203822 544.8140127388535 398.3923566878981 book-spine 0
298.4846153846153 367.776923076923 281.45384615384614 305.3307692307693 268.9307692307692 308.7461538461539 285.96153846153845 371.19230769230774 book-spine 0
324.5692307692308 279.75384615384615 309.6153846153846 224.92307692307696 296.66923076923075 228.4538461538462 311.6230769230769 283.2846153846154 book-spine 0
94.40983606557378 564.5081967213115 77.35056746532157 506.93316519546033 63.15258511979826 511.139974779319 80.21185372005047 568.7150063051703 book-spine 0
561.0056179775281 546.691011235955 548.1966292134832 491.185393258427 533.6629213483146 494.53932584269666 546.4719101123595 550.0449438202247 book-spine 0
386.08172588832485 431.95583756345184 368.69390862944164 363.9852791878173 350.0532994923858 368.753807106599 367.441116751269 436.72436548223357 book-spine 0
334.08282582216805 359.56638246041416 315.62667478684523 294.13093788063344 304.3209500609013 297.3197320341048 322.7771010962241 362.7551766138855 book-spine 0
103.78896551724138 252.78758620689655 91.11172413793105 205.7006896551724 78.27310344827586 209.15724137931034 90.9503448275862 256.2441379310345 book-spine 0
608.8345035105317 467.6449348044132 596.0220661985959 401.4473420260782 579.9468405215647 404.5586760280843 592.7592778335005 470.75626880641926 book-spine 0
326.3 586.9 308.9 534.6999999999999 295.99999999999994 539 313.4 591.2 book-spine 0
447.7647058823529 161.0588235294117 434.2352941176471 106.94117647058823 420.82352941176464 110.29411764705881 434.35294117647055 164.41176470588232 book-spine 0
579.4117647058823 304.35294117647055 564.7058823529412 238.1764705882353 548.5058823529412 241.77647058823527 563.2117647058824 307.9529411764705 book-spine 0
492.95284872298623 48.19253438113951 481.5088408644401 -2.16110019646365 469.75245579567775 0.5108055009823289 481.1964636542239 50.86444007858549 book-spine 0
572.115606936416 394.7514450867052 560.7398843930634 320.8092485549133 544.5838150289017 323.2947976878613 555.9595375722542 397.2369942196532 book-spine 0
457.7358490566037 495.07547169811323 439.8867924528301 432.60377358490564 424.8301886792451 436.90566037735846 442.67924528301876 499.37735849056605 book-spine 0
564.3688092729188 307.5806111696523 548.9894625922024 241.66912539515278 531.4762908324551 245.75553213909382 546.8556375131717 311.6670179135933 book-spine 0
117.5 249.5 101.5 201.5 87.10000000000001 206.3 103.1 254.3 book-spine 0
38.062627637848884 351.6317222600409 24.379850238257312 301.005445881552 13.373042886317222 303.98025867937366 27.055820285908794 354.6065350578625 book-spine 0
219.44036697247708 305.4678899082569 203.50458715596335 252.34862385321105 188.8256880733945 256.75229357798173 204.76146788990826 309.8715596330276 book-spine 0
284.59999999999997 452.79999999999995 262.9 387.69999999999993 247.89999999999998 392.69999999999993 269.59999999999997 457.79999999999995 book-spine 0
470.54384896467707 561.5645554202192 455.450669914738 508.05237515225343 441.983556638246 511.85079171741785 457.07673568818507 565.3629719853838 book-spine 0
325.8800282286521 585.4255469301343 310.31545518701483 534.4869442484121 287.60268172194776 541.4269583627381 303.16725476358505 592.3655610444603 book-spine 0
510.45384615384614 485.3307692307693 493.3307692307692 422.54615384615397 480.63846153846157 426.0076923076924 497.76153846153846 488.79230769230776 book-spine 0
169.98831263696127 613.6325785244704 152.52739225712196 562.7048940832725 135.98612125639153 568.3761869978086 153.44704163623078 619.3038714390066 book-spine 0
258.1592997811816 211.5636761487965 243.91903719912472 161.17505470459517 219.74135667396064 168.00787746170676 233.9816192560175 218.39649890590806 book-spine 0
243.3461538461538 601.2692307692308 229.45384615384614 550.3307692307693 218.96153846153845 553.1923076923078 232.85384615384612 604.1307692307694 book-spine 0
257.6 210.79999999999995 241 161 209.79999999999995 171.39999999999998 226.39999999999998 221.19999999999993 book-spine 0
269.57303370786514 209.48314606741573 257.9438202247191 159.08988764044946 244.43258426966287 162.20786516853934 256.06179775280896 212.6011235955056 book-spine 0
329.1770529994176 518.0646476412346 308.1077460687245 459.37157833430405 294.9108910891089 464.1089108910892 315.98019801980195 522.8019801980198 book-spine 0
363.2375838926174 184.25369127516777 347.73422818791937 132.10604026845635 333.9026845637584 136.2181208053691 349.4060402684564 188.36577181208048 book-spine 0
75.58378378378379 417.8972972972973 58.00540540540541 360.7675675675676 42.54594594594593 365.5243243243244 60.124324324324306 422.6540540540541 book-spine 0
345.7711289327575 357.0074028377545 329.3800123380629 293.08204811844547 316.2436767427514 296.4503392967305 332.634793337446 360.3756940160395 book-spine 0
130.2162554426705 246.0507982583454 114.98258345428155 198.4455732946299 98.1465892597968 203.83309143686503 113.38026124818576 251.43831640058053 book-spine 0
331.9540983606558 443.3049180327868 316.2032786885246 376.36393442622943 301.8786885245902 379.7344262295082 317.62950819672136 446.6754098360655 book-spine 0
27.19266055045872 184.64220183486242 14.201834862385326 141.3394495412844 1.8165137614678954 145.05504587155963 14.807339449541288 188.35779816513764 book-spine 0
482.86522462562397 151.15307820299503 471.06821963394344 94.52745424292846 460.765391014975 96.67387687188022 472.5623960066555 153.29950083194677 book-spine 0
557.4047151277014 29.180746561886053 549.9980353634577 -3.408644400785832 534.0058939096266 0.22593320235759506 541.4125736738703 32.81532416502948 book-spine 0
340.6702702702703 94.1783783783784 325.42702702702695 44.63783783783785 309.61621621621623 49.502702702702706 324.8594594594595 99.04324324324324 book-spine 0
167.29999999999995 317.9 147.89999999999998 259.7 136.20000000000002 263.59999999999997 155.6 321.79999999999995 book-spine 0
269.8573315719948 455.58784676354037 246.88771466314398 389.2311756935271 231.0541611624835 394.7120211360634 254.02377807133428 461.06869220607666 book-spine 0
571.0920020909566 545.4945112388917 560.5744903293257 488.9628855201255 548.4814427600627 491.21275483533725 558.9989545216936 547.7443805541034 book-spine 0
374.8162162162163 578.9027027027026 358.6432432432433 526.3405405405406 346.06486486486483 530.2108108108109 362.2378378378378 582.772972972973 book-spine 0
96.62068965517241 625.5517241379309 76.48275862068968 575.2068965517241 48.896551724137936 586.2413793103448 69.03448275862067 636.5862068965516 book-spine 0
341.7058823529412 275.82352941176464 328.2352941176471 221.9411764705882 316.70588235294116 224.82352941176464 330.17647058823525 278.70588235294116 book-spine 0
546.4217513403114 310.8376308399285 531.7176410518254 246.7697217258106 518.2157263211641 249.86852182792958 532.9198366096502 313.93643094204754 book-spine 0
524.3820224719101 316.9887640449438 509.34831460674155 251.8426966292135 494.814606741573 255.19662921348316 509.8483146067416 320.3426966292135 book-spine 0
70.60000000000001 495.79999999999995 51.199999999999974 437.5999999999999 35.59999999999998 442.79999999999995 55.000000000000014 501 book-spine 0
397.07213114754103 76.80655737704917 384.6786885245902 24.13442622950818 369.35081967213114 27.740983606557364 381.74426229508197 80.41311475409836 book-spine 0
148.23711340206185 322.2164948453609 128.95876288659792 272.09278350515467 116.76288659793815 276.7835051546392 136.04123711340205 326.90721649484544 book-spine 0
399.4341147938561 173.97332255456746 385.42118027485856 121.03556992724329 369.80921584478574 125.16814874696846 383.8221503637833 178.1059013742926 book-spine 0
198.7772979642196 311.03146206045653 184.66872301048733 256.00801974090075 170.0647748303516 259.7526218383714 184.17334978408388 314.7760641579272 book-spine 0
296.2162895927602 525.1420814479637 273.92126696832577 467.5466063348416 263.793665158371 471.46696832579187 286.08868778280544 529.062443438914 book-spine 0
384.9489655172414 177.66758620689654 370.92965517241385 125.59586206896552 357.9475862068966 129.09103448275863 371.9668965517242 181.16275862068966 book-spine 0
375.964705882353 83.34117647058821 364.36470588235295 31.14117647058822 351.44705882352935 34.01176470588236 363.04705882352937 86.21176470588236 book-spine 0
496.1294117647059 147.08235294117645 483.79999999999995 91.6 470.5647058823529 94.54117647058824 482.89411764705875 150.02352941176468 book-spine 0
535.8235294117646 551.2941176470588 522.0588235294117 496.23529411764696 509.11764705882354 499.47058823529403 522.8823529411765 554.5294117647059 book-spine 0
463.0927291886196 331.1116965226553 447.55848261327714 264.5363540569019 434.1232876712328 267.6712328767123 449.6575342465752 334.2465753424657 book-spine 0
295.8309081786252 201.9774209734069 279.7606623181134 144.39237330657298 267.46261916708477 147.8243853487205 283.53286502759653 205.40943301555444 book-spine 0
397.4432432432433 573.9405405405405 381.7675675675676 522.9945945945947 370.1027027027028 526.5837837837839 385.7783783783784 577.5297297297298 book-spine 0
598.54 388.78 588.0799999999999 315.56 573.6599999999999 317.62 584.1199999999999 390.84 book-spine 0
408.88235294117646 73.52941176470588 395.5882352941177 20.352941176470594 382.17647058823525 23.705882352941188 395.47058823529414 76.88235294117648 book-spine 0
269.62359550561797 293.7022471910113 257 239 234.65168539325842 244.1573033707865 247.27528089887642 298.8595505617978 book-spine 0
206.12863705972433 227.16692189892802 192.77335375191424 175.22970903522207 171.30704441041348 180.74961715160796 184.66232771822354 232.68683001531394 book-spine 0
214.94117647058823 224.76470588235293 202 173 162.70588235294116 182.82352941176472 175.6470588235294 234.58823529411768 book-spine 0
361.0958904109589 511.5890410958905 339.31506849315065 453.5068493150685 327.91780821917814 457.7808219178082 349.69863013698625 515.8630136986302 book-spine 0
333.7735849056603 192.20754716981128 317.3584905660377 134.75471698113205 303.22641509433953 138.79245283018867 319.64150943396214 196.2452830188679 book-spine 0
381.5507692307692 507.39384615384614 361.1138461538461 449.48923076923063 351.28 452.9599999999999 371.7169230769231 510.8646153846154 book-spine 0
134.9 325.7 116.39999999999999 270.2 102.89999999999999 274.7 121.39999999999999 330.19999999999993 book-spine 0
597.2767475035663 300.6390870185449 584.2667617689016 232.9871611982881 564.7945791726105 236.73181169757487 577.8045649072752 304.38373751783166 book-spine 0
51.999999999999986 499.99999999999994 32.39999999999999 441.19999999999993 19.499999999999986 445.5 39.09999999999998 504.29999999999995 book-spine 0
135.05440900562851 620.0281425891183 119.24202626641653 570.3320825515948 106.94183864915573 574.2457786116323 122.75422138836771 623.9418386491558 book-spine 0
508.81981032665965 143.94204425711274 496 89 481.7112750263435 92.33403582718651 494.5310853530031 147.27608008429925 book-spine 0
17.95624558927311 188.40225829216655 4.293577981651374 143.68807339449543 -4.446012702893434 146.35850388143967 9.216654904728301 191.0726887791108 book-spine 0
531 137 519.6923076923076 80.46153846153845 508.7307692307693 82.65384615384616 520.0384615384615 139.1923076923077 book-spine 0
639 476.0000000000001 625 476.0000000000001 625 513 639 513 book-spine 0
405.36514522821574 343.36929460580905 389.6141078838174 284.3029045643153 379.5933609958506 286.9751037344398 395.344398340249 346.04149377593353 book-spine 0
457.5304568527919 565.0736040609138 443.45939086294413 510.0685279187818 426.3467005076143 514.4461928934011 440.417766497462 569.4512690355331 book-spine 0
515.3842729970326 232.37240356083092 499.0786350148368 174.13798219584575 487.69139465875367 177.326409495549 503.99703264094956 235.56083086053417 book-spine 0
377.40155440414514 349.5259067357514 361.17098445595855 287.84974093264253 349.4559585492227 290.9326424870467 365.6865284974093 352.60880829015554 book-spine 0
208.97541394882086 132.4952333166081 195.72303060712494 85.00752634219768 182.1304565980933 88.80080280983441 195.38283993978925 136.28850978424484 book-spine 0
459.80550098231834 157.54420432220041 447.49705304518665 103.38703339882123 433.8821218074656 106.48133595284875 446.19056974459727 160.63850687622792 book-spine 0
107.86419001218029 624.0639464068211 94.07064555420219 575.1595615103533 76.13824604141293 580.2174177831913 89.93179049939103 629.121802679659 book-spine 0
504.5605900948367 44.40252897787141 493.5700737618546 -2.699683877766063 481.0832455216017 0.21390937829295353 492.0737618545837 47.31612223393043 book-spine 0
477.4605150214592 326.78583690987125 462.4287553648068 262.5592274678112 446.0493562231759 266.392703862661 461.0811158798283 330.61931330472106 book-spine 0
442.6470588235295 334.5882352941177 427.0588235294118 272.23529411764713 414.3529411764706 275.41176470588243 429.9411764705883 337.764705882353 book-spine 0
570.6817288801573 126.79960707269157 558.3045186640472 72.33988212180748 541.8369351669941 76.08251473477411 554.2141453831041 130.54223968565822 book-spine 0
103.7407937075438 561.6986056489095 88.36932427601002 505.70253843403646 77.33786199499465 508.73078298176614 92.70933142652842 564.7268501966392 book-spine 0
565.857319587629 474.7410309278349 551.1876288659795 410.7278350515464 539.5686597938145 413.3905154639176 554.2383505154639 477.4037113402061 book-spine 0
498.5307692307692 487.9461538461539 481.5923076923077 425.8384615384617 467.88461538461536 429.5769230769232 484.8230769230769 491.6846153846154 book-spine 0
632.9176470588235 535.1294117647059 620.1647058823529 477.74117647058813 601.9529411764705 481.7882352941176 614.7058823529412 539.1764705882354 book-spine 0
522.7966280295047 554.4141201264488 509.68177028451 498.20758693361427 495.2033719704952 501.5858798735511 508.3182297154899 557.7924130663856 book-spine 0
214.5862068965517 539.0344827586207 190.6379310344828 483.15517241379314 176.6379310344828 489.15517241379314 200.58620689655172 545.0344827586207 book-spine 0
387.33444180522565 78.89881235154397 368.8413301662707 29.19857482185276 356.09453681710204 33.94156769596202 374.58764845605697 83.64180522565323 book-spine 0
353.2941176470588 273.17647058823536 339.52941176470586 218.1176470588235 327.7647058823528 221.05882352941177 341.52941176470574 276.1176470588236 book-spine 0
540.0716981132076 135.04905660377358 528.8301886792453 75.0943396226415 518.0226415094339 77.12075471698114 529.2641509433962 137.0754716981132 book-spine 0
554.6684350132626 478.1750663129973 540.9389920424404 412.9602122015916 523.0981432360743 416.7161803713529 536.8275862068965 481.9310344827586 book-spine 0
370.49791790600835 269.21296847114814 355.64069006543724 203.1808447352766 341.93456276026177 206.26472337894108 356.7917906008329 272.29684711481264 book-spine 0
239.47058823529414 123.88235294117646 227.41176470588238 75.64705882352942 211.1764705882353 79.70588235294119 223.23529411764707 127.94117647058823 book-spine 0
407.4426751592356 504.10509554140117 389.52866242038215 443.1974522292994 373.4490445859873 447.92675159235665 391.3630573248407 508.8343949044585 book-spine 0
431.02074688796677 66.32780082987553 417.3278008298755 14.979253112033192 403.8215767634855 18.580912863070537 417.51452282157675 69.92946058091287 book-spine 0
443.5183783783783 497.2502702702702 424.49621621621617 437.25729729729727 411.1545945945945 441.48756756756757 430.17675675675673 501.4805405405406 book-spine 0
35.78758620689655 183.34896551724137 24.999999999999996 139 13.797931034482751 141.72482758620689 24.585517241379307 186.07379310344825 book-spine 0
277.20414201183434 523.2100591715977 255.5621301775148 470.6508875739645 239.86982248520712 477.11242603550306 261.51183431952666 529.6715976331361 book-spine 0
395.30705394190875 345.6514522821577 379.0248962655602 284.59336099585056 361.16182572614105 289.356846473029 377.4439834024896 350.4149377593361 book-spine 0
411.6105695228323 170.62544894817853 399.16316059517715 117.10159055926115 384.9989738327348 120.39558748075936 397.44638276038995 173.91944586967674 book-spine 0
510.05882352941177 556.2352941176471 496.2352941176471 500.9411764705884 482.82352941176475 504.2941176470589 496.6470588235295 559.5882352941177 book-spine 0
514.2692307692308 41.346153846153825 505.5000000000001 -2.500000000000014 492.8076923076924 0.038461538461532996 501.57692307692315 43.88461538461537 book-spine 0
222.60000000000002 555.8000000000001 212.60000000000002 550.8000000000001 186.00000000000006 604 196.00000000000006 609 book-spine 0
505.17647058823525 235.29411764705878 491.0823529411765 171.87058823529406 474.5647058823529 175.5411764705882 488.65882352941173 238.96470588235292 book-spine 0
482.1321716957076 560.4343391415214 468.32681682957923 506.36336591585206 455.48321291967704 509.64258393540155 469.2885677858054 563.713557161071 book-spine 0
47.17175375064666 426.70874288670456 28.71081220900153 367.065700982928 12.458354888773897 372.096223486808 30.919296430419024 431.7392653905846 book-spine 0
443.5882352941177 62.35294117647058 430.82352941176464 11.29411764705884 417.4117647058824 14.64705882352942 430.17647058823525 65.70588235294116 book-spine 0
521.7787021630616 140.3377703826955 510.1148086522462 84.35108153078205 494.7803660565723 87.54575707154746 506.4442595673876 143.5324459234609 book-spine 0
151.88235294117652 550.529411764706 138.05882352941177 495.2352941176471 119 500 132.82352941176475 555.2941176470589 book-spine 0
287 236.00000000000006 261 236.00000000000006 261 292 287 292 book-spine 0
250.05108055009822 120.62475442043225 238.77406679764243 71.00589390962674 226.2829076620825 73.84479371316309 237.5599214145383 123.4636542239686 book-spine 0
360.06336633663364 87.16633663366339 341.40198019801977 38.180198019802006 321.73267326732673 45.6732673267327 340.39405940594054 94.65940594059407 book-spine 0
312.1907692307692 587.8738461538462 293.9138461538462 536.0892307692309 275.4492307692308 542.6061538461539 293.7261538461538 594.3907692307693 book-spine 0
623.0240496508923 464.4802172226532 607.942591155935 398.4988363072149 593.4429790535299 401.8130333591932 608.5244375484872 467.79441427463155 book-spine 0
221.25945945945946 221.84324324324322 205.73513513513515 171.3891891891892 189.43243243243245 176.40540540540542 204.95675675675676 226.85945945945946 book-spine 0
545.7745222929938 398.8866242038217 533.2101910828027 328.88535031847135 515.3248407643313 332.095541401274 527.8891719745224 402.0968152866243 book-spine 0
523.6460674157303 482.4662921348314 509.0505617977528 419.21910112359546 493.9325842696629 422.70786516853934 508.5280898876405 485.95505617977517 book-spine 0
286.8690987124463 109.6502145922747 275.18454935622316 60.575107296137325 260.538626609442 64.06223175965664 272.2231759656652 113.137339055794 book-spine 0
151 93.00000000000003 125 93.00000000000003 125.00000000000001 150 151 150 book-spine 0
162 99.00000000000003 139 99.00000000000003 139 147 162 147 book-spine 0
179 88.00000000000003 150 88.00000000000003 150 145 179 145 book-spine 0
195 90.00000000000003 172 90.00000000000003 172 140 195 140 book-spine 0
471.0000000000001 430.00000000000006 443 430 443.00000000000006 495.00000000000006 471.0000000000001 495.0000000000001 book-spine 0
483.00000000000006 427 456 427 456.0000000000001 492 483.0000000000001 492.0000000000001 book-spine 0
450 348 421 348 421 422 450 422 book-spine 0
462 346 435 346 435 418 462 418 book-spine 0
475 344.00000000000006 446 344 446 418.00000000000006 475 418.0000000000001 book-spine 0
259.21478977307873 116.77492953036881 247.34896849359586 68.60910233381131 234.99567973084834 71.65237855689841 246.86150101033118 119.81820575345593 book-spine 0
272.64315103083555 113.29170262844835 261.5213229457978 57.47985661265557 246.29650720964167 60.5137606192708 257.4183352946794 116.32560663506356 book-spine 0
302.0214438112562 104.89050969875088 289.6601269154783 48.319564074110545 273.1738475229367 51.921980858085504 285.53516441871454 108.49292648272584 book-spine 0
325.83843419854713 97.53251408513835 312.60668635118105 48.307048580248505 299.09849797390615 51.93803389749385 312.33024582127223 101.16349940238368 book-spine 0
140.5008334258926 151.06093978816116 125.02066772985822 105.35458698887103 115.86543475473691 108.45534902217152 131.34560045077131 154.16170182146163 book-spine 0
132.5553174128499 153.77843019731085 117.55404071331282 107.18740597565284 107.58185187827632 110.39822965926004 122.58312857781341 156.98925388091806 book-spine 0
122.41819258042315 156.50943792960112 107.39662385449249 110.91192047648437 95.36625378665732 114.87518516426428 110.38782251258797 160.472702617381 book-spine 0
111.84324324324325 160.74054054054056 97.89729729729731 115.41621621621621 81.3837837837838 120.49729729729731 95.32972972972973 165.82162162162166 book-spine 0
582.1331339383362 214.70376264011134 568.8352280861737 149.7107652006731 559.4342272538602 151.63425894475984 572.7321331060226 216.62725638419812 book-spine 0
557.9859347546833 220.68017858938993 544.3189418456649 156.9380630673928 525.5849613188749 160.95482932813871 539.2519542278932 224.69694485013588 book-spine 0
538.4916894462114 226.0237730015888 524.5925978781133 161.89177745522417 510.87565737393385 164.86459953065622 524.7747489420318 228.99659507702086 book-spine 0
490.308105662886 238.21979379916252 476.0270852431613 181.26307288511765 462.630945768095 184.62194850714678 476.91196618781976 241.57866942119165 book-spine 0
245.8384709326072 298.6935660049365 229.3490267617078 236.26995055790894 218.30489437951275 239.18730167620112 234.7943385504122 301.61091712322866 book-spine 0
235.09067713555513 301.73950268726946 219.24984681275492 243.23763805962477 202.7519009014282 247.70486595944402 218.59273122422843 306.2067305870887 book-spine 0
187.01144674528803 312.13288943339694 172.09144575874686 262.0808087770229 160.26509837629544 265.606119059821 175.18509936283664 315.658199716195 book-spine 0
176.12269813830454 315.92349733761165 159.94944375921744 264.4444636591968 150.21650491534206 267.5022773851001 166.38975929442915 318.9813110635149 book-spine 0
164.38011478136474 236.42546118143454 147.84436494942884 181.7436664688718 135.01186023540583 185.62421005350785 151.54761006734174 240.3060047660706 book-spine 0
176.87992584512756 233.44769296949113 163.55767376017434 177.83492273695623 148.52972409263853 181.43492563114359 161.85197617759175 237.04769586367848 book-spine 0
152.0769428451713 239.68748602404762 137.25678278194852 191.19816365841734 127.5652963701522 194.16024629571103 142.38545643337497 242.6495686613413 book-spine 0
471.8572887304597 53.33077315949049 457.99821802768815 -0.03274142181379602 448.72093731841767 2.37666677193144 462.58000802118914 55.74018135323573 book-spine 0
523.4574288154616 37.46692175721867 514.2567044146676 -2.385779681177482 503.7396947713666 0.04226418425740519 512.9404191721607 39.89496562265356 book-spine 0
265.12192659878343 375.02988204167036 245.80811498113638 311.1971594230484 232.58921204763354 315.1967914389818 251.90302366528059 379.02951405760376 book-spine 0
274.1053252755773 372.2389941595207 256.8860942183736 312.4570374003654 247.4637695448146 315.1709864653591 264.6830006020183 374.95294322451446 book-spine 0
280.79277285754983 371.296550862686 263.1875985091366 310.88550434158253 256.3723105313969 312.87163667982696 273.9774848798102 373.2826832009305 book-spine 0
310.0879220798961 364.70277757755173 293.3025140797943 299.9625113242436 281.2145895985606 303.0965846920923 297.9999975986624 367.83685094540033 book-spine 0
365.55664723161044 352.5672693641649 348.5411366622684 287.7532351445316 337.6218585611258 290.61985337276855 354.63736913046796 355.4338875924019 book-spine 0
417.17955728994366 341.05362105466986 401.38857451859155 273.66826071949924 388.614572263456 276.66170096421627 404.4055550348081 344.0470612993869 book-spine 0
429.4037197347603 337.4731986392171 414.088693835069 274.14554155493613 402.3526289919415 276.9837665155366 417.6676548916328 340.31142359981754 book-spine 0
450.31735499506976 332.62024258717645 433.94093957332746 267.04476858364916 424.2958949439784 269.45346268783464 440.6723103657207 335.02893669136193 book-spine 0
495.18388907078463 322.4275106717064 480.2172264107072 256.46729854820063 465.0275720576809 259.913898025462 479.99423471775833 325.8741101489677 book-spine 0
509.1396549892426 318.85198284898 493.71443977499604 252.03803592325136 480.1041907212564 255.18020953270454 495.52940593550295 321.99415645843317 book-spine 0
251.70994419322727 377.8811300059335 233.76524294630775 316.7296628538186 227.17097155515637 318.66473057281485 245.1156728020759 379.8161977249298 book-spine 0
246.25003382647526 379.1126066115354 227.64422649175975 316.7558523061598 216.56113769509193 320.0627886135642 235.1669450298075 382.41954291893984 book-spine 0
235.45765407864258 381.0979091664376 211.29873711309256 319.8232928545362 199.67702928453437 324.4054166005071 223.83594625008436 385.6800329124086 book-spine 0
223.70783141317847 384.8090332017955 201.86315056214016 323.811724710252 193.2493810197946 326.8965337162595 215.09406187083295 387.893842207803 book-spine 0
214.5920675899784 386.15522175367755 193.72573313040976 326.76216040455915 182.6054784463356 330.66899645986075 203.47181290590424 390.0620578089792 book-spine 0
490.6244242501537 408.2649385653999 479.38541434489605 343.1258974365429 471.4665611470232 344.492206611299 482.70557105228085 409.631247740156 book-spine 0
409.46185460116476 425.7777870666013 394.5658335167102 359.1707847290285 381.0464159117191 362.19427359094794 395.9424369961737 428.8012759285208 book-spine 0
421.5175863331387 424.76470382426965 405.15805679475295 354.8817465105514 393.412179078971 357.6314445890539 409.7717086173567 427.5144019027722 book-spine 0
367.3947576207771 435.42298162056335 351.8443650619354 377.4268129319389 342.6135070432945 379.9018637687532 358.16389960213627 437.89803245737755 book-spine 0
357.6889304733114 436.24953596582213 343.45162857623916 373.5758814555676 333.54480450699236 375.82637165303913 347.78210640406473 438.5000261632937 book-spine 0
349.4898503413957 438.20941403650403 332.86926849304876 375.075305706168 323.771305282766 377.47042058446107 340.391887131113 440.6045289147971 book-spine 0
342.27970762245843 438.1130637483727 323.59202324935654 376.80466344776846 313.63723889711525 379.8390252491666 332.32492327021725 441.14742554977084 book-spine 0
460.5751110229036 415.45626314191287 447.78587849531874 346.5547725060635 436.80336496250777 348.5933048805052 449.59259749009266 417.49479551635454 book-spine 0
484.50405436730944 410.91668946353514 470.8344774770015 342.4062482732843 459.20761076287863 344.72610413438883 472.8771876531865 413.2365453246398 book-spine 0
320.17702900101415 445.5790436377232 300.86516752786616 377.45548546010843 290.39543554964325 380.4234750812212 309.7072970227912 448.547033258836 book-spine 0
309.48826267955826 447.4531773299831 290.93498696815305 380.33819991708674 280.8733666359289 383.1196359440826 299.4266423473341 450.2346133569789 book-spine 0
301.02841974654757 449.123348065632 281.48933541466374 382.26944578132753 267.68893667076486 386.3028252200319 287.2280210026487 453.15672750433635 book-spine 0
287.2143512711235 451.11302185363564 267.91225006482966 385.8172795972539 262.53450140662716 387.4069980884698 281.83660261292096 452.7027403448516 book-spine 0
253.48758628711482 458.3007340992908 229.7603053966444 393.5505030242182 215.64317794993838 398.7236281657517 239.3704588404088 463.47385924082437 book-spine 0
472.12985497225714 490.561269053503 454.29142796488077 429.0098552821464 439.7199250418939 433.23287268098375 457.5583520492703 494.7842864523403 book-spine 0
483.5535708164588 488.3852244049624 467.35185769933616 428.1620365605452 455.0906264887085 431.46064889987383 471.2923396058311 491.68383674429106 book-spine 0
536.4141493234549 480.6717137322139 524.6120908876651 415.55922921414185 508.1643413347748 418.54049007059973 519.9663997705647 483.6529745886718 book-spine 0
578.0593611776094 471.5477188209926 563.2054496719763 407.2083618522108 550.8324972661266 410.06488309766064 565.6864087717596 474.40424006644236 book-spine 0
193.8789157720059 541.4271612130754 184.1195606109764 485.7010830853904 168.52083250223296 488.43290152279684 178.2801876632625 544.1589796504818 book-spine 0
224.8905878357936 537.754622182753 205.22246045450214 479.724198484708 191.23482991392927 484.4649961853406 210.90295729522072 542.4954198833857 book-spine 0
212.65020638392804 539.6396982757574 189.5229256273999 482.91296399268356 176.97094321552143 488.03036101825387 200.09822397204957 544.7570953013276 book-spine 0
251.36476722374533 529.2132647958219 233.6850719907528 474.7902914615479 223.17253645819852 478.20536441612524 240.85223169119107 532.6283377503993 book-spine 0
260.4787125219559 528.1913444376536 240.1574597823298 474.3844256336986 232.18983878058663 477.3935561267473 252.5110915202128 531.2004749307022 book-spine 0
597.2968593907062 542.0297625088679 585.2050016705701 483.47458463003386 569.2497540399786 486.769401437488 581.3416117601147 545.324579316322 book-spine 0
361.7979735759319 579.9856105236024 345.42235061428255 527.7943735420265 332.7821320410469 531.7603928487009 349.15775500269626 583.9516298302768 book-spine 0
349.8921791429203 582.0434312127758 333.95003235168014 529.2873316611496 321.4979886264433 533.0501630798068 337.44013541768356 585.806262631433 book-spine 0
338.2734529108832 583.6765515915702 319.75679770628426 531.5980806044672 305.6501268466025 536.6137493720502 324.1667820512015 588.6922203591531 book-spine 0
408.56306986546156 572.3682455930913 394.80364059294584 520.3900731731372 382.56755463711727 523.6291551077883 396.32698390963293 575.6073275277423 book-spine 0
195.18342544748714 135.65906298605864 182.77289297497475 88.17856594567687 170.57771557963298 91.36616200104706 182.9882480521453 138.84665904142886 book-spine 0
299.6752 589.8863999999999 284.93600000000004 539.352 268.1168 544.2576 282.856 594.7919999999999 book-spine 0
552.7140939597316 130.82013422818795 543.7046979865772 70.00671140939598 528.0845637583893 72.32080536912751 537.0939597315437 133.13422818791946 book-spine 0
496.06179775280896 558.6011235955054 483.3033707865169 503.3146067415731 468.6966292134831 506.685393258427 481.4550561797753 561.9719101123594 book-spine 0
418.03783783783786 500.372972972973 399.8324324324325 441.2054054054055 387.4648648648649 445.0108108108109 405.6702702702703 504.1783783783784 book-spine 0
212.60000000000002 384.20000000000005 184.40000000000003 327.80000000000007 160.8 339.6000000000001 189 396 book-spine 0
156.65103189493433 320.4746716697937 140.18198874296434 268.7148217636023 128.21200750469043 272.5234521575985 144.6810506566604 324.28330206378985 book-spine 0
27.409366869037306 354.6886383347789 15.17692974848223 304.22983521248915 3.78577623590634 306.9913269731136 16.018213356461416 357.4501300954033 book-spine 0
349.88235294117646 188.52941176470586 336.3529411764706 134.41176470588232 318.94117647058823 138.76470588235293 332.47058823529414 192.88235294117646 book-spine 0
153.00000000000006 566 87.00000000000006 566 87.00000000000006 631 153.00000000000006 631 book-spine 0