255.44782351754637 318.5260540925124 237.13864616614438 317.80918979792114 230.49464701637396 487.5012217118025 248.80382436777592 488.2180860063938 book-spine 0
596.5283563621365 195.79521550835221 552.7657248917302 -2.595380490822862 495.7601567333471 9.979377191173441 539.5227882037533 208.3699731903485 book-spine 0
447.6249271986022 218.10366919044841 424.79906814210835 62.12696563774024 388.45544554455444 67.44554455445545 411.2813046010483 223.42224810716363 book-spine 0
287.44615384615395 527.4307692307692 255.81538461538472 523.4769230769231 241.38461538461547 638.923076923077 273.0153846153847 642.876923076923 book-spine 0
108 639 97.98753272659269 549.8890412666749 90.40905124049371 550.7405560403939 100.42151851390102 639.851514773719 book-spine 0
400.6286902286903 319.2893970893972 377.1155093555094 316.70079002079007 360.91226611226614 463.8802494802495 384.425446985447 466.4688565488566 book-spine 0
530.3455445544555 498.7554455445546 513.2801980198019 494.90198019801994 485.22475247524756 619.1475247524753 502.29009900990104 623.0009900990099 book-spine 0
647 332.0000000000001 632.4117647058824 328.3529411764707 603.9411764705884 442.2352941176472 618.529411764706 445.8823529411765 book-spine 0
648.6153846153848 522.923076923077 629.7692307692308 519.1538461538462 612.5769230769231 605.1153846153846 631.4230769230771 608.8846153846154 book-spine 0
113.58823529411764 260.3529411764706 64.1764705882353 62.70588235294119 -9.941176470588221 81.23529411764706 39.470588235294116 278.8823529411765 book-spine 0
436.58580121703864 508.91196754563896 415.0377281947261 505.3939148073022 394.2766734279919 632.5553752535496 415.82474645030436 636.0734279918864 book-spine 0
639.858536585366 259.3268292682927 584.2 247.40000000000006 542.2585365853658 443.1268292682928 597.9170731707318 455.05365853658543 book-spine 0
238.80579010856465 324.2243667068759 217.25778045838368 323.5139927623644 211.70796139927631 491.8585042219542 233.2559710494573 492.56887816646565 book-spine 0
249.00000000000006 532 222.00000000000006 532 222.00000000000006 639 249.00000000000006 639 book-spine 0
472.37342908438063 215.06463195691208 453.32495511669663 89.34470377019748 427.70107719928194 93.22710951526032 446.7495511669659 218.94703770197492 book-spine 0
51.26829268292684 525.4146341463414 34.41463414634146 373.7317073170732 5.219512195121943 376.9756097560975 22.07317073170732 528.6585365853658 book-spine 0
217.00000000000006 328 186.00000000000006 328 186.00000000000006 495 217.00000000000006 495 book-spine 0
102.12016412661197 638.985345838218 91.22626025791325 549.6553341148887 67.50586166471277 552.5480656506447 78.39976553341147 641.8780773739741 book-spine 0
66.83125644148785 274.7024266841563 56.31874824323057 139.35388363159373 34.38311627471189 141.05762203691557 44.89562447296916 276.4061650894781 book-spine 0
417.81081081081084 321.1351351351352 399.81081081081084 318.1351351351352 375.5945945945946 463.43243243243256 393.59459459459464 466.43243243243256 book-spine 0
315.3579026682033 318.19328960198567 284.7482492686819 314.2900452087581 263.4711461749845 481.14732736459536 294.0807995745059 485.0505717578229 book-spine 0
307.62977450529223 238.5395766221813 281.3472158306489 83.23354809019791 252.13759779107224 88.17671421997241 278.4201564657156 243.4827427519558 book-spine 0
461.0964705882353 297.7341176470589 436.0882352941177 295.14705882352945 418.575294117647 464.4388235294118 443.5835294117647 467.02588235294127 book-spine 0
91.92455516014235 270.2014234875445 69.8761565836299 134.23629893238433 55.076156583629896 136.63629893238434 77.12455516014234 272.6014234875445 book-spine 0
46.73846153846155 638.9076923076923 36.446153846153834 556.5692307692307 26.84615384615382 557.7692307692307 37.138461538461534 640.1076923076923 book-spine 0
587.5891891891893 537.3351351351353 567.2810810810811 531.0864864864866 542.1567567567567 612.7405405405406 562.4648648648649 618.9891891891892 book-spine 0
162.4265898979325 259.6021983773881 134.0544360115153 86.5320596702434 107.63334205705311 90.8633865480241 136.0054959434703 263.9335252551688 book-spine 0
91.21621621621625 269.2972972972973 68.32432432432432 131.94594594594594 32.81081081081079 137.86486486486487 55.70270270270271 275.21621621621625 book-spine 0
601.4713163972289 494.3543648960741 565.6301154734413 482.76933025404173 524.7144572748269 609.3521478060047 560.5556581986145 620.9371824480371 book-spine 0
384.97290431837433 516.584250635055 360.1566469093989 512.934801016088 342.06181202370874 635.9796782387808 366.87806943268424 639.6291278577478 book-spine 0
65.5148514851485 275.1485148514851 44.970297029702984 69.70297029702972 -3.1485148514851433 74.51485148514853 17.396039603960375 279.9603960396039 book-spine 0
639 420.0000000000001 635 420.0000000000001 635 437.0000000000001 639 437.0000000000001 book-spine 0
356.2832214765102 520.3382550335571 332.11006711409414 516.7570469798658 314.0000000000001 639 338.1731543624162 642.5812080536913 book-spine 0
644.1857410881803 504.5590994371483 625.3227016885553 498.5572232645404 591.0975609756098 606.1219512195122 609.9606003752347 612.1238273921201 book-spine 0
511.6830238726792 499.3116710875332 492.05968169761286 495.67771883289134 468.3527851458887 623.6949602122017 487.976127320955 627.3289124668437 book-spine 0
137 639 127.63366336633666 545.3366336633665 97.13861386138615 548.3861386138615 106.50495049504951 642.049504950495 book-spine 0
216.51259201859745 251.84773343665245 185.3316543975203 78.62030220844633 155.53700116234015 83.98333979077876 186.71793878341725 257.2107710189849 book-spine 0
187.28407643312102 256.1541401273886 156.443949044586 84.33057324840763 130.8828025477707 88.91847133757962 161.72292993630572 260.74203821656056 book-spine 0
283.4788166168437 319.16049891763737 256.29780435006705 317.4005772600763 245.3611483352232 486.3111534893311 272.54216060199985 488.0710751468921 book-spine 0
136.46833265055307 264.280458828349 108.44997951659155 94.61376485047113 78.4604670217124 99.56616140925851 106.4788201556739 269.23285538713645 book-spine 0
627 28.00000000000004 -21 28 -20.999999999999982 270.00000000000006 627 270.0000000000001 book-spine 0
334.0513513513514 234.9918918918919 304.2783783783785 46.4297297297297 275.77837837837836 50.929729729729715 305.5513513513513 239.4918918918919 book-spine 0
186.49538461538464 502.9169230769231 175.65846153846152 307.8523076923077 142.20615384615382 309.71076923076924 153.0430769230769 504.77538461538467 book-spine 0
65.97999999999999 638.86 53.879999999999995 554.16 43.8 555.6 55.89999999999999 640.3 book-spine 0
564.7502820306205 290.50709105560037 546.5404512489928 285.2313456889606 497.98960515713134 452.81007252215954 516.199435938759 458.0858178887994 book-spine 0
545.2352941176472 291.0588235294118 525.0000000000001 286.0000000000001 483.2352941176471 453.0588235294118 503.47058823529426 458.11764705882365 book-spine 0
57.02689486552566 638.845965770171 44.49877750611246 555.325183374083 33.74083129584351 556.9388753056235 46.268948655256715 640.4596577017114 book-spine 0
413.56348884381333 222.82636916835702 383.33225152129813 37.66004056795132 348.34645030425963 43.37200811359026 378.57768762677483 228.53833671399596 book-spine 0
109.13513513513516 267.81081081081084 87.56756756756758 138.40540540540542 68.91891891891893 141.51351351351352 90.4864864864865 270.91891891891896 book-spine 0
375.2467188930716 229.27856343473394 348.4789907416828 54.39607284566079 321.77800386611045 58.48295859192186 348.5457320174992 233.36544918099503 book-spine 0
154.55248618784535 502.49723756906076 145.33425414364643 327.35082872928183 109.38121546961325 329.243093922652 118.59944751381215 504.389502762431 book-spine 0
627.3868194842406 489.6074498567335 599.7936962750716 481.9426934097421 564.4928366762177 609.0257879656161 592.0859598853867 616.6905444126076 book-spine 0
309.94000000000005 526.42 288.80000000000007 523.4 272.34000000000003 638.62 293.48 641.64 book-spine 0
330.0947781466949 524.5747057047993 308.08964684575915 521.4862662239661 291.64292182312107 638.6691820102626 313.64805312405684 641.7576214910957 book-spine 0
120.12238850200032 507.40717143280494 109.14668839828124 327.4056897318121 76.65772707067714 329.386723959105 87.63342717439622 509.3882056600978 book-spine 0
89.07514792899408 511.3603550295858 75.903550295858 331.3485207100591 31.579881656804737 334.59171597633133 44.751479289940825 514.603550295858 book-spine 0
79.97687861271677 638.849710982659 66.77456647398844 553.0346820809248 52.19653179190752 555.2774566473987 65.39884393063585 641.0924855491329 book-spine 0
510.07380112102965 209.27724724932528 484.8397342744447 46.09694830807557 442.53186630683 52.63940211750051 467.765933153415 215.81970105875024 book-spine 0
378.7299270072993 325.00729927007296 363.0160583941606 323.19416058394165 346.4087591240876 467.1240875912409 362.12262773722625 468.93722627737225 book-spine 0
370.5402684563759 517.271812080537 358.38926174496646 515.1275167785235 336.60402684563763 638.5771812080536 348.7550335570471 640.7214765100671 book-spine 0
597.4559842713198 284.09270090931443 583.2309658392726 279.59508478741714 529.4730400589826 449.62015237159017 543.6980584910298 454.11776849348746 book-spine 0
486.87919463087246 286.6845637583893 470.2214765100671 283.74496644295306 438.95302013422815 460.9328859060403 455.61073825503354 463.87248322147656 book-spine 0
438.109589041096 284.9589041095891 412.44657534246574 282.2575342465754 392.8684931506849 468.24931506849316 418.5315068493152 470.9506849315069 book-spine 0
396.3152039555007 513.2348578491966 384.23609394313974 511.07787391841794 362.05438813349826 635.2954264524104 374.1334981458592 637.4524103831892 book-spine 0
323.256894049347 326.8316400580552 306.58272859216265 325.47968069666194 294.0798258345429 479.6821480406387 310.75399129172723 481.034107402032 book-spine 0
277.44586119533164 244.61382232005639 254.43547784192384 58.108609876645744 208.85654358931757 63.731984881837434 231.8669269427254 250.2371973252481 book-spine 0
652.601080594327 285.8536695182351 635.0751913552454 280.4011706438542 585.0823953174246 441.09230076542104 602.6082845565062 446.544799639802 book-spine 0
547.9274368231049 497.74620938628175 531.6332129963901 493.59277978339367 499.931046931408 617.9628158844766 516.2252707581229 622.1162454873647 book-spine 0
183.41020158827124 638.876298106292 174.7006719609041 539.5876603543066 155.8979841172877 541.2370189370799 164.60751374465485 640.5256566890653 book-spine 0
39.983486238532116 277.65504587155965 4.600000000000007 74.2 -29.583486238532103 80.14495412844039 5.800000000000004 283.6 book-spine 0
108 639 97.98753272659269 549.8890412666749 90.40905124049371 550.7405560403939 100.42151851390102 639.851514773719 book-spine 0
361.4344827586208 311.7862068965518 323.44827586206895 308.62068965517244 309.4896551724138 476.1241379310344 347.47586206896557 479.2896551724138 book-spine 0
489.5853658536587 502.73170731707324 449.96341463414643 498.32926829268297 435.95121951219517 624.439024390244 475.5731707317074 628.8414634146342 book-spine 0
349.67948814452393 233.5565675573955 325.94091080165606 74.36846066992847 308.5470079036507 76.96228829506961 332.2855852465186 236.15039518253667 book-spine 0
165.5322882545625 638.9426766495088 155.1059897051942 542.1270472625175 125.96700982686008 545.265091249415 136.3933083762284 642.0807206364063 book-spine 0
532.5096402539383 206.0918175405596 510.2900305666588 71.29285210439694 488.01610627792144 74.96437808605694 510.23571596520094 209.7633435222196 book-spine 0
537.5294117647059 280.8823529411766 502.47058823529403 272.11764705882365 456.11764705882354 457.5294117647059 491.1764705882353 466.2941176470589 book-spine 0
415.3691275167786 512.2416107382551 394.4328859060403 508.54697986577185 372.20469798657723 634.5067114093961 393.14093959731554 638.2013422818793 book-spine 0
240.27027027027026 248.6216216216216 212.64864864864865 82.8918918918919 184.75675675675677 87.54054054054055 212.3783783783784 253.27027027027026 book-spine 0
223.00000000000006 535 175.00000000000006 535 175.00000000000006 639 223.00000000000006 639 book-spine 0
646.1341463414635 357.79268292682934 624.1829268292685 355.3536585365855 614.8536585365855 439.3170731707318 636.8048780487806 441.7560975609757 book-spine 0
581.7243243243244 287.145945945946 566.6162162162162 282.49729729729734 514.854054054054 450.72432432432436 529.9621621621621 455.372972972973 book-spine 0
561.7575221238939 495.76283185840725 547.8353982300885 492.13097345132746 515.4991150442478 616.0867256637168 529.4212389380532 619.7185840707965 book-spine 0