604.4136514287919 345.2020089159554 590.9676376671403 338.61565819759954 550.6353180991098 420.95395859203325 564.0813318607615 427.540309310389 book-spine 0
588.4307692307693 171.55384615384622 561.8461538461538 168.23076923076928 547.9692307692308 279.2461538461539 574.5538461538463 282.56923076923084 book-spine 0
309.3384615384616 399.29230769230776 296.0461538461539 397.6307692307693 283.64615384615394 496.83076923076925 296.93846153846164 498.4923076923077 book-spine 0
363.34748010610076 540.6763925729443 347.60212201591514 529.8514588859417 289.56763925729445 614.26525198939 305.3129973474801 625.0901856763926 book-spine 0
355.21098702082713 410.8717174766073 345.36975550860245 409.4904920012074 331.7072140054331 506.83610021128885 341.5484455176578 508.2173256866888 book-spine 0
169.75675675675677 247.4594594594595 158.0810810810811 245.51351351351354 141.75675675675677 343.4594594594596 153.43243243243245 345.4054054054055 book-spine 0
164.04827586206903 365.4206896551724 139.22068965517246 363.351724137931 130.3241379310345 470.1103448275862 155.15172413793107 472.1793103448276 book-spine 0
550.02 169.86000000000007 534.1999999999999 167.60000000000005 519.3 271.90000000000003 535.12 274.16 book-spine 0
252.08185053380788 517.338078291815 233.06405693950182 511.3950177935943 204.55871886121 602.6120996441282 223.57651245551605 608.5551601423489 book-spine 0
376.18378378378384 414.5027027027028 368.5837837837838 413.30270270270273 353.3810810810811 509.58648648648654 360.9810810810811 510.7864864864865 book-spine 0
564.2521957340025 335.2220828105396 553.7478042659976 330.77791718946054 517.2697616060227 416.9987452948558 527.7741530740276 421.4429109159348 book-spine 0
497 288.00000000000006 397 288 397 411.0000000000001 497 411.0000000000001 book-spine 0
374.11764705882354 280.47058823529414 355.1647058823529 276.25882352941176 331.7529411764706 381.6117647058825 350.70588235294116 385.8235294117648 book-spine 0
525.1734213006598 455.13760603204537 510.334590009425 447.53722902921777 470.3336475023562 525.6343072573045 485.172478793591 533.2346842601321 book-spine 0
463.35315985130126 172.95910780669152 448.64684014869897 171.04089219330865 437.48327137546477 256.6282527881042 452.189591078067 258.54646840148706 book-spine 0
516.623264619268 316.2820782498949 501.72002524190157 311.00862431636523 467.61674379469923 407.38746318889366 482.5199831720656 412.66091712242326 book-spine 0
639 249.00000000000006 631 249.00000000000006 631 295.0000000000001 639 295.0000000000001 book-spine 0
563.1800000000001 176.74000000000007 548.3399999999999 174.62000000000006 534.06 274.58000000000004 548.9000000000001 276.70000000000005 book-spine 0
228.5 109.50000000000003 215.03846153846152 106.80769230769232 195.11538461538458 206.42307692307696 208.5769230769231 209.11538461538464 book-spine 0
495.66926070038915 431.70817120622576 473.0186770428015 422.09883268482497 429.6459143968872 524.3346303501946 452.2964980544748 533.9439688715954 book-spine 0
641.4 388.20000000000016 631 383.0000000000001 605.4 434.20000000000016 615.8 439.4000000000001 book-spine 0
421.92738275340395 288.6974281391831 398.5615733736762 283.27322239031776 373.69833585476545 390.3763993948563 397.0641452344932 395.80060514372167 book-spine 0
256.33150684931513 387.35068493150686 245.40000000000006 386.20000000000005 234.6712328767124 488.1232876712329 245.60273972602744 489.2739726027397 book-spine 0
539.7297450424929 574.1507082152974 528.829461756374 565.5626062322946 471.7473087818697 638.013031161473 482.6475920679886 646.6011331444759 book-spine 0
206.82430939226518 96.73812154696137 194.8057458563536 94.3708287292818 173.6179005524862 201.9398895027624 185.63646408839782 204.307182320442 book-spine 0
232.1803713527852 112.1432360742706 219.68169761273214 109.51193633952259 199.1299734748011 207.13262599469505 211.62864721485414 209.76392572944306 book-spine 0
226.10103626943015 511.8160621761658 217.97927461139898 509.67875647668393 194.45595854922283 599.0673575129533 202.577720207254 601.2046632124351 book-spine 0
108.54140914709521 244.16810877626705 96.5315203955501 242.02348578491973 80.4004944375773 332.3572311495674 92.4103831891224 334.5018541409147 book-spine 0
245.65384615384616 261.7307692307692 234.69230769230768 259.53846153846155 214.8846153846154 358.5769230769231 225.8461538461538 360.76923076923083 book-spine 0
181.8233033164947 369.3095761036679 164.4841862508237 367.6669229079728 154.4553041950363 473.5273446079508 171.79442126070728 475.16999780364597 book-spine 0
292.936 107.35200000000003 267.24 102.68000000000004 246.312 217.78400000000005 272.008 222.45600000000002 book-spine 0
270.85385081867804 386.3329290479079 256.4050939963615 384.5585203153427 243.25197089144945 491.6625227410552 257.700727713766 493.4369314736204 book-spine 0
178.98536585365855 248.06829268292685 169.2878048780488 245.99024390243903 147.96585365853662 345.4926829268293 157.66341463414636 347.57073170731707 book-spine 0
323.2607215793057 401.21851599727705 310.0939414567734 399.4860449285228 296.92852280462904 499.5432266848196 310.09530292716136 501.27569775357387 book-spine 0
526.2423208191127 571.5597269624575 513.3054607508533 561.3464163822526 452 639.0000000000001 464.9368600682594 649.213310580205 book-spine 0
509.4146341463414 569.7317073170731 495.8780487804878 558.9024390243902 434.219512195122 635.9756097560975 447.7560975609755 646.8048780487804 book-spine 0
267.21812080536915 115.09731543624164 259.0604026845637 113.65771812080538 240.94966442953017 216.28523489932888 249.10738255033561 217.72483221476512 book-spine 0
379.0933165195461 139.5649432534679 353.68348045397227 135.0567465321564 335.7311475409836 236.24262295081968 361.1409836065575 240.7508196721312 book-spine 0
422.84615384615387 422.76923076923083 409.5769230769231 420.11538461538464 390.26923076923083 516.6538461538462 403.53846153846155 519.3076923076924 book-spine 0
395.923076923077 305.3846153846154 380.15384615384613 302.2307692307693 362.5384615384615 390.30769230769226 378.3076923076924 393.46153846153845 book-spine 0
213.824 110.96800000000002 201.856 108.79200000000003 184.56 203.92000000000002 196.528 206.096 book-spine 0
507.8215384615385 451.8276923076925 495.86153846153866 446.10769230769245 458.4784615384616 524.2723076923078 470.43846153846164 529.9923076923078 book-spine 0
297.91312217194576 390.716742081448 284.2950226244344 389.0660633484163 271.2669683257918 496.5475113122171 284.88506787330317 498.1981900452489 book-spine 0
98.2682301209235 369.4104067423965 86.41626969585934 368.27079516306344 77.79589593257607 457.92268230120925 89.64785635764024 459.06229388054237 book-spine 0
260.1140638996716 262.9498357718722 241.54523738429387 259.69214690952526 223.7966557181249 360.85906240668857 242.36548223350255 364.11675126903555 book-spine 0
451.1345407503233 558.6494178525227 440.43337645536883 550.3803363518758 380.32858990944385 628.1630012936612 391.0297542043984 636.4320827943079 book-spine 0
330.35416164053083 405.47623642943313 318.712183353438 404.2028950542823 307.9428226779253 502.66562123039813 319.5848009650182 503.9389626055489 book-spine 0
252 108.00000000000003 185 108.00000000000003 185 214.00000000000003 252 214.00000000000006 book-spine 0
309.3058823529412 266.6235294117647 290.56470588235294 262.4588235294118 266.7294117647059 369.71764705882356 285.47058823529414 373.88235294117646 book-spine 0
170.72441651705566 118.01885098743273 156.53500897666072 115.86894075403954 144.28186714542196 196.73967684021548 158.4712746858169 198.88958707360865 book-spine 0
615.7871813546979 465.8371449380919 589.3889293517844 450.80480699198847 537.1549890750182 542.5327021121632 563.5532410779316 557.5650400582666 book-spine 0
219.26366863905326 510.3368047337279 207.2302958579882 507.28071005917167 184.8416568047338 595.435976331361 196.87502958579884 598.4920710059172 book-spine 0
570.6000000000001 460.80000000000007 552.2 451.60000000000014 509.20000000000005 537.6000000000001 527.6000000000001 546.8000000000001 book-spine 0
602.3240574506285 191.2612208258529 585.8240574506284 188.7612208258529 571.6454219030521 282.3402154398565 588.1454219030522 284.8402154398565 book-spine 0
347.5942831487579 409.6239149955104 339.0724334031728 408.4666267584556 325.95704878778815 505.0435498353787 334.4788985333733 506.2008380724335 book-spine 0
648.6369359916055 345.47429171038834 634.7985309548793 339.04931794333686 592.3882476390347 430.39454354669476 606.2266526757609 436.81951731374613 book-spine 0
224.2411764705883 374.864705882353 206.88235294117652 373.52941176470597 198.35882352941184 484.33529411764715 215.7176470588236 485.6705882352942 book-spine 0
325.89882121807466 533.4548133595285 306.2721021611002 521.0972495088408 252.03241650294697 607.2426326129666 271.6591355599214 619.6001964636544 book-spine 0
597.96 589.7200000000003 581.16 577.1200000000001 536.28 636.9600000000002 553.08 649.5600000000002 book-spine 0
405.5827775598274 548.9484111416243 390.4438995684583 537.527854060416 329.8407218517066 617.8622989407611 344.9795998430757 629.2828560219696 book-spine 0
150.29321663019704 496.9606126914661 113.0722100656456 489.87089715536104 95.66301969365435 581.2691466083152 132.88402625820578 588.3588621444202 book-spine 0
242.233962264151 117.41886792452834 227.86415094339623 114.72452830188683 210.07924528301885 209.57735849056604 224.4490566037736 212.27169811320755 book-spine 0
381.5882352941177 286.64705882352945 372.4117647058824 284.3529411764706 347.4117647058824 384.3529411764706 356.5882352941177 386.6470588235294 book-spine 0
140.31439661256178 359.0673959068455 120.19160197600567 357.1690190543402 109.90225829216656 466.23606210303467 130.0250529287227 468.13443895553985 book-spine 0
645.5170556552963 189.98743267504494 627.6543985637344 187.28096947935376 612.1113105924596 289.86535008976676 629.9739676840215 292.57181328545795 book-spine 0
456.131845841785 130.69979716024346 430.33874239350905 127.18255578093311 413.2028397565922 252.8458417849899 438.9959432048682 256.36308316430024 book-spine 0
237.42307692307696 244.88461538461542 206.46153846153845 238.6923076923077 183.73076923076923 352.3461538461538 214.69230769230768 358.53846153846155 book-spine 0
232.8867924528302 513.3962264150944 225.49056603773585 511.28301886792457 200.35849056603774 599.245283018868 207.75471698113208 601.3584905660379 book-spine 0
437.5644831115661 555.7497441146368 427.6949846468783 548.1361310133061 367.17297850562954 626.5905834186285 377.04247697031735 634.2041965199592 book-spine 0
343.6153846153846 279.92307692307696 323.2307692307693 275.84615384615387 303.2692307692308 375.6538461538462 323.65384615384613 379.7307692307692 book-spine 0
499.21085972850676 314.0280542986426 484.44162895927604 309.87420814479646 457.40904977375567 405.9900452488688 472.1782805429864 410.143891402715 book-spine 0
149.22281167108758 242.9416445623343 136.67374005305044 240.29973474801068 115.95225464190986 338.72679045092843 128.501326259947 341.368700265252 book-spine 0
479.7 179.10000000000002 462.47999999999996 176.64000000000004 450.7 259.1 467.92 261.56 book-spine 0
205.42769419711396 251.4590113601474 193.7531470678539 249.1657967454713 173.9078906969604 350.1961928154743 185.58243782622048 352.48940743015044 book-spine 0
245.8849315068494 381.0931506849315 224.90684931506854 378.8849315068494 213.6191780821918 486.11780821917813 234.5972602739727 488.3260273972603 book-spine 0
425.24000000000007 553.6800000000001 410.99999999999994 543 350.8799999999999 623.1600000000001 365.12 633.8400000000001 book-spine 0
527.447963800905 317.9457013574661 515.4117647058823 313.6470588235295 480.81900452488685 410.5067873303168 492.8552036199095 414.8054298642534 book-spine 0
324.0902708124373 273.53360080240725 305.962888665998 270.025075225677 286.21163490471406 372.073219658977 304.3390170511535 375.5817452357071 book-spine 0
560.076923076923 577.6153846153845 543.8076923076923 564.9615384615383 486.51538461538456 638.623076923077 502.7846153846153 651.2769230769231 book-spine 0
195.40462427745666 107.36994219653181 185.63583815028906 105.8670520231214 170.79190751445088 202.3526011560694 180.5606936416185 203.85549132947978 book-spine 0
519.5153583617748 164.11945392491472 502.74744027303757 162.14675767918092 490.47440273037546 266.46757679180894 507.2423208191127 268.44027303754274 book-spine 0
286.09854457246826 388.62613705275925 272.3065494238933 386.93238326258336 259.1979987871437 493.67343844754396 272.9899939357187 495.3671922377198 book-spine 0
354.05570291777195 289.48541114058366 342.3633952254642 287.02387267904516 323.0636604774536 378.69761273209565 334.75596816976133 381.1591511936341 book-spine 0
287.3872135102534 524.254523522316 274.4897466827503 519.4776839565742 242.10132689987938 606.9264173703257 254.99879372738246 611.7032569360676 book-spine 0
110.34862385321105 367.5045871559633 96.5282286520819 366.2007762879323 87.56563161609036 461.20430486944247 101.3860268172195 462.50811573747353 book-spine 0
93.6538461538462 485.7307692307693 76.1538461538462 482.2307692307692 56.84615384615388 578.7692307692308 74.34615384615388 582.2692307692308 book-spine 0
140.31520395550064 112.23485784919657 128.99752781211373 110.2138442521632 114.65883807169347 190.51050679851673 125.97651421508036 192.5315203955501 book-spine 0
630.8881338212233 190.35128071092532 620.2561421850497 188.3732357553581 601.8515420805019 287.29796131730274 612.4835337166754 289.27600627286995 book-spine 0
410.16068122917443 417.58052573121074 394.48870788596815 414.50758978156244 374.6701221769715 515.5823768974454 390.3420955201778 518.6553128470937 book-spine 0
344.2421593830335 536.7516709511569 329.917737789203 527.4601542416453 275.624678663239 611.1619537275064 289.94910025706946 620.453470437018 book-spine 0
556.6742026645135 326.10456197012525 543.0431974162293 320.4743641501817 504.6673395236172 413.38433589018973 518.2983447719014 419.01453371013326 book-spine 0
327.217787913341 126.11402508551888 299.9703534777651 120.47662485746868 278.51539338654504 224.17559863169902 305.7628278221209 229.8129988597492 book-spine 0
464.9384615384616 301.8923076923077 442.176923076923 295.6846153846154 414.5999999999999 396.8 437.3615384615385 403.0076923076923 book-spine 0
113.44657534246582 489.7424657534247 93.17643835616444 485.27616438356165 72.94273972602745 577.1060273972603 93.21287671232884 581.5723287671233 book-spine 0
623.6021867115223 177.78721614802365 604.1835155592935 174.46560134566874 585.3340622371741 284.66240538267454 604.7527333894029 287.98402018502946 book-spine 0
394.264864864865 410.98918918918923 375.9837837837838 408.1027027027028 359.39459459459465 513.1675675675676 377.67567567567573 516.0540540540541 book-spine 0
374.59733079122975 542.1370829361297 362.4598665395615 533.4968541468065 306.0381315538608 612.7559580552909 318.17559580552904 621.396186844614 book-spine 0
368.67794632438745 413.33488914819145 353.45040840140024 411.23453908984834 340.0175029171528 508.6231038506418 355.24504084014006 510.7234539089849 book-spine 0
347.8271693768887 122.07814073967481 327.3419197006764 118.33083896963595 306.7922003165923 230.66930493596206 327.2774499928047 234.4166067060009 book-spine 0
443.5972282373322 421.8930272845388 424.05630142919017 417.7353832828064 402.05110437418796 521.1598094413166 421.59203118233006 525.317453443049 book-spine 0
469.3728018757327 560.8569753810083 455.6483001172333 550.1160609613131 393.41852286049243 629.6318874560376 407.14302461899183 640.3728018757328 book-spine 0
430.1945945945947 132.76756756756762 412.8378378378379 130.0270270270271 394.16486486486485 248.28918918918924 411.52162162162165 251.0297297297298 book-spine 0
384.9440433212998 289.85740072202174 377.05595667870045 288.14259927797843 355.85559566787015 385.66425992779796 363.74368231046947 387.37906137184126 book-spine 0
297.82200247218793 130.3967861557479 287.0580964153276 128.47466007416568 270.2657601977751 222.5117428924599 281.0296662546354 224.43386897404207 book-spine 0
275.5692554043236 522.0144115292235 254.94795836669337 514.5556445156126 220.51921537229785 609.7409927942354 241.14051240992805 617.1997598078462 book-spine 0
335.5975609756099 407.6219512195122 325.17073170731715 406.4634146341464 314.4146341463415 503.2682926829268 324.84146341463423 504.42682926829275 book-spine 0
150.46764819837279 112.6241766757071 139.34792716001553 110.6226268888028 124.5803951956606 192.66447113521892 135.70011623401786 194.6660209221232 book-spine 0
505.8405405405405 164.3432432432433 480.9351351351352 160.41081081081086 464.76756756756765 262.8054054054055 489.67297297297296 266.7378378378379 book-spine 0
386.02172847573934 544.1246528345043 374.4053259271361 535.9568697925176 316.4442084626695 618.3904590753145 328.0606110112728 626.5582421173012 book-spine 0
463.2941176470588 431.82352941176475 444 427 420.11764705882354 522.529411764706 439.4117647058823 527.3529411764707 book-spine 0
168.38823529411775 500.7529411764706 151.44705882352946 496.98823529411766 131.40000000000006 587.1999999999999 148.34117647058835 590.964705882353 book-spine 0
488.8769230769231 295.7846153846154 466.2 289.6 435.73846153846154 401.29230769230776 458.4153846153846 407.4769230769231 book-spine 0
127.35371755389359 225.42190937087554 111.72151341838985 222.76110866695998 92.4377474703036 336.0532336119666 108.06995160580735 338.71403431588215 book-spine 0
534.8420107719928 167.6427289048475 519.9120287253141 165.38061041292647 504.1579892280072 269.35727109515267 519.0879712746859 271.61938958707367 book-spine 0
587.0473372781064 332.68639053254435 567.094674556213 324.3727810650888 528.3668639053254 417.3195266272189 548.3195266272188 425.63313609467457 book-spine 0
285.54151624548746 261.5090252707582 261.2545126353791 256.22924187725636 237.90613718411555 363.6317689530687 262.1931407942239 368.91155234657043 book-spine 0
353.5895679662803 140.23551106427823 342.9641728134879 138.50579557428875 327.2971548998946 234.7460484720759 337.92255005268703 236.4757639620654 book-spine 0
206.64705882352945 508.5882352941177 182.40000000000003 503.2 161.8117647058824 595.8470588235293 186.05882352941182 601.2352941176471 book-spine 0
608.4535809018569 502.0954907161805 590.3103448275863 498.27586206896564 578.6498673740053 553.663129973475 596.7931034482759 557.4827586206899 book-spine 0
262.07410284293934 106.36756252912852 249.9240329345969 104.21438558334631 230.44539381699553 214.12956346123974 242.59546372533794 216.28274040702195 book-spine 0
542.0879440885266 321.8264414676762 526.5061153174141 316.23296447291796 492.4560279557368 411.086779266162 508.0378567268492 416.68025626092026 book-spine 0
495.14262691377917 566.4979854955681 475.86261079774374 551.1728444802578 411.45205479452056 632.2054794520548 430.732070910556 647.530620467365 book-spine 0
207.8941176470589 378.37647058823535 191.8352941176471 377.1411764705883 183.84117647058827 481.064705882353 199.90000000000006 482.30000000000007 book-spine 0
636.0962732840165 336.2786614330221 619.5129348512605 329.0287859038443 576.6989968555513 426.9612290974452 593.2823352883073 434.2111046266229 book-spine 0
551.7400506012918 455.5245004287797 536.9316091113351 447.7976529079077 492.7283830357261 532.5127822332649 507.53682452568273 540.2396297541369 book-spine 0