170.59459459459472 526.4324324324325 140.5945945945947 521.4324324324325 126.1081081081082 608.3513513513515 156.10810810810824 613.3513513513515 book-spine 0
356.8463035019455 557.9591439688716 341.2284046692608 551.6455252918288 306.9101167315175 636.53813229572 322.5280155642023 642.8517509727626 book-spine 0
196.2534869617951 175.36446331109767 175.21983020012132 172.78138265615527 158.44996967859313 309.33596118859913 179.48362644026687 311.91904184354155 book-spine 0
556.2697459584297 63.08452655889154 529.5833718244804 59.02355658198621 512.4374133949192 171.69699769053125 539.1237875288684 175.75796766743656 book-spine 0
608.5207547169812 246.22264150943408 594.2716981132075 243.55094339622653 568.8905660377359 378.9169811320756 583.1396226415095 381.58867924528306 book-spine 0
78.44000000000005 153.08 55.89885350318475 149.807898089172 35.7847133757962 288.371974522293 58.3258598726115 291.64407643312103 book-spine 0
413.480610514415 213.87880158281519 391.9996608253251 210.64511023176942 371.736461277558 345.2506500847937 393.2174109666479 348.48434143583944 book-spine 0
639 149.00000000000006 634 149.00000000000006 634 195.00000000000006 639 195.00000000000006 book-spine 0
523.3994293865907 406.92296718972904 496.0271041369473 401.6590584878745 472.6176890156919 523.3880171184023 499.9900142653353 528.6519258202569 book-spine 0
645.1538461538462 322.2307692307693 637.4615384615385 320.6923076923078 624.3076923076924 386.46153846153857 632 388.0000000000001 book-spine 0
436.7027027027028 218.78378378378386 413.8378378378378 214.97297297297305 391.5405405405406 348.7567567567569 414.4054054054055 352.56756756756766 book-spine 0
591.3076923076924 593.4615384615386 563.2307692307693 587.8461538461539 553.0384615384615 638.8076923076923 581.1153846153846 644.4230769230769 book-spine 0
631.402940991642 256.22993778671537 607.6810155219003 250.8298246716522 578.391252435116 379.4955696600265 602.1131779048577 384.89568277508965 book-spine 0
309.2392359987052 546.9802525089026 263.44448041437374 540.3191971511817 249.8763353836194 633.6001942376175 295.67109096795093 640.2612495953385 book-spine 0
108.27411167512693 156.16243654822338 86.38578680203051 154.5989847715736 76.3096446700508 295.6649746192893 98.19796954314722 297.22842639593904 book-spine 0
252.8727602630982 183.7564073486052 222.84656384667727 179.55919709684738 203.63551825810842 316.9920616919936 233.66171467452932 321.1892719437514 book-spine 0
197.65233941316424 351.10531324345754 178.60713719270427 345.3416336241079 140.7565424266456 470.41316415543224 159.80174464710555 476.176843774782 book-spine 0
224.48358862144428 178.2888402625821 195.73369803063463 174.42691466083153 177.13698030634578 312.8691466083152 205.8868708971554 316.73107221006575 book-spine 0
434.0528301886793 391.6150943396227 408.456603773585 388.10188679245294 391.58000000000004 511.06000000000006 417.17622641509433 514.5732075471699 book-spine 0
581.8794607454402 417.0364789849326 550.3211736716892 411.6264869151467 529.233148295004 534.6399682791437 560.791435368755 540.0499603489295 book-spine 0
537.0990099009903 584.009900990099 525.811881188119 582.8811881188119 520.2079207920793 638.920792079208 531.4950495049507 640.0495049504951 book-spine 0
424.68965517241384 32.27586206896559 394.8229263746505 29.82106244175214 385.0115563839702 149.1927306616962 414.87828518173353 151.64753028890965 book-spine 0
232.9258820041506 115.9003854135784 226.80047435517344 -2.5241624666468976 177.07144974799883 0.04802846131040539 183.196857396976 118.47257634153571 book-spine 0
549.0572748267898 411.0521939953811 518.8438799076213 406.4545034642033 499.75473441108545 531.8974595842956 529.968129330254 536.4951501154735 book-spine 0
316.3429284872027 198.4494693764307 305.29888326281474 196.9645557328155 287.3611708399806 330.37629187764446 298.4052160643686 331.86120552125965 book-spine 0
277.8458797327394 192.87394209354125 250.6298440979956 189.3995545657016 233.6962138084633 322.0463251670378 260.9122494432071 325.5207126948775 book-spine 0
497.66259168704164 577.2493887530563 471.35452322738394 573.3031784841077 461.51100244498787 638.9266503667482 487.8190709046456 642.8728606356967 book-spine 0
343.87810794420864 201.56397816858708 312.1807155852032 197.67131594906007 295.61036992116436 332.60127349909044 327.30776228016975 336.49393571861737 book-spine 0
175.61124694376528 104.4083129584352 159.33496332518337 -4.100244498777506 132 -3.552713678800501e-15 148.2762836185819 108.5085574572127 book-spine 0
611.9923453381856 420.5782406826454 579.8578240682646 415.10076546618154 558.8627180323755 538.2720542100641 590.9972393022965 543.7495294265279 book-spine 0
623.0864864864865 80.118918918919 586.8324324324324 74.39459459459465 569.627027027027 183.36216216216224 605.8810810810811 189.08648648648654 book-spine 0
391.5415327564896 382.2925834363412 361.8051915945613 377.9490729295427 343.3561186650186 504.25426452410386 373.0924598269469 508.59777503090237 book-spine 0
91.72121604139721 158.37451487710223 74.76908150064688 156.20116429495476 57.51164294954726 290.80918499353174 74.46377749029759 292.9825355756792 book-spine 0
262.65803108808296 363.69948186528507 231.30310880829018 355.44818652849744 198.7772020725389 479.0466321243523 230.1321243523317 487.2979274611399 book-spine 0
320.36605569263304 132.77916813535427 307.64540007049703 -3.513570673246388 269.577017976736 0.03947832217130909 282.297673598872 136.33221713077197 book-spine 0
169 369 139.00000000000003 339.00000000000006 35.50000000000006 442.5 65.50000000000003 472.5 book-spine 0
368.2260040844112 205.08236895847517 344.06535057862493 201.90333560245068 326.1245745405037 338.2532334921716 350.28522804629 341.43226684819604 book-spine 0
276.4268253457704 363.3020263750403 258.9043100675459 359.43341910582194 231.1241556770666 485.26117722740446 248.64667095529109 489.12978449662285 book-spine 0
531.78 582.5400000000001 496.22 577.46 487.4599999999999 638.78 523.02 643.8599999999999 book-spine 0
230.00924828076836 535.6734645482571 169.8034147498222 525.3255869101257 154.66635048612764 613.3957789898031 214.8721840170738 623.7436566279346 book-spine 0
471.9459459459461 574.3243243243245 457.67567567567585 571.945945945946 446.54054054054063 638.7567567567569 460.81081081081095 641.1351351351354 book-spine 0
392.27978649043655 210.64770922030885 367.99510707250425 206.92666963207728 347.3241405604625 341.8319247632967 371.6088199783949 345.55296435152826 book-spine 0
559.6460966542752 242.82007434944245 535.1553903345724 238.05799256505583 509.7940520446096 368.48773234200746 534.2847583643124 373.2498141263942 book-spine 0
535.3243243243243 237.05405405405412 511.0000000000001 233.0000000000001 488.91891891891896 365.48648648648657 513.2432432432432 369.54054054054063 book-spine 0
528.8890510948905 56.294890510948974 499.0554744525547 52.852554744525605 485.79416058394156 167.78394160583946 515.6277372262774 171.22627737226284 book-spine 0
177.147438752784 167.67839643652562 158.22182628062365 165.2623608017817 140.28864142538978 305.7389755011136 159.21425389755015 308.1550111358575 book-spine 0
457 39.00000000000005 403 39.00000000000004 403 157.00000000000006 457 157.00000000000006 book-spine 0
486.99929428369796 229.36132674664793 465.66647847565287 225.76302046577285 443.3810868031053 357.8835568101624 464.71390261115033 361.4818630910375 book-spine 0
259.86792452830196 541.0377358490566 228.71320754716982 535.1962264150943 211.94716981132078 624.6150943396227 243.10188679245294 630.456603773585 book-spine 0
553.8446389496719 586.0656455142233 538.3588621444203 583.1159737417944 527.7242888402627 638.9474835886215 543.2100656455144 641.8971553610504 book-spine 0
499.7591449977964 52.019612163948935 471.14609960334946 49.030189510797754 459.2454825914499 162.9360951961217 487.8585279858969 165.92551784927286 book-spine 0
275.576953023618 123.92369582143783 269.4811834933818 -2.0555411367765437 226.38852841941346 0.029587334544512345 232.48429794964966 126.00882429275887 book-spine 0
294.3554113127567 367.71055768976026 274.7634123724998 363.5616637965294 248.09842363226926 489.4796661809512 267.6904225725262 493.6285600741821 book-spine 0
322.9647917561186 369.87376556462004 293.56419063975966 364.1691713181624 268.89823958780596 491.2936882782311 298.29884070416495 496.99828252468876 book-spine 0
157.64948453608253 164.28865979381447 131.6670103092784 161.77422680412374 118.04020618556704 302.5845360824742 144.0226804123712 305.09896907216495 book-spine 0
131.33606557377058 163.30327868852464 108.70491803278694 161.2459016393443 96.2049180327869 298.7459016393443 118.83606557377055 300.80327868852464 book-spine 0
587.1222493887531 69.51833740831303 555.3863080684598 64.75794621026903 538.6112469437654 176.59168704156485 570.3471882640587 181.3520782396089 book-spine 0
648.3799999999999 82.34000000000007 621.36 78.48000000000008 605.5 189.50000000000006 632.5199999999999 193.36000000000007 book-spine 0
563.2248186946014 587.7759871071718 551.7546333601936 585.6692183722805 541.9605157131347 638.9927477840453 553.4307010475425 641.0995165189365 book-spine 0
410.3583815028902 385.6705202312139 391.0462427745665 382.6994219653179 371.728323699422 508.2658959537572 391.04046242774575 511.2369942196532 book-spine 0
399.37514450867064 562.0884393063585 369.063583815029 556.913294797688 355.1040462427747 638.6763005780348 385.41560693641634 643.8514450867053 book-spine 0
595.2536076143691 248.79981578139396 574.6211237334971 244.74700644765124 548.9938593797973 375.21307952103166 569.6263432606693 379.2658888547744 book-spine 0
116.2890173410405 518.121387283237 85.78034682080931 513.4277456647399 72.77456647398851 597.9653179190751 103.2832369942197 602.6589595375723 book-spine 0
465.894523326572 222.85395537525363 435.6805273833672 217.9807302231238 413.9361054766735 352.79614604462483 444.15010141987835 357.6693711967546 book-spine 0
396.5470588235294 4.888235294117699 350.7411764705882 1.3647058823529825 339.86470588235295 142.7588235294118 385.67058823529413 146.28235294117653 book-spine 0
650.7636761487968 259.24070021881846 626.2713347921226 254.57549234135678 601.5273522975931 384.4814004376368 626.019693654267 389.14660831509855 book-spine 0
465.362385321101 394.9587155963304 434.5148623853211 390.3104587155964 415.63724770642204 515.5891743119266 446.48477064220185 520.2374311926607 book-spine 0
436.8173584905661 566.759245283019 411.64452830188685 563.3041509433964 401.2686792452831 638.8996226415095 426.4415094339623 642.3547169811322 book-spine 0
214.6023301824577 353.93602989668057 195.45526489338323 348.63376566278305 160.8995383600792 473.41833369971425 180.04660364915367 478.72059793361177 book-spine 0
342.5 133.5 327.4268292682927 -2.1585365853658516 301.3048780487805 0.7439024390243887 316.3780487804878 136.40243902439025 book-spine 0
361.951705195697 379.3449301899749 324.0139620050355 372.34103913939117 300.9368276493477 497.34218356603344 338.87457084000914 504.3460746166171 book-spine 0
187.64137931034483 107.69655172413795 178.52413793103443 -1.7103448275862068 157.99999999999997 0 167.11724137931037 109.40689655172415 book-spine 0
413.28343666961916 563.382639503986 396.73560673162103 560.9180690876883 385.12577502214356 638.8697962798938 401.6736049601418 641.3343666961914 book-spine 0
493.8670520231216 401.3641618497111 465.5375722543354 397.00578034682087 446.578034682081 520.242774566474 474.9075144508672 524.6011560693643 book-spine 0
472.7442545668827 42.12139068945204 446.72362993517964 39.58279316440783 435.2021213906894 157.67825574543318 461.22274602239247 160.21685327047737 book-spine 0
511.9405639913232 232.45292841648595 486.0416485900217 228.20086767895884 464.1967462039045 361.2561822125814 490.09566160520603 365.5082429501085 book-spine 0
349.78082191780845 555.9178082191781 315.4794520547946 543.054794520548 281.7808219178082 632.9178082191781 316.0821917808221 645.7808219178083 book-spine 0
307.62814697210257 195.04479473803588 278.55114538444093 190.98026763438423 259.60104332048087 326.5463823996371 288.6780449081425 330.6109095032888 book-spine 0
346 4.139306181118054e-14 323 3.998471799216108e-14 323 139.00000000000006 346 139.00000000000006 book-spine 0
143.26774847870192 522.1399594320487 114.46855983772826 517.4949290060852 100.58924949290068 603.5466531440162 129.38843813387433 608.1916835699798 book-spine 0
625.0000000000001 423.0000000000001 611.584499966508 420.4286958269141 588.3364592404045 541.7228213544109 601.7519592738965 544.2941255274968 book-spine 0
577.3461538461539 242.26923076923083 559.6538461538462 238.73076923076928 532.8076923076923 372.9615384615385 550.5 376.50000000000006 book-spine 0
458.606936416185 571.5549132947978 436.063583815029 568.0867052023123 425.1965317919076 638.7225433526012 447.7398843930637 642.1907514450868 book-spine 0
233.26415094339632 359.07547169811323 208.1698113207548 351.90566037735846 172.96226415094344 475.13207547169816 198.05660377358495 482.3018867924529 book-spine 0
204.06435643564356 378.8564356435643 170.4257425742574 337.74257425742576 61.351485148514854 426.9851485148515 94.99009900990097 468.0990099009901 book-spine 0