214.97782963827305 576.5892648774798 207.659276546091 523.5297549591598 194.15752625437568 525.3920653442241 201.47607934655775 578.451575262544 book-spine 0
197.56 509.92000000000013 188.95999999999998 449.7200000000001 169.91999999999996 452.44000000000005 178.51999999999998 512.6400000000001 book-spine 0
349.8082352941177 517.8129411764705 343.3141176470589 455.0364705882353 330.4176470588236 456.3705882352941 336.9117647058823 519.1470588235294 book-spine 0
450 376 436 376 436 447 450 447 book-spine 0
541.2740199846272 276.9750192159877 539.956571867794 209.78516525749424 526.3343581860106 210.0522674865488 527.6518063028439 277.2421214450423 book-spine 0
459 138.00000000000006 443 138.00000000000006 443 194.00000000000006 459 194.00000000000006 book-spine 0
441 214.00000000000006 407 214.00000000000006 407 280 441 280 book-spine 0
507 381.0000000000001 492 381.0000000000001 492 446.0000000000001 507 446.0000000000001 book-spine 0
402 142.00000000000006 390 142.00000000000006 390 197.00000000000006 402 197.00000000000006 book-spine 0
51.17226277372262 283.8262773722627 45.478832116788325 234.4832116788321 32.64963503649635 235.96350364963507 38.343065693430646 285.30656934306563 book-spine 0
491 221.00000000000006 476 221.00000000000006 476 279.0000000000001 491 279.0000000000001 book-spine 0
601.4325366229762 36.428681572860526 582.4471858134156 35.901310717039394 580.9460292983808 89.94294525828843 599.9313801079414 90.47031611410955 book-spine 0
517 40.00000000000006 498 40.00000000000006 498 95.00000000000006 517 95.00000000000006 book-spine 0
177 68.00000000000003 156 68.00000000000003 156 116.00000000000003 177 116.00000000000003 book-spine 0
494.23202699195434 378.20477549961083 483.1450817544771 377.6683104074748 479.84609395276414 445.8473916428758 490.9330391902414 446.3838567350118 book-spine 0
591.0538664904166 212.0373430270986 574.0231328486451 211.7276933245209 572.8559153998679 275.9246530072704 589.8866490416393 276.23430270984807 book-spine 0
362 51.00000000000004 350 51.00000000000004 350 105.00000000000006 362 105.00000000000006 book-spine 0
396 219.00000000000006 381 219.00000000000006 381 281 396 281 book-spine 0
270.09109560935576 514.7439474764055 262.51046368485845 452.83545342634386 251.1702913418137 454.22404595814527 258.750923266311 516.1325400082069 book-spine 0
559 540 541 540 541 599 559 599 book-spine 0
452 221.00000000000006 443 221.00000000000006 443 280 452 280 book-spine 0
567.118918918919 375.0864864864866 551.7160083160085 374.45779625779636 548.7164241164243 447.9476091476092 564.1193347193348 448.57629937629946 book-spine 0
314.75882352941187 360.86470588235295 309.8941176470589 297.6235294117647 297.7352941176471 298.55882352941177 302.6 361.8 book-spine 0
253 150.00000000000006 232 150.00000000000003 232 201 253 201.00000000000006 book-spine 0
279.320819112628 580.7269624573379 273.09556313993176 527.8122866894197 259.1706484641638 529.4505119453925 265.39590443686006 582.3651877133107 book-spine 0
367.5203619909503 586.9276018099548 364.86877828054304 531.2443438914028 347.47963800904984 532.0723981900453 350.13122171945713 587.7556561085973 book-spine 0
476 221.00000000000006 461 221.00000000000006 461 279.00000000000006 476 279.0000000000001 book-spine 0
43.101369863013694 360.4630136986301 36.68493150684932 299.50684931506845 22.682191780821924 300.9808219178082 29.0986301369863 361.93698630136987 book-spine 0
307 227.00000000000006 293 227.00000000000006 293 282 307 282 book-spine 0
60.31408526713439 436.7528332433891 57.277927684835404 371.4754452239611 44.16675661090123 372.0852671343767 47.202914193200215 437.36265515380467 book-spine 0
269 54.00000000000003 251 54.00000000000003 251 111.00000000000003 269 111.00000000000003 book-spine 0
298.2785234899329 515.244966442953 287.2953020134229 453.00671140939596 273.31879194630875 455.4731543624161 284.30201342281885 517.7114093959732 book-spine 0
124.39467538533395 283.6310135450724 118.549276039234 229.8533395609528 105.5077066791219 231.27090144792152 111.35310602522185 285.0485754320411 book-spine 0
171.00000000000006 301 155.00000000000006 301 155.00000000000006 361 171.00000000000006 361 book-spine 0
411.3592760180996 373.11402714932126 396.1746606334842 372.7909502262444 394.6393665158372 444.9497737556561 409.8239819004526 445.2728506787331 book-spine 0
28.15353121801433 503.6898669396111 20.788126919140232 446.60798362333674 -0.6612077789150277 449.37563971340836 6.704196519959069 506.4575230296827 book-spine 0
345.6208619612743 361.8344784509682 343.9718925671456 295.8757026858214 333.50343535290443 296.1374141161774 335.1524047470331 362.0961898813242 book-spine 0
466 137.00000000000006 458 137.00000000000006 458 193.00000000000006 466 193.00000000000006 book-spine 0
553 461.0000000000001 538 461.0000000000001 538 527 553 527 book-spine 0
526.0699900957411 539.0752723671178 515.0118851105976 538.673159458567 512.8963354242325 596.8507758336085 523.9544404093759 597.2528887421593 book-spine 0
444 216.00000000000006 417 216.00000000000006 417 279 444 279 book-spine 0
347.0550831792975 198.86432532347504 345.90277264325323 138.9441774491682 331.90794824399256 139.21330868761552 333.060258780037 199.13345656192237 book-spine 0
538 41.00000000000007 527 41.00000000000007 527 94.00000000000006 538 94.00000000000006 book-spine 0
486.9292307692308 374.2738461538462 471.2553846153847 373.4030769230769 467.2307692307693 445.8461538461539 482.90461538461545 446.7169230769231 book-spine 0
368 225.00000000000006 360 225.00000000000006 360 281 368 281 book-spine 0
165.11821086261983 203.9552715654952 163.10223642172525 153.55591054313098 143.573482428115 154.3370607028754 145.58945686900958 204.7364217252396 book-spine 0
536 359.0000000000001 522 359.0000000000001 522 447.0000000000001 536 447.0000000000001 book-spine 0
288.36882003955174 360.76170072511536 284.8823335530653 296.84278180619646 272.5009887936717 297.51812788398155 275.9874752801582 361.43704680290045 book-spine 0
332.8863013698631 280.93013698630136 330.80410958904116 224.7109589041096 317.9328767123288 225.1876712328767 320.0150684931507 281.4068493150685 book-spine 0
44.675126903553306 506.4517766497461 40.44162436548224 447.18274111675123 26.228426395939085 448.1979695431472 30.46192893401015 507.46700507614213 book-spine 0
504.0000000000001 538 489.0000000000001 538 489.0000000000001 595 504.0000000000001 595 book-spine 0
358.4532782653588 442.9442436757873 356.884873515746 373.93443469282386 338.3944243675787 374.354672173464 339.9628291171915 443.36448115642736 book-spine 0
323.8863013698631 360.93013698630136 321.39589041095894 293.68904109589045 309.93013698630136 294.11369863013704 312.4205479452055 361.35479452054796 book-spine 0
124.18778280542988 204.94343891402718 121.88009049773757 156.4819004524887 109.09954751131222 157.09049773755657 111.40723981900453 205.55203619909506 book-spine 0
569.4472204871956 461.11118051218 554.0318550905686 460.7257963772644 552.3516552154905 527.9337913803873 567.7670206121176 528.319175515303 book-spine 0
265.00757054370274 580.762560220234 260.7336545079147 526.6262904335857 247.36958017894014 527.6813489332416 251.64349621472815 581.8176187198899 book-spine 0
479 138.00000000000006 466 138.00000000000006 466 193.00000000000006 479 193.00000000000006 book-spine 0
576.0604878048781 295.0643902439025 560.2321951219512 294.569756097561 558.1385365853658 361.56682926829274 573.9668292682927 362.0614634146342 book-spine 0
549 41.00000000000007 537 41.00000000000007 537 93.00000000000006 549 93.00000000000006 book-spine 0
554.4836065573772 374.68032786885254 538.1639344262295 373.19672131147547 531.4098360655737 447.4918032786886 547.7295081967214 448.9754098360657 book-spine 0
414.00000000000006 457 395 457 395.00000000000006 522 414.0000000000001 522 book-spine 0
560.0629388816646 295.0977893368011 543.2447334200261 294.82652795838754 542.1643693107933 361.80910273081935 558.9825747724318 362.0803641092329 book-spine 0
137.85882352941178 205.16470588235296 134.0235294117647 155.30588235294118 119.34117647058824 156.43529411764706 123.1764705882353 206.29411764705884 book-spine 0
37.34917891097666 286.8720829732066 35.816767502160765 234.77009507346588 24.82627484874676 235.0933448573898 26.35868625756266 287.19533275713053 book-spine 0
225.17840805123512 282.4437328453797 221.86093321134493 227.70539798719128 205.82891125343096 228.6770356816103 209.14638609332115 283.41537053979874 book-spine 0
253.75034106412005 440.12960436562076 248.77626193724421 372.97953615279675 233.7107776261937 374.0954979536153 238.68485675306954 441.2455661664393 book-spine 0
411.0000000000001 534 398.0000000000001 534 398.0000000000001 589 411.0000000000001 589 book-spine 0
265.7529411764706 579.7882352941177 261.6235294117647 526.1058823529412 238.91176470588238 527.8529411764706 243.04117647058825 581.5352941176471 book-spine 0
467 459.00000000000006 454.00000000000006 459 454.0000000000001 523 467.0000000000001 523 book-spine 0
107.35451263537905 571.5292418772564 101.71985559566787 519.408664259928 84.51552346570396 521.2685920577618 90.15018050541516 573.3891696750902 book-spine 0
284.039175257732 199.86185567010307 281.66185567010314 147.56082474226807 256.7134020618557 148.69484536082476 259.0907216494845 200.99587628865976 book-spine 0
181.682320441989 575.9640883977901 178.9337016574586 523.7403314917127 168.59392265193372 524.2845303867404 171.3425414364641 576.5082872928177 book-spine 0
281 149.00000000000006 249 149.00000000000006 249 201.00000000000006 281 201.00000000000006 book-spine 0
295 149.00000000000006 282 149.00000000000006 282 200.00000000000006 295 200.00000000000006 book-spine 0
283.82649472450174 514.7772567409144 276.305978898007 453.10902696365764 262.89566236811254 454.7444314185228 270.41617819460726 516.4126611957795 book-spine 0
391.77900552486193 196.8011049723757 388.9198895027625 142.4779005524862 375.2209944751382 143.19889502762433 378.08011049723757 197.52209944751385 book-spine 0
58.00000000000004 301 42.00000000000004 301 42.00000000000004 360 58.00000000000004 360 book-spine 0
336.26377532883043 360.9900462140064 333.79594738713126 295.5926057589762 321.2854603626023 296.06469960895845 323.75328830430146 361.4621400639886 book-spine 0
151.22772277227725 204.2772277227723 146.33663366336634 155.36633663366337 129.5049504950495 157.04950495049505 134.3960396039604 205.96039603960395 book-spine 0
304.9463917525773 441.820618556701 301.8412371134021 373.5072164948454 288.1422680412371 374.12989690721656 291.24742268041234 442.4432989690722 book-spine 0
64.02262443438914 121.47511312217196 61.90045248868779 76.90950226244344 49.78506787330318 77.4864253393665 51.90723981900453 122.05203619909503 book-spine 0
517 134.00000000000006 507 134.00000000000006 507 191.00000000000006 517 191.00000000000006 book-spine 0
617.5843902439025 36.29951219512203 601.0692682926831 35.78341463414642 599.4126829268293 88.7941463414635 615.9278048780487 89.31024390243911 book-spine 0
389.030243902439 103.96780487804877 387.4263414634146 52.64292682926829 371.3170731707317 53.14634146341463 372.9209756097561 104.47121951219512 book-spine 0
171.07426436244748 281.8832321345166 164.4768799626343 221.18729565623542 153.08967772069127 222.4250350303597 159.68706212050444 283.1209715086408 book-spine 0
240.1951219512195 439.7560975609756 232.5 370.50000000000006 216.2560975609756 372.30487804878055 223.9512195121951 441.5609756097561 book-spine 0
515 538 503.0000000000001 538 503.0000000000001 595 515 595 book-spine 0
313.53552859618713 583.8526863084921 311.27383015597917 529.5719237435007 297.8804159445407 530.1299826689773 300.14211438474865 584.4107452339687 book-spine 0
32.78602620087335 565.8951965065502 25.860262008733642 513.9519650655022 -3.1572052401746475 517.82096069869 3.768558951965062 569.7641921397379 book-spine 0
351.1655172413793 280.81379310344823 347.9172413793103 225.59310344827588 336.7793103448276 226.24827586206897 340.02758620689656 281.4689655172413 book-spine 0
542 296.0000000000001 529 296.0000000000001 529 361.0000000000001 542 361.0000000000001 book-spine 0
519 296.0000000000001 505 296.0000000000001 505 362.0000000000001 519 362.0000000000001 book-spine 0
36.67525773195876 434.64432989690715 30.771134020618554 373.6350515463917 14.791752577319585 375.18144329896904 20.69587628865979 436.1907216494845 book-spine 0
449.149740198394 99.88804912612187 447.97590930562126 45.89182805857345 433.7000472366557 46.20217288615967 434.8738781294285 100.19839395370808 book-spine 0
151.67953321364453 282.68491921005386 143.67235188509875 229.8375224416517 131.52692998204668 231.67773788150808 139.53411131059246 284.5251346499102 book-spine 0
430 141.00000000000006 414 141.00000000000006 414 196.00000000000006 430 196.00000000000006 book-spine 0
203.15308804204994 282.97043363994743 201.71024967148492 226.69973718791067 187.4888304862024 227.06438896189226 188.93166885676746 283.33508541392905 book-spine 0
250.39946140035903 513.6364452423699 241.15350089766605 452.6131059245961 230.7262118491921 454.1929982046679 239.9721723518851 515.2163375224417 book-spine 0
414.98965517241373 194.82413793103444 411.8758620689655 141.88965517241377 398.92068965517245 142.651724137931 402.0344827586207 195.5862068965517 book-spine 0
427 48.00000000000006 414 48.00000000000006 414 101.00000000000006 427 101.00000000000006 book-spine 0
531.0234146341464 134.25073170731713 517.2868292682928 133.8214634146342 515.5326829268294 189.9541463414635 529.269268292683 190.38341463414642 book-spine 0
477.0000000000001 537 464.0000000000001 537 464.0000000000001 593 477.0000000000001 593 book-spine 0
456 294 443 294 443 362 456 362 book-spine 0
322 199 319.62460063897765 139.6150159744409 307.72364217252397 140.09105431309902 310.0990415335463 199.4760383386581 book-spine 0
337.0000000000001 531 323.0000000000001 531 323.0000000000001 585 337.0000000000001 585 book-spine 0
581.4470345234583 375.81439952788435 567.5503098259073 374.61640601947477 561.2519917379758 447.6768958394807 575.1487164355268 448.87488934789025 book-spine 0
461 45.00000000000006 448 45.00000000000006 448 99.00000000000006 461 99.00000000000006 book-spine 0
276.654128440367 226.4137614678899 254.91651376146794 225.75504587155967 253.2311926605505 281.37064220183487 274.9688073394496 282.02935779816517 book-spine 0
229.03947939262474 202.89501084598697 227.93318872017355 149.7930585683297 206.504989154013 150.23947939262473 207.61127982646423 203.341431670282 book-spine 0
238 150.00000000000003 198 150 198 203 238 203.00000000000006 book-spine 0
316.00000000000006 454 298 454 298.00000000000006 517 316.0000000000001 517 book-spine 0
361.6324878575283 197.59848893685916 358.8812736103615 138.4473826227739 344.30814894765234 139.1252023745278 347.0593631948191 198.27630868861306 book-spine 0
337 456 322 456 322 517 337.0000000000001 517 book-spine 0
137.53793103448277 283.4551724137931 132.68965517241378 225.27586206896552 119.11724137931031 226.40689655172417 123.96551724137929 284.5862068965517 book-spine 0
595 294.0000000000001 576 294.0000000000001 576 362.0000000000001 595 362.0000000000001 book-spine 0
48.70588235294118 436.8235294117648 44.43811764705882 371.38447058823533 30.107764705882353 372.3190588235295 34.37552941176471 437.75811764705895 book-spine 0
72.04705882352941 569.7882352941176 66.67882352941176 517.895294117647 54.567058823529415 519.1482352941176 59.93529411764706 571.0411764705882 book-spine 0
543.0000000000001 134.00000000000006 529.5046280425094 133.75008570449097 528.4631470689063 189.99005827905393 541.9585190263971 190.239972574563 book-spine 0
54.44 122.91999999999999 51.8676923076923 76.61846153846153 43.39384615384614 77.08923076923077 45.96615384615384 123.3907692307692 book-spine 0
568 130.00000000000006 556 130.00000000000006 556 189.00000000000006 568 189.00000000000006 book-spine 0
611.2692307692308 599.3461538461538 599.423076923077 540.1153846153846 579.6153846153848 544.0769230769231 591.4615384615386 603.3076923076923 book-spine 0
397.0246575342466 360.6657534246575 394.7739726027397 299.8972602739726 384.9356164383562 300.26164383561644 387.18630136986303 361.0301369863014 book-spine 0
399.2275862068965 588.8689655172413 395.8965517241379 532.2413793103448 378.8965517241379 533.2413793103448 382.2275862068965 589.8689655172413 book-spine 0
529 218.00000000000006 518 218.00000000000006 518 278.0000000000001 529 278.0000000000001 book-spine 0
368.0141627325743 360.8497639544571 366.9638989169675 297.8339350180505 355.5837267425715 298.02360455429044 356.6339905581783 361.039433490697 book-spine 0
253.16165598817156 111.63725973385905 250.97831444061117 62.51207491375062 237.67126663380978 63.103499260719566 239.85460818137017 112.228684080828 book-spine 0
492 137.00000000000006 479 137.00000000000006 479 193.00000000000006 492 193.00000000000006 book-spine 0
44.16792452830188 567.8622641509434 41.97735849056605 517.4792452830189 23.100000000000005 518.3000000000001 25.290566037735847 568.6830188679245 book-spine 0
561 39.00000000000007 549 39.00000000000007 549 92.00000000000006 561 92.00000000000006 book-spine 0
471 296.00000000000006 455 296 455 361.0000000000001 471 361.0000000000001 book-spine 0
435 297 423 297 423 362 435 362 book-spine 0
607 132.00000000000006 591 132.00000000000006 591 187.00000000000006 607 187.00000000000006 book-spine 0
54.11162460007111 505.9580519018841 51.956629932456465 448.850693210096 41.8954852470672 449.23035904728056 44.050479914681844 506.3377177390687 book-spine 0
524 460.0000000000001 513 460.0000000000001 513 525 524 525 book-spine 0
455.43450479233223 522.8626198083066 452.8626198083067 458.5654952076677 439.2843450479233 459.1086261980831 441.8562300319488 523.4057507987219 book-spine 0
576 541 558 541 558 599 576 599 book-spine 0
464.0000000000001 536 450.0000000000001 536 450.0000000000001 593 464.0000000000001 593 book-spine 0
164.84044943820226 509.82471910112366 159.16404494382024 450.2224719101124 144.86516853932585 451.58426966292143 150.5415730337079 511.18651685393263 book-spine 0
439.3791821561339 99.90706319702603 432.5148698884759 47.2806691449814 419.39033457249076 48.99256505576207 426.2546468401488 101.6189591078067 book-spine 0
362.74563591022445 280.9127182044888 359.9351620947631 224.70324189526184 348.31421446384036 225.28428927680795 351.1246882793017 281.4937655860349 book-spine 0
578.0404287901991 128.42388973966317 568.1592649310874 127.7304747320062 563.964471669219 187.50627871362948 573.8456355283308 188.19969372128645 book-spine 0
513 460.0000000000001 496 460.0000000000001 496.0000000000001 526 513 526 book-spine 0
381 196.00000000000006 365 196.00000000000006 365 282 381 282 book-spine 0
285 61.00000000000003 268 61.00000000000003 268 110.00000000000003 285 110.00000000000003 book-spine 0
362.97931034482764 518.6482758620689 359.26551724137937 455.5137931034482 343.2620689655172 456.4551724137931 346.9758620689655 519.5896551724137 book-spine 0
484.0643243243244 97.76594594594596 482.8356756756757 44.934054054054045 469.8194594594595 45.23675675675675 471.0481081081082 98.06864864864865 book-spine 0
400.53972602739725 519.627397260274 393.93150684931504 456.84931506849307 380.39726027397256 458.2739726027397 387.0054794520548 521.0520547945206 book-spine 0
73.00000000000001 77 62.000000000000014 77 62.000000000000014 122 73.00000000000003 122 book-spine 0
231.94594594594594 507.67567567567573 222.6216216216216 451.7297297297297 206.4054054054054 454.4324324324324 215.72972972972974 510.37837837837844 book-spine 0
386 299 368 299 368 361 386 361 book-spine 0
442 140.00000000000006 428 140.00000000000006 428 194.00000000000006 442 194.00000000000006 book-spine 0
451.0000000000001 536 438.0000000000001 536 438.0000000000001 592 451.0000000000001 592 book-spine 0
572 39.00000000000007 560 39.00000000000007 560 91.00000000000006 572 91.00000000000006 book-spine 0
171.5223529411765 527.049411764706 162.86352941176474 520.0141176470589 125.33176470588239 566.2070588235295 133.99058823529418 573.2423529411765 book-spine 0
519 214.00000000000006 503 214.00000000000006 503 278.0000000000001 519 278.0000000000001 book-spine 0
423.0000000000001 535 410.0000000000001 535 410.0000000000001 590 423.0000000000001 590 book-spine 0
29.264624808575803 361.77090352220534 24.996324655436453 300.94762633996936 8.743032159264933 302.08820826952524 13.011332312404287 362.9114854517611 book-spine 0
497 44.00000000000006 484 44.00000000000006 484 96.00000000000006 497 96.00000000000006 book-spine 0
557 133.00000000000006 541 133.00000000000006 541 189.00000000000006 557 189.00000000000006 book-spine 0
103.00000000000006 450 84.00000000000006 450 84.00000000000006 506 103.00000000000006 506 book-spine 0
295 228.00000000000006 281 228.00000000000006 281 282 295 282 book-spine 0
296 59.00000000000004 284 59.00000000000003 284 109.00000000000003 296 109.00000000000003 book-spine 0
412 101.00000000000003 402.88176160842517 49.70990904739109 382.13738630923893 53.39779798946864 391.2556247008138 104.68788894207759 book-spine 0
251.7133105802048 578.5631399317406 245.31740614334473 524.19795221843 226.22866894197955 526.4436860068259 232.6245733788396 580.8088737201365 book-spine 0
582 461.0000000000001 568 461.0000000000001 568 528 582 528 book-spine 0
244.9758620689655 201.58965517241376 241.8965517241379 149.24137931034483 225.48275862068965 150.20689655172413 228.56206896551723 202.5551724137931 book-spine 0
524.0943396226415 376.1698113207548 506.7469478357381 375.591564927858 504.41842397336296 445.44728079911215 521.7658157602664 446.02552719200895 book-spine 0
481.0000000000001 459.0000000000001 466 459.0000000000001 466.0000000000001 523 481.0000000000001 523 book-spine 0
334.02039045553136 57.02125813449028 320.83861171366595 56.74663774403476 319.7939262472884 106.89154013015187 332.9757049891539 107.16616052060742 book-spine 0
194 58.00000000000003 180 58.00000000000003 180 113.00000000000003 194 113.00000000000003 book-spine 0
205 67.00000000000003 193 67.00000000000003 193 113.00000000000003 205 113.00000000000003 book-spine 0
223 59.00000000000003 206 59.00000000000003 206 114.00000000000003 223 114.00000000000003 book-spine 0
239 65.00000000000003 227 65.00000000000003 227 113.00000000000003 239 113.00000000000003 book-spine 0
429.00000000000006 458 414 458 414.00000000000006 521 429.0000000000001 521 book-spine 0
441.0000000000001 457 428 457 428.00000000000006 521 441.0000000000001 521 book-spine 0
424 373 412 373 412 446 424 446 book-spine 0
437 374 426 374 426 445 437 445 book-spine 0
450 374 437 374 437 447 450 447 book-spine 0
306.4884051829745 108.30987749861613 305.76165764350645 58.70930871089495 293.0403937974544 58.89570067020109 293.7671413369224 108.49626945792227 book-spine 0
321.904762 50.79365100000004 306.455026 50.79365100000004 306.455026 107.61904800000003 321.904762 107.61904800000003 book-spine 0
351.5525363702052 48.45772941845726 334.6784320577758 48.2592104301618 333.99723486789156 106.16093831089081 350.87133918032094 106.35945729918629 book-spine 0
375.7330909536882 104.5477037363901 373.9137957872116 53.607387497977285 359.9350271989224 54.10662872779109 361.754322365399 105.04694496620391 book-spine 0
183.10440575593196 115.01231028114893 178.30268703030168 66.9951284267789 168.68458198100683 67.95693903991207 173.4863007066371 115.9741208942821 book-spine 0
174.7512300046223 115.87279917863172 170.6151348942888 67.1013466883526 160.1762546584372 67.98662279345669 164.31234976877073 116.7580752837358 book-spine 0
164.25957570713294 116.25345503189598 159.88021909263975 68.44548057298039 147.26664645985068 69.60092238717533 151.64600307434387 117.40889684609093 book-spine 0
152.31176470588238 117.05294117647058 148.6823529411765 69.87058823529411 132.24117647058824 71.13529411764705 135.87058823529412 118.31764705882352 book-spine 0
600.7643402467967 210.0510139395622 591.1715944597452 209.8104435604054 589.5084321713856 276.12905306987193 599.1011779584371 276.3696234490287 book-spine 0
575.4700116961419 211.73463268772437 556.2122776553964 211.13046906465456 554.1650900030312 276.38463835811285 573.4228240437767 276.9888019811827 book-spine 0
554.497354 211.90476200000006 540.740741 211.90476200000006 540.740741 277.4603170000001 554.497354 277.4603170000001 book-spine 0
504.33966489355817 278.6268032576538 503.2371384514374 219.917349007359 489.42875848098504 220.1766616552908 490.53128492310583 278.88611590558565 book-spine 0
252.5321311121723 282.5569340935844 250.5075677399928 218.0239144258991 239.09023407865033 218.38210494073533 241.11479745082983 282.9151246084207 book-spine 0
241.37461532046382 283.1070764184893 239.099840692359 222.54119898941485 222.0198284986475 223.1827017635053 224.2946031267523 283.7485791925798 book-spine 0
192.1896498806655 282.41860754372277 188.91131560218537 230.29308910805966 176.59505383178464 231.0676967159336 179.87338811026478 283.19321515159675 book-spine 0
180.72727701470944 283.6626270593312 176.5488053371102 229.86480695236267 166.37746308704243 230.65481415768386 170.55593476464173 284.4526342646524 book-spine 0
187.16882315047877 203.56061427742128 183.35761063832126 146.5605755516518 169.9810696469438 147.45497565269378 173.79228215910126 204.45501437846326 book-spine 0
200.0181166089664 203.47101117224295 199.54746462681345 146.28673863291962 184.0948561344914 146.41392046969727 184.56550811664442 203.5981930090206 book-spine 0
174.44718482285705 203.97142170430928 170.91458906826114 153.39106677843955 160.8051708058067 154.09712129481693 164.33776656040263 204.67747622068663 book-spine 0
527.830688 39.365079000000065 518.306878 39.36507900000006 518.306878 94.44444400000006 527.830688 94.44444400000006 book-spine 0
582.0194739607102 36.669445046677616 571.2308182693967 36.62289210206863 570.9984695225031 90.46976798925299 581.7871252138167 90.51632093386196 book-spine 0
254.1494181942909 361.2745894921983 249.68985638375923 294.7332326532583 235.91003186134293 295.6567482248559 240.36959367187455 362.1981050637959 book-spine 0
263.5303858559465 360.5760570211882 260.2004966201284 298.4528233803484 250.40916039850197 298.9776522274295 253.73904963432005 361.1008858682693 book-spine 0
270.258438356226 361.1621161552886 266.6940117769976 298.33909874900803 259.6066168082937 298.7412204560977 263.1710433875221 361.56423786237826 book-spine 0
300.28603150150326 361.32731551894346 298.49422222129033 294.4704429953011 286.0110986856306 294.8049991262259 287.80290796584353 361.6618716498682 book-spine 0
357.0629915441699 361.98058818881356 355.063573184732 295.00007629672797 343.77930650884605 295.3369200939344 345.778724868284 362.31743198602 book-spine 0
409.95281753767824 362.37466232886925 409.7249643485883 293.1641861632944 396.6049812507814 293.2073794796139 396.8328344398714 362.41785564518875 book-spine 0
422.66909537568046 361.63584384942146 421.992214937165 296.4861392218457 409.9184822086745 296.61158067319985 410.59536264719 361.7612853007756 book-spine 0
444.13839291940303 361.6118132734676 442.9329760326845 294.0331419658904 432.9932949782539 294.21043842880954 434.19871186497244 361.7891097363867 book-spine 0
490.40261758327637 294.1366711074203 474.82695653676643 294.07800577588114 474.5722056695622 361.7144284257323 490.1478667160722 361.7730937572714 book-spine 0
504.550265 292.8571430000001 490.5820110000001 292.8571430000001 490.5820110000001 361.4285710000001 504.550265 361.4285710000001 book-spine 0
240.43979311360414 361.03572029815973 236.71110004401004 297.41488176817325 229.85054371606452 297.8169655731755 233.57923678565862 361.43780410316197 book-spine 0
234.8427970962882 361.0074220741534 230.7410736768567 296.0634715221623 219.19814452178872 296.7924986669812 223.2998679412202 361.7364492189723 book-spine 0
223.88043029797342 360.5140836053632 214.12449413543712 295.37535834036305 201.76989581693385 297.2257272571441 211.52583197947013 362.3644525221443 book-spine 0
211.59693341128053 361.48695712138016 204.03353939762502 297.13902184260655 194.9466082634744 298.20709093052346 202.5100022771299 362.555026209297 book-spine 0
202.4119790852646 360.74804248689276 195.4409793915449 298.18331677727105 183.72688909284147 299.48850782475466 190.69788878656112 362.0532335343763 book-spine 0
470.09818078484636 378.3870988264147 462.0749351170458 377.9370353821429 458.3727951080767 443.9347945127769 466.39604077587717 444.38485795704867 book-spine 0
383.843206867214 374.9405032928946 369.990154201672 374.84529295491984 369.52107517862123 443.09603703212105 383.37412784416324 443.1912473700959 book-spine 0
395.343915 373.174603 383.280423 373.174603 383.280423 444.920635 395.343915 444.920635 book-spine 0
340.21551117657236 443.1261983595504 338.10997396596736 383.1183911735262 328.55893735429277 383.45351528368394 330.66447456489783 443.4613224697081 book-spine 0
330.7986138277698 377.47820379949644 320.63945114641575 377.4424635970374 320.41334748996985 441.71249204221135 330.572510171324 441.7482322446704 book-spine 0
322.142695314236 441.81348699291743 320.1501821506462 376.5586845465935 310.7466148141818 376.84581638977124 312.7391279777716 442.1006188360951 book-spine 0
315.1390230860612 440.097677549083 310.7216909492208 376.15679267676956 300.33946282631496 376.87404502682546 304.75679496315536 440.8149298991389 book-spine 0
438.53721038871765 374.619743465693 427.3776080125672 374.1355004269185 424.339590586637 444.148001940626 435.49919296278745 444.6322449794004 book-spine 0
461.9282901444318 375.76235251166975 450.07756523987973 375.4072746925485 447.9852957959543 445.23678324231173 459.8360207005063 445.591861061433 book-spine 0
291.92335340126886 442.4002842522503 288.4309195298477 371.67850438545645 277.5618742083952 372.2152474100544 281.05430807981634 442.93702727684826 book-spine 0
281.086951850937 441.82193412414415 278.10677867719824 372.2535301309452 267.6773512988529 372.7003062233425 270.65752447259166 442.2687102165415 book-spine 0
272.4682267951395 441.5462479957538 268.468783811464 372.0104689585115 254.1147752893505 372.83605888453565 258.11421827302604 442.3718379217779 book-spine 0
258.56063309130803 440.377437530827 254.44158882418668 372.4131925264584 248.84406315710746 372.752436433421 252.96310742422884 440.71668143778965 book-spine 0
224.08140000220908 439.79405763369823 215.52787972009125 371.3658936927811 200.60887291696744 373.2307694972781 209.16239319908527 441.65893343819516 book-spine 0
429.8628394272634 520.4115655021678 426.32766568270824 456.42493787484347 411.17965677281404 457.2618446687511 414.7148305173692 521.2484722960754 book-spine 0
441.4832698370563 520.8610706659321 439.24407460947225 458.53680663304795 426.55507124893336 458.99269899228585 428.79426647651746 521.3169630251699 book-spine 0
497.8717471935033 459.1377579681461 481.17491435058366 458.34267067713364 478.027364698494 524.44121230872 494.7241975414136 525.2362995997324 book-spine 0
537.354497 459.68254000000013 524.656085 459.68254000000013 524.656085 525.714286 537.354497 525.714286 book-spine 0
151.9534829089634 451.6821215506325 135.43087699627497 450.02985991843946 129.80878743802873 506.2507200817565 146.33139335071715 507.90298171394954 book-spine 0
178.34410427200032 510.77862326729297 172.23407403257403 449.81114873614206 157.53849890538115 451.28390792624145 163.6485291448074 512.2513824573924 book-spine 0
165.99339245001352 509.86189810782156 156.21960134958272 449.38656047852504 142.83816146526445 451.5492172437341 152.61195256569525 512.0245548730306 book-spine 0
206.06113900943996 508.4115745426089 201.07707844437851 451.40639264785364 190.06575451693772 452.36913153459557 195.04981508199916 509.37431342935076 book-spine 0
215.19775591935348 509.4102481466341 206.7648165140431 452.4879084601032 198.34295597015557 453.7355915321218 206.77589537546595 510.6579312186527 book-spine 0
541.6340344647913 538.942886154837 525.3465462839771 538.5641071448892 523.9564411025638 598.3385960097332 540.243929283378 598.717375019681 book-spine 0
302.2426574154228 582.7246941715126 298.0272137647604 528.1874015888345 284.8188029996134 529.2083417319644 289.0342466502758 583.7456343146425 book-spine 0
290.17909818527687 582.0515519984004 286.5130873024513 527.061385291636 273.5337358031796 527.9266753370742 277.19974668600514 582.9168420438386 book-spine 0
278.4907873676141 581.0291710478419 272.1638193369908 526.1201271440527 257.29042155630776 527.8339342981166 263.61738958693104 582.7429782019058 book-spine 0
349.5227014867096 585.822419720574 347.8084696194827 532.0812463901452 335.15735913697324 532.4847905519293 336.87159100420024 586.2259638823581 book-spine 0
239.85015450082489 112.30608935379865 238.43849039474838 63.25075138454838 225.83882148529932 63.61333170881536 227.2504855913758 112.66866967806564 book-spine 0
239.80588235294118 577.4764705882353 235.75294117647059 524.7882352941177 218.54705882352943 526.1117647058824 222.60000000000002 578.8 book-spine 0
593.0165680473374 126.75976331360954 577.9846153846154 125.723076923077 573.7644970414201 186.91479289940838 588.7964497041421 187.9514792899409 book-spine 0
437.0000000000001 535 423.0000000000001 535 423.0000000000001 591 437.0000000000001 591 book-spine 0
374.43656207366985 516.8935879945429 369.8772169167803 455.3424283765348 357.8690313778991 456.23192360163716 362.4283765347885 517.7830832196453 book-spine 0
198.4864864864865 358.91891891891896 188.13513513513516 296.81081081081084 162.8378378378378 301.02702702702703 173.18918918918916 363.1351351351351 book-spine 0
160.4851485148515 282.8514851485149 155.11881188118812 229.18811881188122 143.83168316831683 230.31683168316835 149.1980198019802 283.980198019802 book-spine 0
27.02491349480969 286.94671280276816 25.67820069204153 235.77162629757788 14.685813148788931 236.06089965397925 16.032525951557094 287.23598615916956 book-spine 0
378.0789587852495 197.79002169197398 376.9310195227766 142.68893709327548 359.73015184381785 143.0472885032538 360.87809110629075 198.1483731019523 book-spine 0
89.56631407648494 571.9104963384866 86.58828315703826 519.7949552481692 74.45646867371848 520.4882017900732 77.43449959316517 572.6037428803905 book-spine 0