347.06581505137467 564.948903082477 345.9633435156901 498.80061094140507 325.73562899194667 499.1377395168008 326.83810052763124 565.2860316578727 book-spine 0
589 139.00000000000006 572 139.00000000000006 572 203.00000000000006 589 203.00000000000006 book-spine 0
413.00000000000006 405 358 405 358.00000000000006 484 413.0000000000001 484 book-spine 0
402.0000000000001 498 390.0000000000001 498 390.0000000000001 564 402.0000000000001 564 book-spine 0
453.00000000000006 412 439 412 439.00000000000006 475 453.0000000000001 475 book-spine 0
227.85989256938228 303.4829901521934 220.81647269471804 237.27484333034914 209.87645478961502 238.4386750223814 216.91987466427932 304.64682184422566 book-spine 0
155.532389380531 303.05415929203537 150.6969911504425 238.98513274336284 122.03008849557523 241.1486725663717 126.86548672566371 305.21769911504424 book-spine 0
190.71823204419894 395.64640883977904 186.44751381215474 314.50276243093924 175.89779005524866 315.0580110497238 180.16850828729287 396.2016574585636 book-spine 0
436 36.00000000000006 398 36.00000000000005 398 96.00000000000006 436 96.00000000000006 book-spine 0
377.0000000000001 498 358.0000000000001 498 358.0000000000001 565 377.0000000000001 565 book-spine 0
463 326 451 326 451 388 463 388 book-spine 0
48.00000000000007 580 28.00000000000007 580 28.000000000000075 639 48.00000000000008 639 book-spine 0
572.5172413793103 237.79310344827596 560.2068965517242 232.5172413793104 532.4310344827586 297.3275862068966 544.7413793103448 302.6034482758622 book-spine 0
444.88214537755823 235.64925899788292 427.28405081157376 233.98906139731835 420.9978828510939 300.6224417784051 438.59597741707836 302.2826393789697 book-spine 0
113.08275862068965 304.40689655172406 109.24827586206895 239.22068965517238 74.01724137931033 241.29310344827582 77.85172413793101 306.4793103448275 book-spine 0
417 141.00000000000006 407 141.00000000000006 407 206.00000000000006 417 206.00000000000006 book-spine 0
554.3207845618476 403.20721290730785 532.423916482126 401.2521354001899 525.3407149636191 480.58399240746604 547.2375830433408 482.53906991458405 book-spine 0
388 19.00000000000005 376 19.000000000000046 376 98.00000000000006 388 98.00000000000006 book-spine 0
100.93922651933703 304.8453038674033 97.53314917127072 240.1298342541437 79.79281767955803 241.06353591160223 83.19889502762433 305.7790055248619 book-spine 0
478.0832497492477 237.40320962888666 460.950852557673 234.08726178535608 448.445336008024 298.69909729187566 465.5777331995988 302.01504513540624 book-spine 0
638.4055536510114 17.10010284538918 591.4401782653412 16.230373671580455 590 94.00000000000007 636.9653753856702 94.86972917380879 book-spine 0
559.6150813208478 35.16067028092664 543.0699852143914 34.42533267619524 540.4066042385413 94.35140463282414 556.9517003449977 95.08674223755554 book-spine 0
222.4597949271452 208.88559093362116 219.4830005396654 144.88451160280624 210.5720453318942 145.2989746357258 213.54883971937397 209.30005396654076 book-spine 0
523.1341959334566 385.97818853974127 521.9548983364141 324.6547134935305 503.9807763401109 325.00036968576705 505.1600739371534 386.32384473197783 book-spine 0
616.1921397379914 234.5589519650656 593.3973799126638 231.5196506550219 584.7248908296943 296.5633187772927 607.5196506550219 299.60262008733633 book-spine 0
404.95671476137625 37.2985571587126 389.0410654827969 36.76803551609328 387.0033296337403 97.90011098779138 402.91897891231963 98.43063263041071 book-spine 0
425.2849858356941 236.0305949008499 409.2940509915014 235.6498583569405 407.74447592068 300.73201133144477 423.73541076487254 301.1127478753541 book-spine 0
282.0432931156849 393.4315117104329 277.6167494677076 315.2292405961675 256.2888573456352 316.43647977288856 260.71540099361255 394.63875088715395 book-spine 0
570 494.0000000000001 551 494.0000000000001 551 560 570 560 book-spine 0
245 38.00000000000003 222 38.00000000000003 222 101.00000000000003 245 101.00000000000003 book-spine 0
494.5632582322356 141.48180242634322 482.04332755632583 140.9601386481803 479.41767764298095 203.9757365684576 491.9376083188908 204.4974003466205 book-spine 0
453.0000000000001 496 440.0000000000001 496 440.0000000000001 559 453.0000000000001 559 book-spine 0
589.0329866270432 324.08677563150087 572.5206537890044 323.8020802377416 571.4662704309064 384.9563150074295 587.9786032689452 385.24101040118876 book-spine 0
331.6489655172413 391.11241379310337 313.54344827586203 316.67862068965513 301.0910344827586 319.7075862068965 319.19655172413786 394.14137931034475 book-spine 0
235.580589254766 207.93414211438474 232.90987868284225 143.83708838821488 218.72616984402077 144.4280762564991 221.3968804159445 208.52512998266894 book-spine 0
358.0000000000001 499 347.0000000000001 499 347.0000000000001 561 358.0000000000001 561 book-spine 0
359.33978763272955 563.5915053091817 357.741411617739 499.65646470955653 339.527795128045 500.1118051217989 341.1261711430356 564.046845721424 book-spine 0
508 142.00000000000006 493 142.00000000000006 493 204.00000000000006 508 204.00000000000006 book-spine 0
86.56 304.91999999999996 77.29999999999998 240.09999999999997 63.01999999999999 242.14 72.28 306.9599999999999 book-spine 0
302.64528301886793 302.84150943396224 299.81509433962265 237.74716981132073 284.10566037735845 238.43018867924528 286.93584905660373 303.52452830188673 book-spine 0
166 394 163.59711431742508 321.9134295227525 154.7402885682575 322.2086570477247 157.14317425083243 394.29522752497223 book-spine 0
262.1858407079646 99.787610619469 256.7345132743363 18.01769911504425 237.48672566371678 19.30088495575221 242.93805309734512 101.07079646017698 book-spine 0
185.4694117647059 303.53764705882355 178.7811764705882 238.88470588235296 165.09999999999997 240.30000000000004 171.78823529411767 304.9529411764706 book-spine 0
242.2307692307692 302.8461538461538 240.99999999999997 293 238.04615384615386 293.3692307692308 239.27692307692308 303.2153846153846 book-spine 0
440 325 412 325 412 387 440 387 book-spine 0
41.00000000000007 505 27.000000000000064 505 27.000000000000068 562 41.00000000000007 562 book-spine 0
384.8532110091744 388.84403669724776 363.0825688073395 316.2752293577982 349.1376146788991 320.4587155963303 370.9082568807339 393.02752293577987 book-spine 0
431 140.00000000000006 390 140.00000000000006 390 205.00000000000006 431 205.00000000000006 book-spine 0
547 577 534 577 534 633 547 633 book-spine 0
307.77049180327873 98.47540983606557 302.29508196721315 38.24590163934427 280.74590163934425 40.20491803278689 286.22131147540983 100.43442622950819 book-spine 0
113.0758620689655 304.28965517241375 109.24827586206895 239.22068965517238 76.42068965517241 241.15172413793096 80.24827586206895 306.2206896551724 book-spine 0
424 236.00000000000006 384 236.00000000000006 384 301 424 301 book-spine 0
376 10.000000000000044 356 10.000000000000043 356 99.00000000000006 376 99.00000000000006 book-spine 0
591.1600831600832 38.03742203742211 581.0415800415801 37.71101871101878 579.1975051975053 94.87733887733896 589.3160083160084 95.20374220374228 book-spine 0
466.0000000000001 404.00000000000006 453 404 453.00000000000006 481 466.0000000000001 481.0000000000001 book-spine 0
411.7817679558011 237.14640883977904 396.2458563535911 236.32872928176798 392.8453038674033 300.939226519337 408.38121546961327 301.75690607734805 book-spine 0
214 207.99999999999997 210.49274884640738 143.70039551746868 196.5886618325643 144.4588002636783 200.0959129861569 208.7584047462096 book-spine 0
529 325.0000000000001 506 325.0000000000001 506 386.0000000000001 529 386.0000000000001 book-spine 0
352.9467248908297 388.2995633187773 327.7379912663755 314.96506550218345 309.40436681222707 321.267248908297 334.6131004366812 394.60174672489086 book-spine 0
366 238.00000000000006 357 238.00000000000006 357 302 366 302 book-spine 0
15.000000000000064 498 6.104864293749556e-14 498 6.508997737468182e-14 564 15.000000000000068 564 book-spine 0
319.0327686753679 302.9661205220772 317.94640377672863 237.78422660372115 299.98472646487085 238.0835878922521 301.0710913635101 303.26548181060815 book-spine 0
537 495.0000000000001 517 495.0000000000001 517 561 537 561 book-spine 0
396.52941176470586 387.11764705882354 380.9411764705882 324.7647058823529 367.5294117647058 328.11764705882354 383.1176470588235 390.47058823529414 book-spine 0
262 144.00000000000006 247 144.00000000000006 247 208.00000000000006 262 208.00000000000006 book-spine 0
138.8529411764706 208.91176470588235 135.9004524886878 146.90950226244343 121.64705882352942 147.58823529411762 124.59954751131222 209.59049773755657 book-spine 0
57.00000000000007 580 31.00000000000007 580 31.000000000000078 639 57.000000000000085 639 book-spine 0
599 402.0000000000001 574 402.0000000000001 574 479.0000000000001 599 479.0000000000001 book-spine 0
335.00000000000006 407 315 407 315.00000000000006 485 335.0000000000001 485 book-spine 0
501 36.00000000000006 485 36.00000000000006 485 96.00000000000006 501 96.00000000000006 book-spine 0
565.6573176950536 403.41560428352886 554.6629270780215 402.16624171341164 546.1213666496686 477.33197348291696 557.1157572667007 478.5813360530342 book-spine 0
541 34.00000000000007 522 34.000000000000064 522 95.00000000000006 541 95.00000000000006 book-spine 0
445.0534080849809 405.78046621422243 433.41575686043086 404.7772204190027 426.8607258778401 480.8155798170552 438.4983771023901 481.818825612275 book-spine 0
560 325.0000000000001 543 325.0000000000001 543 386.0000000000001 560 386.0000000000001 book-spine 0
200.38858988159313 208.9031216361679 195.84176533907427 143.73196986006457 186.58449946178683 144.37782561894508 191.1313240043057 209.54897739504844 book-spine 0
98.21764705882353 304.8294117647059 93.21176470588236 239.75294117647059 66.21764705882353 241.8294117647059 71.2235294117647 306.9058823529412 book-spine 0
233.82642019837698 302.9472497745717 229.70919747520293 238.44409377817863 219.77096483318306 239.07844905320115 223.88818755635708 303.5816050495942 book-spine 0
311 391 303.3762376237624 314.7623762376237 275.7524752475248 317.52475247524745 283.3762376237624 393.7623762376238 book-spine 0
419.0000000000001 498 401.0000000000001 498 401.0000000000001 564 419.0000000000001 564 book-spine 0
534 577 510.0000000000001 577 510.0000000000001 633 534 633 book-spine 0
28.060487804878044 562.9356097560975 25.962926829268294 495.8136585365854 12.788292682926834 496.2253658536585 14.885853658536583 563.3473170731708 book-spine 0
326.0175326745298 205.98182977366912 324.88874721071085 142.7698437998087 308.5189671660822 143.06216130060565 309.6477526299011 206.27414727446603 book-spine 0
231.25850556438792 391.82543720190773 227.920826709062 329.5220985691574 214.03211446740858 330.26613672496023 217.3697933227345 392.56947535771064 book-spine 0
250.64665757162345 207.72987721691678 245.90995907230558 143.78444747612554 230.80763983628918 144.90313778990452 235.5443383356071 208.8485675306958 book-spine 0
336 143.00000000000006 326 143.00000000000006 326 207.00000000000006 336 207.00000000000006 book-spine 0
300.00000000000006 407 282 407 282.00000000000006 485 300.0000000000001 485 book-spine 0
379 141.00000000000006 321 141.00000000000006 321 207.00000000000006 379 207.00000000000006 book-spine 0
181.7502958579882 394.87928994082836 176.5360946745562 319.27337278106506 162.46508875739642 320.2437869822485 167.67928994082837 395.8497041420118 book-spine 0
373.4379562043796 388.20437956204387 345.78832116788317 312.1678832116788 329.24817518248176 318.1824817518248 356.8978102189782 394.21897810218985 book-spine 0
172.06127320954914 208.53395225464192 164.70848806366052 144.45968169761272 145.95543766578254 146.61167108753315 153.30822281167113 210.68594164456232 book-spine 0
261.2763086886131 391.94063680518076 258.1538046411225 324.80679978413383 248.73232595790608 325.24500809498113 251.85483000539665 392.37884511602806 book-spine 0
526.5874378671487 203.8047898779937 523.8933574333485 140.4938996836873 507.39132399457753 141.19611387257115 510.0854044283778 204.50700406687756 book-spine 0
633.5046132008517 139.08516678495397 620.3768630234209 138.34208658623146 616.8062455642299 201.4229950319376 629.9339957416607 202.16607523066014 book-spine 0
425 37.00000000000005 404 37.00000000000004 404 98.00000000000006 425 98.00000000000006 book-spine 0
156.60588235294117 303.87647058823535 151.61176470588236 238.95294117647057 122.85882352941175 241.16470588235296 127.85294117647058 306.0882352941177 book-spine 0
251.746192893401 393.4467005076142 246.39593908629445 318.54314720812175 226.07106598984768 319.99492385786795 231.42131979695426 394.8984771573604 book-spine 0
522 578 504.0000000000001 578 504.0000000000001 632 522 632 book-spine 0
35.000000000000064 498 6.386533057553447e-14 498 6.790666501272073e-14 564 35.00000000000007 564 book-spine 0
350 239.00000000000006 335 239.00000000000006 335 302 350 302 book-spine 0
552.6718457005092 238.2593088668632 517.9190999196358 224.84596839003487 491.12188588266815 294.2751138494509 525.8746316635415 307.6884543262792 book-spine 0
504 325.0000000000001 490 325.0000000000001 490 386.0000000000001 504 386.0000000000001 book-spine 0
11.000000000000053 411 5.0332983444956215e-14 411 5.4558014902014584e-14 480 11.00000000000006 480 book-spine 0
438.6615265998458 35.18504240555133 422.28527370855824 34.73014649190445 420.5659213569777 96.62683114880497 436.94217424826525 97.08172706245188 book-spine 0
217.79999999999995 303.59999999999997 210.8410958904109 237.49041095890408 199.44109589041093 238.6904109589041 206.39999999999998 304.79999999999995 book-spine 0
390.62001627339293 204.85028478437755 387.1228641171684 143.65012205044752 376.8991049633849 144.23433685923516 380.39625711960946 205.43449959316519 book-spine 0
268.3066298342542 302.82596685082876 264.88674033149175 237.8480662983426 250.5580110497238 238.60220994475142 253.97790055248623 303.5801104972376 book-spine 0
202.6407643312102 394.9414012738854 199.8802547770701 317.6471337579618 186.29044585987262 318.1324840764331 189.05095541401272 395.4267515923567 book-spine 0
468 142.00000000000006 457 142.00000000000006 457 205.00000000000006 468 205.00000000000006 book-spine 0
474 21.000000000000057 459 21.000000000000057 459 96.00000000000006 474 96.00000000000006 book-spine 0
524 141.00000000000006 493 141.00000000000006 493 204.00000000000006 524 204.00000000000006 book-spine 0
513 578 476.0000000000001 578 476.0000000000001 633 513 633 book-spine 0
475 317.00000000000006 463 317 463 389.00000000000006 475 389.0000000000001 book-spine 0
335 238.00000000000006 319 238.00000000000006 319 302 335 302 book-spine 0
391.0000000000001 21.000000000000046 377 21.000000000000043 377 566 391.0000000000001 566 book-spine 0
153.1507692307692 209.71384615384613 149.58153846153843 145.4676923076923 135.7907692307692 146.23384615384614 139.35999999999999 210.48 book-spine 0
461.0336013785181 35.01751866743257 450.578977599081 34.84032165422177 449.52757036186097 96.87334865020108 459.98219414129807 97.05054566341188 book-spine 0
289.7862385321101 206.94587155963305 287.86788990825687 143.64036697247707 274.0018348623853 144.0605504587156 275.9201834862385 207.36605504587158 book-spine 0
262.05985037406487 207.19700748129674 258.852867830424 143.0573566084788 216.95760598503742 145.15211970074816 220.1645885286783 209.2917705735661 book-spine 0
354.29153046062413 407.09123328380394 337.0208023774146 406.7934621099555 335.7078751857356 482.94323922734037 352.9786032689451 483.2410104011888 book-spine 0
391 143.00000000000006 378 143.00000000000006 378 206.00000000000006 391 206.00000000000006 book-spine 0
355 406 336 406 336.0000000000001 483 355.00000000000006 483 book-spine 0
208.00136008160484 303.8146888813328 201.93199591975517 238.265555933356 191.46616797007823 239.23461407684465 197.53553213192794 304.7837470248214 book-spine 0
621.258883248731 139.37563451776657 605.2690355329948 138.23350253807112 600.7664974619289 201.26903553299502 616.756345177665 202.41116751269044 book-spine 0
125.95225102319236 304.8553888130969 121.12005457025921 239.62073669849931 108.85402455661662 240.5293315143247 113.68622100954978 305.7639836289223 book-spine 0
30.570135746606333 637.9728506787329 27.88235294117647 581.5294117647059 16.85972850678733 582.0542986425339 19.547511312217193 638.497737556561 book-spine 0
77.00000000000003 146 61.000000000000014 146 61.00000000000002 210 77.00000000000003 210 book-spine 0
604.2703639514731 140.51126516464478 590.0450606585789 139.9185441941075 587.4610051993068 201.93587521663787 601.686308492201 202.5285961871751 book-spine 0
586 494.0000000000001 570 494.0000000000001 570 560 586 560 book-spine 0
451 320 440 320 440 389 451 389 book-spine 0
441.0000000000001 497 435.0000000000001 497 435.0000000000001 561 441.0000000000001 561 book-spine 0
559.7401247401247 238.13305613305616 550.8004158004157 234.11018711018713 522.7525987525987 296.4386694386694 531.6923076923076 300.46153846153845 book-spine 0
400.28911723493695 387.8598785614199 393.6683792620271 326.9490892106493 382.5819710415693 328.15413358243813 389.2027090144792 389.0649229332088 book-spine 0
302.018853974122 98.9804066543438 300.8584103512015 38.637338262476895 280.788909426987 39.02329020332717 281.94935304990753 99.36635859519407 book-spine 0
538 242.00000000000006 529.5 233.50000000000006 467 296.0000000000001 475.5 304.5000000000001 book-spine 0
12.942643391521202 638.852867830424 10.082294264339161 581.6458852867831 -0.3416458852867734 582.1670822942644 2.518703241895267 639.3740648379053 book-spine 0
568 35.00000000000007 557 35.00000000000007 557 95.00000000000006 568 95.00000000000006 book-spine 0
434.3278688524591 407.39344262295094 416.6557377049181 405.7868852459018 409.74590163934437 481.79508196721326 427.41803278688536 483.40163934426243 book-spine 0
281 274 270 274 270 284 281 284 book-spine 0
321 99.00000000000003 319.24338394793926 14.682429501084597 299.54360086767895 15.092841648590017 301.3002169197397 99.41041214750543 book-spine 0
603.7286277948268 235.32573432704962 584.5133713283648 228.49364313897422 560.7904427882507 295.2143796580448 580.0056992547128 302.0464708461202 book-spine 0
562.0195921631348 576.0203918432628 547.5053978408638 575.7301079568174 546.3642542982808 632.7872850859657 560.8784486205518 633.0775689724111 book-spine 0
552 493.0000000000001 537 493.0000000000001 537 562 552 562 book-spine 0
480.31780821917823 404.4191780821919 467.5945205479452 403.9479452054795 464.7438356164384 480.91643835616446 477.4671232876713 481.38767123287676 book-spine 0
575 576 548 576 548 633 575 633 book-spine 0
500.0000000000001 495.0000000000001 472.0000000000001 495.0000000000001 472.0000000000001 561 500.0000000000001 561 book-spine 0
347 142.00000000000006 336 142.00000000000006 336 207.00000000000006 347 207.00000000000006 book-spine 0
216.01729438893162 392.8820138355112 214.82052267486552 331.8466564181399 199.86548808608762 332.1398923904689 201.06225980015375 393.17524980784015 book-spine 0
395.28143213988346 238.20982514571193 382.20524562864284 237.94296419650294 380.91881765195683 300.97793505412164 393.99500416319734 301.24479600333063 book-spine 0
572 141.00000000000006 560 141.00000000000006 560 203.00000000000006 572 203.00000000000006 book-spine 0
493.14645003338524 407.09392388159364 480.5010015579791 406.7164478077009 478.2851101713777 480.94880925884706 490.9305586467839 481.3262853327399 book-spine 0
381 238.00000000000006 367 238.00000000000006 367 302 381 302 book-spine 0
629.0481144343303 14.016905071521531 606.3282184655395 13.65045513654103 605.037191157347 93.69414824447341 627.7570871261378 94.0605981794539 book-spine 0
282.15999999999997 98.88 278.7415384615384 37.347692307692306 258.3046153846154 38.48307692307692 261.7230769230769 100.01538461538462 book-spine 0
416.2757396449705 405.501775147929 401.17514792899397 404.4603550295858 395.8165680473372 482.15976331360946 410.91715976331363 483.2011834319526 book-spine 0
126.50112359550563 209.76179775280897 120.4426966292135 146.14831460674156 99.2067415730337 148.17078651685392 105.26516853932584 211.78426966292133 book-spine 0
400 405 391.0000000000001 405 391.0000000000001 481 400.00000000000006 481 book-spine 0
413.90588235294115 387.7764705882354 409.17647058823536 326.2941176470589 391.74117647058824 327.63529411764705 396.47058823529414 389.11764705882365 book-spine 0
445.8697247706423 141.29908256880742 430.88348623853216 140.84495412844043 428.9431192660551 204.87706422018357 443.9293577981652 205.33119266055053 book-spine 0
474.0000000000001 496.0000000000001 454.0000000000001 496 454.0000000000001 562 474.0000000000001 562 book-spine 0
591 37.00000000000007 569 37.00000000000007 569 94.00000000000007 591 94.00000000000009 book-spine 0
513.6705882352942 404.28235294117655 494.55294117647065 402.8117647058824 488.57647058823534 480.5058823529413 507.6941176470589 481.97647058823543 book-spine 0
452 36.00000000000006 436 36.00000000000006 436 96.00000000000006 452 96.00000000000006 book-spine 0
273.9640883977901 482.31767955801104 270.06353591160223 408.20718232044203 250.85359116022101 409.21823204419894 254.75414364640886 483.328729281768 book-spine 0
407 142.00000000000006 391 142.00000000000006 391 206.00000000000006 407 206.00000000000006 book-spine 0
559 141.00000000000006 544 141.00000000000006 544 203.00000000000006 559 203.00000000000006 book-spine 0
486 316.0000000000001 474 316.0000000000001 474 389.0000000000001 486 389.0000000000001 book-spine 0
437.0000000000001 497 419.0000000000001 497 419.0000000000001 563 437.0000000000001 563 book-spine 0
527 325.0000000000001 508 325.0000000000001 508 386.0000000000001 527 386.0000000000001 book-spine 0
522 38.00000000000006 500 38.00000000000006 500 96.00000000000006 522 96.00000000000006 book-spine 0
571.939024390244 237.4512195121952 549.3243902439025 229.119512195122 524.3121951219512 297.0097560975611 546.9268292682926 305.34146341463423 book-spine 0
86.00000000000003 241 76.00000000000003 241 76.00000000000003 304 86.00000000000003 304 book-spine 0
285.0227027027027 302.9762162162162 283.5027027027027 237.61621621621623 265.97729729729724 238.0237837837838 267.4972972972972 303.38378378378377 book-spine 0
343 36.00000000000004 331 36.00000000000004 331 99.00000000000003 343 99.00000000000003 book-spine 0
327.57339163023113 563.9356652092442 325.9687695190506 499.7507807620238 315.97501561524047 500.00062460961897 317.57963772642097 564.1855090568395 book-spine 0
619.8422818791947 234.56040268456383 598.7919463087248 230.84563758389265 587.234899328859 296.3355704697987 608.2852348993289 300.0503355704699 book-spine 0
276.06659783169846 207.9303045947341 274.61073825503354 143.8724832214765 260.86783686112545 144.18482188951987 262.3236964377904 208.2426432627775 book-spine 0
544 325.0000000000001 526 325.0000000000001 526 386.0000000000001 544 386.0000000000001 book-spine 0
517 494.0000000000001 500.0000000000001 494.0000000000001 500.0000000000001 562 517 562 book-spine 0
285.016793282687 482.83966413434626 283.5353858456618 408.76929228308666 269.8208716513395 409.04358256697316 271.3022790883647 483.1139544182327 book-spine 0
358.0231105559027 97.92442223610244 355.94191130543425 14.676452217364151 340.4515927545285 15.063710181136793 342.53279200499696 98.31168019987508 book-spine 0
303.5534564220861 207.66864420982972 301.51667609153833 142.83110583251093 286.6965406575139 143.29665960126155 288.7333209880616 208.13419797858035 book-spine 0
363.3061397593366 206.60150934253167 361.3909176215861 140.52635803309698 345.91737587915406 140.97486657386034 347.8325980169045 207.05001788329503 book-spine 0
545.2504030986745 138.82032477688605 527.2537301831413 138.3079640955728 525.4064978879636 203.19201282880996 543.4031708034968 203.70437351012325 book-spine 0
486.560847 35.87301600000006 471.32275100000004 35.87301600000006 471.32275100000004 96.98412700000006 486.560847 96.98412700000006 book-spine 0
604.4407785639472 324.59510005377797 589.6923393867165 324.04203410727973 587.3982462010993 385.21791020161595 602.14668537833 385.7709761481142 book-spine 0
531.1669338235342 403.08331204242336 514.5947985272218 401.925433616668 509.0541682440387 481.22570611276524 525.6263035403513 482.3835845385206 book-spine 0
393.081661550169 405.4587311014142 376.0605744701247 404.97586348800917 373.8452613240306 483.0656688972821 390.86634840407487 483.54853651068703 book-spine 0
315.1003633140546 482.84093108961247 313.6060017501574 407.74918718787706 299.9400876170793 408.02114540531716 301.4344491809765 483.1128893070527 book-spine 0