373.5624620982413 561.580048514251 365.4120679199514 495.212553062462 344.49939357186173 497.780776228017 352.64978775015163 564.1482716798058 book-spine 0
574.8686390532545 176.59526627218935 570.4331360946746 112.28047337278107 552.7585798816568 113.49940828402367 557.1940828402367 177.81420118343195 book-spine 0
392.5068493150685 477.31506849315065 384.3424657534247 399.7534246575342 366.8 401.59999999999997 374.96438356164384 479.1616438356164 book-spine 0
428.48905109489056 554.905109489051 420.84233576642333 488.6335766423356 408.0510948905109 490.1094890510948 415.69781021897813 556.3810218978102 book-spine 0
467.2952512044046 460.7398485891259 462.3750860289057 398.417756366139 450.21403991741226 399.3778389538885 455.13420509291115 461.6999311768754 book-spine 0
227.54376657824935 313.83289124668437 213.920424403183 249.1220159151194 202.42970822281166 251.54111405835545 216.053050397878 316.2519893899205 book-spine 0
155.22818791946312 320.9597315436242 144.01342281879198 257.40939597315435 115.14765100671141 262.503355704698 126.36241610738256 326.0536912751678 book-spine 0
200.15675675675675 409.65945945945947 187.34594594594594 328.5243243243243 176.3567567567568 330.25945945945944 189.16756756756757 411.39459459459465 book-spine 0
417.1538461538462 84.76923076923077 405.3461538461539 25.73076923076924 368.2307692307693 33.15384615384616 380.03846153846155 92.1923076923077 book-spine 0
403.49526813880124 558.4605678233439 395.3990536277603 490.9921135646689 375.8406940063091 493.33911671924295 383.9369085173501 560.8075709779181 book-spine 0
470.25753424657535 373.44657534246574 463.69315068493154 311.08493150684933 450.88767123287664 312.4328767123288 457.45205479452056 374.79452054794524 book-spine 0
79 639 73.83783783783784 608.0270270270271 56.32432432432432 610.9459459459459 61.48648648648647 641.9189189189188 book-spine 0
562.8899082568809 212.3669724770643 549.6788990825688 208.4036697247707 529.5321100917431 275.559633027523 542.7431192660551 279.52293577981663 book-spine 0
437.0833846153846 290.75292307692314 435.9076923076923 223.73846153846154 417.73784615384614 224.05723076923078 418.91353846153845 291.07169230769233 book-spine 0
113.2371294851794 326.4820592823713 102.94695787831512 262.1684867394696 67.68954758190327 267.8096723868955 77.97971918876756 332.12324492979724 book-spine 0
405.4495770982433 197.13337670787246 398.7508132726089 131.82042940793752 387.839947950553 132.93949251789198 394.53871177618737 198.2524398178269 book-spine 0
563.5344902386117 458.6555314533622 561.8737527114968 378.9401301518438 539.9041214750542 379.39783080260304 541.5648590021692 459.11323210412144 book-spine 0
365.0693069306931 92.6930693069307 357.1881188118812 13.881188118811885 344.41584158415844 15.158415841584159 352.29702970297024 93.97029702970298 book-spine 0
100.64324324324323 327.74054054054056 90.6054054054054 264.1675675675676 73.35135135135135 266.8918918918919 83.38918918918918 330.46486486486486 book-spine 0
469.4704743465634 221.9816069699904 451.44143272023234 220.29138431752185 445.33978702807354 285.3756050338819 463.36882865440464 287.0658276863505 book-spine 0
612.1519313304722 63.72188841201719 606.3399141630902 -2.1476394849785407 558.9733905579398 2.031759656652369 564.7854077253218 67.9012875536481 book-spine 0
533.1011673151751 72.61867704280155 529.295719844358 11.731517509727624 511.73929961089493 12.82879377431906 515.5447470817121 73.715953307393 book-spine 0
212.3378378378378 220.47297297297297 202.18648648648644 156.18108108108106 192.99459459459456 157.6324324324324 203.14594594594593 221.92432432432435 book-spine 0
529.8923076923078 365.13846153846146 522.2153846153847 303.723076923077 503.38461538461536 306.0769230769231 511.0615384615385 367.49230769230763 book-spine 0
606.6905660377361 205.11698113207558 584.2981132075472 204.14339622641518 581.4415094339622 269.84528301886803 603.8339622641511 270.81886792452843 book-spine 0
380.36066644887296 91.3061091146684 373.67853642600465 30.05325057170859 358.531525645214 31.70565174779484 365.2136556680823 92.95851029075465 book-spine 0
422.0095497953615 290.62892223738066 417.193724420191 225.61527967257845 400.83901773533427 226.82673942701228 405.65484311050477 291.8403819918145 book-spine 0
290.9647058823529 397.4588235294117 277.78235294117644 319.8294117647058 256.05051903114185 323.51972318339097 269.2328719723183 401.14913494809684 book-spine 0
594.5544554455447 533.5445544554456 587.930693069307 467.30693069306926 568.128712871287 469.28712871287127 574.7524752475247 535.5247524752476 book-spine 0
224.42489270386264 109.1845493562232 209.7896995708154 47.7167381974249 191.04291845493555 52.18025751072963 205.6781115879828 113.64806866952793 book-spine 0
479.87455621301774 187.18106508875738 475.53136094674556 124.20473372781063 462.592899408284 125.09704142011833 466.93609467455616 188.07337278106507 book-spine 0
478.0784759738413 544.7716804094399 471.6468581177139 481.5274381575207 457.92436735854415 482.9229456923515 464.3559852146716 546.1671879442707 book-spine 0
594.1454319453077 357.9390926041019 589.5102548166564 296.1367308887508 572.4313238036046 297.41765071472963 577.066500932256 359.22001243008077 book-spine 0
338 317 303 317 303 394 338 394 book-spine 0
225.1124694376528 218.08312958435206 215.51833740831296 154.12224938875306 200.84841075794623 156.32273838630806 210.44254278728607 220.28361858190706 book-spine 0
384.0609756097561 556.548780487805 377.109756097561 493.9878048780488 365.25609756097566 495.3048780487805 372.20731707317077 557.8658536585366 book-spine 0
384.3041095890411 559.3890410958904 377.58082191780824 495.5178082191781 359.0493150684932 497.46849315068505 365.77260273972604 561.3397260273972 book-spine 0
495.22701688555344 186.1106941838649 489.7973733583489 123.66979362101313 474.780487804878 124.97560975609755 480.2101313320826 187.41651031894932 book-spine 0
84.6 331.2 75.29999999999998 266.1 61.01999999999998 268.14 70.32000000000001 333.24 book-spine 0
301.8507528786537 305.42648361381754 292.25907883082374 241.02524357838797 276.0859167404783 243.4340124003543 285.67759078830824 307.83525243578384 book-spine 0
176.74594594594595 409.72432432432436 165.5162162162162 338.6027027027027 155.75945945945944 340.1432432432432 166.98918918918918 411.2648648648649 book-spine 0
240.13404077073443 107.79084054733315 226.3669366098855 26.56492599832449 206.71125383970957 29.89639765428651 220.4783580005585 111.12231220329517 book-spine 0
185.12682926829268 318.2585365853659 171.44390243902444 254.40487804878052 157.99024390243903 257.28780487804886 171.67317073170733 321.1414634146342 book-spine 0
198.1153846153846 316.5769230769231 185.38461538461542 252.9230769230769 170.19230769230768 255.96153846153845 182.9230769230769 319.61538461538464 book-spine 0
448.33846153846144 374.7076923076923 440.55384615384605 312.4307692307692 412.36923076923074 315.9538461538461 420.15384615384613 378.23076923076917 book-spine 0
68.98780487804878 589.8902439024391 62.69512195121949 533.2560975609756 47.8780487804878 534.9024390243902 54.17073170731708 591.5365853658537 book-spine 0
392.94827586206895 381.87931034482756 363.25862068965523 312.6034482758621 349.5 318.5 379.18965517241384 387.7758620689656 book-spine 0
419.04615384615386 194.36923076923074 410.9538461538461 129.6307692307692 369.84615384615375 134.76923076923075 377.93846153846147 199.50769230769228 book-spine 0
578.1685723619732 608.5452466514212 572 552 559.7278667102255 553.3387781770664 565.8964390721987 609.8840248284876 book-spine 0
284.29230769230776 102.33846153846153 276.78461538461545 42.276923076923076 254.6307692307692 45.04615384615385 262.1384615384615 105.1076923076923 book-spine 0
113.2371294851794 326.4820592823713 102.94695787831512 262.1684867394696 69.75663026521059 267.47893915756634 80.04680187207487 331.79251170046814 book-spine 0
424.7194630872484 288.85637583892617 415.3342281879195 225.50604026845636 374.2724832214765 231.58926174496642 383.6577181208053 294.93959731543623 book-spine 0
354.1076923076923 93.86153846153846 343.1076923076922 5.8615384615384585 323.41538461538454 8.323076923076925 334.4153846153846 96.32307692307693 book-spine 0
565.2798092209856 68.49761526232113 560.7551669316375 11.939586645469 549.5468998410174 12.836248012718606 554.0715421303655 69.39427662957074 book-spine 0
483.0246575342466 465.73424657534247 474.9260273972603 388.7972602739727 461.0794520547945 390.254794520548 469.1780821917808 467.1917808219178 book-spine 0
406.14211438474865 293.41074523396884 403.4402079722703 228.5649913344887 387.5511265164645 229.2270363951473 390.2530329289428 294.0727902946274 book-spine 0
204.15794104707436 219.80290365156182 193.3141223053234 156.09546854377473 178.157501099868 158.67531896172457 189.001319841619 222.3827540695117 book-spine 0
535.654794520548 364.72054794520545 529.2 303.40000000000003 505.5150684931506 305.8931506849315 511.9698630136986 367.21369863013695 book-spine 0
362.15517241379314 384.3620689655172 331.6896551724137 313.2758620689655 311.5344827586207 321.91379310344826 342 393 book-spine 0
364.79218548733354 297.60498067840274 358.1434091884929 233.77672820953197 348.23014169171313 234.80936024044652 354.8789179905539 298.6376127093173 book-spine 0
43.15853658536584 595.4268292682926 35.76829268292683 528.9146341463414 20.07317073170732 530.6585365853658 27.46341463414634 597.170731707317 book-spine 0
317.78394160583935 303.7941605839416 310.24671532846713 238.47153284671532 291.49635036496346 240.63503649635035 299.0335766423357 305.9576642335767 book-spine 0
561.3360655737705 537.6967213114752 555.311475409836 471.4262295081967 534.3032786885246 473.3360655737705 540.327868852459 539.6065573770491 book-spine 0
402.13641618497104 380.31329479768783 382.43005780346823 319.0046242774567 368.5109826589595 323.4786127167631 388.2173410404624 384.7872832369942 book-spine 0
251.93846153846155 215.5076923076923 243.86153846153846 150.8923076923077 228.6 152.8 236.6769230769231 217.4153846153846 book-spine 0
128.48 229.36 119.56 166.92000000000002 104.85999999999999 169.02000000000004 113.77999999999997 231.46000000000004 book-spine 0
89.00000000000009 609 61.00000000000007 609 61.00000000000008 639 89.00000000000009 639 book-spine 0
613.3475567790778 449.7357192016517 607.2505161734342 372.5065381968341 581.333103922918 374.5526496902959 587.4301445285615 451.7818306951135 book-spine 0
353.53622851834655 483.0949837436136 342.7136553646076 404.93195541105433 322.51625638643753 407.7285183464933 333.33882954017656 485.89154667905257 book-spine 0
478 19.000000000000057 454 19.000000000000057 454 81.00000000000006 478 81.00000000000006 book-spine 0
573 378.0000000000001 562 378.0000000000001 562 454.0000000000001 573 454.0000000000001 book-spine 0
517.2188235294118 74.11529411764705 510.84117647058827 12.464705882352945 491.05294117647065 14.511764705882364 497.43058823529407 76.16235294117647 book-spine 0
455 392 443 392 443.00000000000006 469 455.00000000000006 469 book-spine 0
565.5717647058824 361.5270588235295 559.2011764705883 299.944705882353 543.404705882353 301.5788235294118 549.7752941176471 363.16117647058826 book-spine 0
190.49196538936954 222.55500618046972 179.01483312731762 158.283065512979 168.94313967861558 160.08158220024723 180.42027194066748 224.35352286773798 book-spine 0
98.80394922425953 327.8208744710861 86.73413258110014 264.02327221438645 59.492947813822276 269.1770098730606 71.56276445698165 332.97461212976026 book-spine 0
233.59208899876387 312.7156983930779 222.13349814585905 248.54758961681088 211.81953028430158 250.389369592089 223.27812113720637 314.557478368356 book-spine 0
319.2247191011236 391.64044943820227 302.0337078651685 317.1460674157303 274.71910112359546 323.44943820224717 291.91011235955057 397.94382022471905 book-spine 0
444.96000000000004 553.28 438.06705882352946 486.6482352941177 419.84823529411767 488.5329411764706 426.74117647058824 555.164705882353 book-spine 0
566.2871287128713 609.8712871287129 560.6237623762377 553.2376237623762 535.8712871287129 555.7128712871287 541.5346534653465 612.3465346534654 book-spine 0
55.66277712952159 592.8051341890315 46.48191365227541 526.2438739789966 32.91248541423573 528.115519253209 42.09334889148191 594.6767794632439 book-spine 0
315.5717360114778 206.03084648493547 307.0853658536586 143.2317073170732 290.28407460545196 145.50215208034433 298.7704447632712 208.3012912482066 book-spine 0
239.84366062917064 401.39942802669214 230.14871306005722 339.35176358436604 216.08579599618685 341.5490943755958 225.78074356530027 403.59675881792185 book-spine 0
240.01359703337448 215.67614338689742 228.62917181705808 151.92336217552534 213.12360939431392 154.69221260815823 224.50803461063038 218.4449938195303 book-spine 0
325.13114754098365 206.55737704918036 318.24968474148807 142.33039092055486 307.4098360655738 143.49180327868854 314.2912988650694 207.71878940731403 book-spine 0
318.00000000000006 409 292 409 292.00000000000006 488 318.0000000000001 488 book-spine 0
367 136.00000000000006 302 136.00000000000006 302 208.00000000000006 367 208.00000000000006 book-spine 0
190.89999999999998 409.70000000000005 179.01351351351352 334.41891891891896 164.3783783783784 336.7297297297297 176.26486486486488 412.0108108108109 book-spine 0
381.19553666312436 383.0329436769395 345.71944739638684 310.21360255047824 329.43145589798087 318.1487778958555 364.9075451647184 390.9681190223168 book-spine 0
161.26525198938992 225.25994694960212 147.93899204244033 161.9602122015915 129.946949602122 165.74801061007958 143.27320954907162 229.0477453580902 book-spine 0
269.8141809290953 398.4278728606357 259.7652811735941 331.4352078239608 249.3007334963325 333.0048899755501 259.3496332518337 399.9975550122249 book-spine 0
513.9813628421666 183.53931275480488 504.7245195107746 120.2842166569598 487.84216656959813 122.75480489225393 497.0990099009901 186.00990099009897 book-spine 0
616.8802992518702 171.60598503740647 613.6807980049874 107.61596009975062 600.8628428927681 108.25685785536157 604.0623441396508 172.24688279301742 book-spine 0
401.1890410958904 88.29589041095892 394.8602739726027 28.172602739726038 374.0383561643835 30.364383561643848 380.36712328767123 90.48767123287672 book-spine 0
156.36912751677852 321.7583892617449 145.01342281879195 257.40939597315435 116.37583892617454 262.4630872483221 127.7315436241611 326.8120805369126 book-spine 0
259.53144375553586 401.28255093002656 248.32152347209922 326.0159433126661 227.7564216120461 329.07883082373786 238.96634189548274 404.34543844109834 book-spine 0
553.4986301369863 609.7369863013699 547.7945205479452 555.5479452054796 530.8246575342465 557.3342465753425 536.5287671232876 611.5232876712329 book-spine 0
63.441372735939 592.0247855100097 53.0886558627264 525.7673975214489 17.763584366062915 531.2869399428026 28.116301239275515 597.5443279313633 book-spine 0
349.43003412969284 299.6552901023891 341.9829351535836 236.3549488054607 326.66552901023886 238.15699658703068 334.1126279863481 301.45733788395904 book-spine 0
543.5523146909286 214.96333957720105 507.3976451699224 205.15868343591123 487.8054589242708 277.4048702167514 523.9601284452771 287.2095263580413 book-spine 0
511 306.0000000000001 489 306.0000000000001 489 369.0000000000001 511 369.0000000000001 book-spine 0
30.59597315436242 512.0228187919463 20.33557046979866 442.76510067114094 8.991946308724835 444.4456375838927 19.252348993288592 513.703355704698 book-spine 0
413.1384615384615 87.49230769230769 409.6430769230768 24.575384615384618 393.4153846153846 25.47692307692308 396.91076923076923 88.39384615384614 book-spine 0
217.42307692307696 315.1153846153847 204.50000000000006 250.50000000000006 192.9615384615385 252.80769230769235 205.88461538461542 317.423076923077 book-spine 0
378.7837837837838 198.70270270270268 368.67567567567573 138.05405405405406 358.29729729729735 139.7837837837838 368.4054054054054 200.43243243243242 book-spine 0
266.609756097561 309.4878048780488 259.3414634146341 244.07317073170736 244.6341463414634 245.70731707317077 251.90243902439022 311.1219512195122 book-spine 0
212.09999999999997 407.70000000000005 201.17999999999995 331.2600000000001 187.17999999999995 333.2600000000001 198.09999999999997 409.7 book-spine 0
456.5263774912075 190.71629542790157 448.82121922626027 127.53399765533413 436.6846424384525 129.01406799531068 444.3898007033997 192.1963657678781 book-spine 0
451 82 442.6585365853658 6.9268292682926855 427.7317073170732 8.585365853658544 436.07317073170736 83.65853658536585 book-spine 0
511.39603960396045 182.96039603960395 505.2673267326733 121.67326732673266 474.5742574257426 124.74257425742573 480.7029702970297 186.02970297029702 book-spine 0
541 557 504.0000000000001 557 504.0000000000001 613 541 613 book-spine 0
483.0060851926977 373.0446247464504 473.14807302231236 300.7525354969575 460.20689655172407 302.5172413793104 470.06490872210946 374.80933062880325 book-spine 0
334.38321830730115 301.27533599709403 325.7075917181257 236.82782419179077 309.21794406102435 239.04758445332362 317.8935706501998 303.4950962586269 book-spine 0
416.2414957780459 557.2079613992763 408.8091676718939 489.25524728588664 395.20627261761155 490.74306393244876 402.63860072376355 558.6957780458384 book-spine 0
143.58389261744966 228.30872483221472 132.2986577181208 164.35906040268458 117.92281879194633 166.89597315436242 129.20805369127518 230.8456375838926 book-spine 0
436.05752212389376 83.86283185840708 431.92477876106193 21.871681415929206 420.70796460176996 22.61946902654867 424.84070796460173 84.61061946902655 book-spine 0
279.13398940196817 211.56472369417105 270.3451930355791 148.28538985616956 255.87433762301288 150.29523088569266 264.663133989402 213.57456472369415 book-spine 0
251.00733496332515 214.04889975550122 241.52322738386312 150.82151589242054 199.86063569682153 157.0709046454768 209.34474327628357 220.29828850855745 book-spine 0
370.16081439952785 479.8654470345234 363.57185010327527 403.43346119799344 346.08114488049574 404.9412806137503 352.6701091767483 481.37326645028025 book-spine 0
378.72328767123287 199.87123287671233 372.0986301369863 136.93698630136984 359.60547945205474 138.25205479452052 366.2301369863013 201.18630136986297 book-spine 0
371.7442696629213 479.74516853932585 365.1734831460674 402.53842696629215 345.1694382022471 404.24089887640446 351.7402247191011 481.44764044943815 book-spine 0
207.510067114094 316.55704697986573 196.01342281879198 251.40939597315437 185.06040268456377 253.34228187919464 196.5570469798658 318.489932885906 book-spine 0
603.841628959276 172.67420814479638 600.8461538461539 109.76923076923077 584.7873303167422 110.5339366515837 587.7828054298643 173.43891402714934 book-spine 0
126.45363766048501 325.75891583452204 113.9358059914408 260.6661911554922 101.32524964336662 263.0912981455064 113.84308131241082 328.18402282453627 book-spine 0
61.70400000000001 638.8720000000001 56.68000000000001 611.24 46.824000000000005 613.032 51.84800000000001 640.6640000000002 book-spine 0
68.12688652878704 236.86584684181105 60.44661822247066 172.3515930687535 44.43543879262158 174.25768585802126 52.11570709893795 238.77193963107885 book-spine 0
588.4413793103447 174.5034482758621 584.7413793103448 111.60344827586206 570.1448275862069 112.46206896551723 573.8448275862069 175.36206896551727 book-spine 0
610.6082191780821 531.7780821917808 603.6383561643835 465.56438356164387 586.8767123287671 467.32876712328766 593.8465753424657 533.5424657534246 book-spine 0
458.48303993130105 375.6371833404894 451.2760841562902 306.4504079003864 439.3430656934306 307.69343065693425 446.5500214684414 376.88020609703733 book-spine 0
466.53972602739725 547.6273972602739 459.8328767123287 483.9123287671232 452.90958904109584 484.64109589041084 459.61643835616434 548.3561643835617 book-spine 0
550.4 213.80000000000007 541.1 210.70000000000007 519.3000000000001 276.1 528.6 279.20000000000005 book-spine 0
407.4426787741203 379.68331441543705 394.25936435868334 319.6259931895574 383.13677639046534 322.06753688989795 396.3200908059024 382.12485811577756 book-spine 0
280.286589516678 102.7780803267529 272.3492171545269 42.45405037440436 251.57726344452004 45.18720217835263 259.51463580667115 105.51123213070116 book-spine 0
529.0487804878048 220.4390243902439 519.2926829268292 212.63414634146346 464.2682926829268 281.4146341463415 474.0243902439024 289.2195121951219 book-spine 0
44.88235294117651 638.529411764706 38.41176470588236 612.6470588235294 28.52941176470587 615.1176470588235 35.000000000000014 641.0000000000001 book-spine 0
544.0986301369862 70.93698630136987 537.758904109589 10.709589041095896 525.8904109589041 11.958904109589035 532.2301369863013 72.186301369863 book-spine 0
444.00000000000006 396 426 396 426.0000000000001 472 444.0000000000001 472 book-spine 0
278 280 266 280 266 290 278 290 book-spine 0
299.1640571817562 100.84683458134788 288.0544588155207 16.413886997957796 267.9033356024506 19.065350578624923 279.0129339686862 103.498298162015 book-spine 0
594.0404494382022 206.97528089887646 573.7404494382023 202.07528089887646 557.2078651685393 270.5674157303372 577.5078651685393 275.46741573033717 book-spine 0
592.9230769230769 607.3846153846154 588.9325443786981 549.5218934911242 573.8319526627218 550.5633136094673 577.8224852071006 608.4260355029585 book-spine 0
576.013184881336 536.3949604453559 567.9466744799296 469.55815997656026 553.1960152358628 471.3384119542924 561.2625256372692 538.1752124230882 book-spine 0
494.2615384615384 464.29230769230765 488.94792899408276 387.24497041420125 475.6319526627219 388.1633136094675 480.94556213017756 465.21065088757393 book-spine 0
606.331506849315 605.6493150684931 600.304109589041 548.3890410958903 573.5479452054794 551.2054794520548 579.5753424657534 608.4657534246576 book-spine 0
524.421430904933 541.8631166285527 517.2708265272786 476.3159098333878 490.4985298921921 479.2365240117608 497.6491342698464 544.7837308069259 book-spine 0
336.0164383561644 205.15616438356165 329.2986301369863 141.33698630136988 317.4301369863013 142.58630136986304 324.14794520547946 206.4054794520548 book-spine 0
225.97999999999996 403.86 217.27999999999997 342.96000000000004 202.01999999999998 345.14000000000004 210.71999999999997 406.03999999999996 book-spine 0
392.0123393316196 294.18097686375324 387.6827763496145 230.68071979434447 374.0642673521851 231.60925449871462 378.3938303341903 295.1095115681234 book-spine 0
559.2277227722773 178.27722772277227 552.970297029703 115.70297029702968 540 117 546.2574257425742 179.5742574257426 book-spine 0
508.2710059171597 463.42958579881656 503.1136094674555 388.6473372781064 489.1798816568047 389.6082840236686 494.33727810650885 464.39053254437863 book-spine 0
379.1393442622951 296.5327868852459 373.28688524590166 232.15573770491798 358.4098360655737 233.50819672131144 364.2622950819672 297.88524590163934 book-spine 0
604.3960396039604 63.96039603960396 597.8316831683169 -1.6831683168316758 574.4653465346536 0.6534653465346523 581.0297029702971 66.29702970297029 book-spine 0
260.27027027027026 104.62162162162161 250.02702702702703 43.162162162162176 229.10810810810813 46.64864864864866 239.35135135135135 108.1081081081081 book-spine 0
428.1674584323041 473.85629453681713 425.46674584323046 395.53562945368174 409.48574821852736 396.08669833729215 412.186460807601 474.40736342042754 book-spine 0
116.73076923076923 230.6538461538462 104.15384615384616 167.76923076923077 82.80769230769232 172.0384615384615 95.38461538461539 234.92307692307693 book-spine 0
415.3401015228426 472.7614213197969 409.9137055837564 396.79187817258884 401.5989847715736 397.38578680203045 407.0253807106599 473.3553299492386 book-spine 0
420.83101962661567 377.6744853997128 410.12350406893256 317.4447103877454 392.394925801819 320.59645763523224 403.1024413595021 380.82623264719973 book-spine 0
432.2915867360921 193.4993148807893 424.7774732803507 129.09262811729243 409.7486982734995 130.84598520142507 417.2628117292408 195.25267196492192 book-spine 0
499.5230769230768 545.1846153846154 491.23076923076917 478.8461538461538 470.4307692307692 481.4461538461538 478.7230769230769 547.7846153846154 book-spine 0
567.0853658536586 67.76829268292683 560.7439024390244 10.695121951219505 537.9146341463414 13.231707317073173 544.2560975609756 70.3048780487805 book-spine 0
524.6128266033255 461.7719714964371 521.9251781472685 383.83016627078393 502.56888361045134 384.4976247030878 505.25653206650827 462.4394299287411 book-spine 0
428.2475247524753 84.47524752475248 422.18811881188117 23.88118811881189 405.8514851485149 25.51485148514852 411.910891089109 86.1089108910891 book-spine 0
291.6994219653179 487.0462427745665 280.393063583815 413.55491329479764 260.7052023121388 416.58381502890165 272.0115606936416 490.0751445086705 book-spine 0
395.67211583372256 198.38346567024757 388.7034096216721 134.2713685193835 371.92340028024284 136.09528257823447 378.89210649229324 200.20737972909856 book-spine 0
546.676923076923 179.4153846153846 538.8615384615384 116.89230769230768 523.5999999999999 118.79999999999998 531.4153846153846 181.32307692307694 book-spine 0
493 298.0000000000001 473 298.0000000000001 473 373.0000000000001 493 373.0000000000001 book-spine 0
461.95049504950487 550.5049504950496 455.3267326732673 484.26732673267327 437.1089108910891 486.089108910891 443.73267326732673 552.3267326732673 book-spine 0
533.0609291698402 364.62147753236866 527.1374714394517 304.2022086824067 508.5125666412796 306.0281797410511 514.4360243716679 366.44744859101297 book-spine 0
498.7682926829268 76.91463414634148 492.2560975609756 18.304878048780495 470.19512195121945 20.75609756097562 476.70731707317066 79.36585365853661 book-spine 0
562.470588235294 212.1176470588236 538.9411764705882 206.23529411764713 521.4117647058823 276.35294117647067 544.9411764705882 282.23529411764713 book-spine 0
87.61572052401746 328.11790393013104 79.353711790393 266.15283842794753 69.39737991266375 267.4803493449781 77.65938864628822 329.4454148471616 book-spine 0
284.91999999999996 307.44 275.53999999999996 241.78000000000003 257.19999999999993 244.40000000000003 266.5799999999999 310.06 book-spine 0
320 35.00000000000004 301 35.00000000000004 301 99.00000000000003 320 99.00000000000003 book-spine 0
352.50958904109586 562.8410958904109 345.758904109589 498.7095890410959 334.87945205479446 499.854794520548 341.6301369863014 563.986301369863 book-spine 0
611.9024390243903 204.87804878048792 591.268292682927 202.58536585365863 583.9024390243904 268.8780487804879 604.5365853658537 271.17073170731715 book-spine 0
265.66277712952154 213.80513418903152 256.81330221703615 149.64644107351228 242.33022170361727 151.64410735122524 251.17969661610266 215.8028004667445 book-spine 0
553.864864864865 362.1891891891892 543.6756756756757 301.05405405405406 525.1891891891893 304.13513513513516 535.3783783783784 365.2702702702703 book-spine 0
541.3048780487804 539.7439024390243 533.939024390244 473.45121951219505 517.0365853658536 475.32926829268285 524.4024390243901 541.6219512195121 book-spine 0
306.7307692307693 485.6538461538462 292.00000000000006 412 277.9615384615385 414.8076923076924 292.69230769230774 488.46153846153845 book-spine 0
335.20375161707636 95.58926261319536 324.6474773609315 13.250323415265207 308.6034928848642 15.307244501940495 319.15976714100907 97.64618369987065 book-spine 0
291.9017282339817 210.0031393128175 283.09873785179025 145.73368886979844 268.4084519510445 147.74581818791918 277.211442333236 212.01526863093824 book-spine 0
351.2155340604955 202.69599377540067 342.40407022035345 137.18300407376296 327.06217635686573 139.24648100609477 335.87364019700783 204.75947070773245 book-spine 0
530.0231419432911 180.98946316573551 525.0780244356695 116.2677676931468 507.12638308832453 117.63937848407392 512.0715005959462 182.36107395666266 book-spine 0
462.33690327464194 80.79548153039528 455.9490516538813 20.019143633829067 440.794430618821 21.61195876371685 447.18228223958164 82.38829666028306 book-spine 0
607.0905861126042 356.02903455438354 603.5132320008317 294.8644827509644 588.6466445209339 295.7339904360721 592.2239986327064 356.89854223949123 book-spine 0
541.4735681999248 460.0002287409819 538.6947103932711 380.55521828769656 522.0923271959467 381.13594276483747 524.8711850026003 460.58095321812283 book-spine 0
407.57361196035924 475.24505061990976 401.61418281596707 397.3514659260031 384.6358656673415 398.6504314112334 390.59529481173354 476.54401610514014 book-spine 0
332.14871702195535 482.46102271682355 322.8133161502807 407.93684290880196 309.2506930656296 409.63578845496977 318.5860939373043 484.15996826299136 book-spine 0