81.50000000000009 496.4999999999999 68.34000000000006 494.61999999999995 55.10000000000005 587.3 68.26000000000008 589.18 book-spine 0
66.00000000000004 308 1.0000000000000377 308 1.0000000000000462 445 66.00000000000006 445 book-spine 0
98.72489082969437 498.5633187772926 78.87772925764199 495.91703056768563 66.1965065502184 591.0262008733625 86.04366812227079 593.6724890829695 book-spine 0
573.8786127167631 219.2890173410405 553.4393063583815 216.14450867052028 532.7456647398843 350.6531791907515 553.1849710982659 353.7976878612717 book-spine 0
299.65853658536594 0.07317073170735 271.2317073170732 -3.0853658536585122 261.24390243902434 86.80487804878052 289.6707317073171 89.96341463414637 book-spine 0
119.50366748166266 501.97555012224944 98.036674816626 498.75550122249393 83.63080684596584 594.794621026895 105.09779951100249 598.0146699266505 book-spine 0
500.57247706422015 203.70825688073404 476.39082568807345 199.50275229357806 452.60366972477067 336.27889908256896 476.78532110091743 340.4844036697249 book-spine 0
71.38367987446063 494.97371518242454 26.03256178893689 488.62455865045126 13.13927030207931 580.719497842291 58.49038838760305 587.0686543742644 book-spine 0
491.23471882640587 30.43520782396095 472.4572127139364 27.61858190709053 457.640586797066 126.39608801955995 476.41809290953546 129.21271393643036 book-spine 0
503.5689655172415 383.6724137931035 481.30933062880325 380.08215010141987 461.51217038539556 502.8245436105477 483.7718052738337 506.41480730223134 book-spine 0
405.44487369985154 542.9973254086183 387.18677563150084 540.067013372957 371.35111441307583 638.7353640416048 389.60921248142654 641.6656760772661 book-spine 0
524.8034682080926 38.27745664739891 509.39884393063585 35.90751445086711 494.32369942196533 133.8959537572255 509.72832369942194 136.26589595375728 book-spine 0
351.474645030426 355.51926977687634 324.78904665314406 351.8803245436106 307.26977687626777 480.35496957403655 333.95537525354973 483.99391480730225 book-spine 0
114.83076923076925 0.35384615384617213 82.46153846153847 -3.6923076923076863 76.04615384615384 47.63076923076924 108.41538461538462 51.676923076923096 book-spine 0
270.1200000000001 523.16 237.50000000000003 518.5 221.92000000000002 627.56 254.54000000000008 632.22 book-spine 0
237.9128295254833 0.10333919156418148 215.07346221441125 -2.48224956063266 206.32759226713532 74.77293497363799 229.16695957820735 77.35852372583483 book-spine 0
384.13048498845274 182.6431870669747 357.0727482678985 177.97806004618946 333.4411085450347 315.0415704387991 360.498845265589 319.70669745958435 book-spine 0
357.3552575864503 175.10811573747358 326.47480592801696 169.8993648553282 302.90698659139025 309.62286520818634 333.7874382498236 314.8316160903317 book-spine 0
116.80156148340926 0.18477553675993796 101.55172413793105 -1.3793103448275748 96.32335718932987 49.59726740403384 111.57319453480808 51.16135328562136 book-spine 0
456.1867798665859 550.9326864766526 419.9466343238327 544.5906610066709 403.5312310491208 638.3929654335963 439.77137659187395 644.734990903578 book-spine 0
518.2972972972974 559.2162162162164 507.2702702702703 557.3783783783786 493.67567567567573 638.945945945946 504.7027027027028 640.783783783784 book-spine 0
414.5940594059407 363.05940594059416 383.2079207920793 359.920792079208 370.05940594059416 491.4059405940595 401.4455445544556 494.5445544554456 book-spine 0
635.3937644341802 232.51616628175532 611.7852193995382 228.4457274826791 589.0600461893765 360.25173210161677 612.6685912240185 364.322170900693 book-spine 0
386.5465717981889 359.73673997412686 369.72056921086687 357.5795601552394 353.05174644243215 487.59637774902984 369.8777490297542 489.75355756791726 book-spine 0
442.7589041095891 370.29041095890415 413.8164383561644 367.2438356164384 400.33698630136985 495.2986301369863 429.27945205479455 498.3452054794521 book-spine 0
646.3288590604029 66.46979865771821 619.5738255033557 61.74832214765108 602.8422818791946 156.56040268456383 629.5973154362417 161.28187919463096 book-spine 0
3.0000000000000644 479 -48.99999999999994 479 -48.99999999999993 571 3.00000000000007 571 book-spine 0
588.6859092848002 221.25579411346513 571.6563344234324 218.7936869045927 552.1301009526519 353.85013507749187 569.1596758140197 356.3122422863643 book-spine 0
328.88581912367806 532.0541765594648 299.6447226419167 526.8169652492986 279.65939995683146 638.4016835743579 308.9004964385928 643.6388948845241 book-spine 0
531.3884381338744 560.1916835699799 516.7058823529412 557.8235294117649 503.6480730223125 638.7819472616633 518.3306288032456 641.1501014198782 book-spine 0
621.3685459940654 60.544807121661805 597.8581602373887 56.00771513353122 579.4454005934718 151.41928783382795 602.9557863501485 155.95637982195854 book-spine 0
84.80769230769229 0.9615384615384706 65.1923076923077 -2.9615384615384563 56.26923076923077 41.65384615384616 75.88461538461539 45.57692307692308 book-spine 0
574.5324955116696 50.03447037701982 557 47.000000000000064 540.2764811490126 143.624775583483 557.8089766606822 146.65924596050274 book-spine 0
25.153920619554754 488.3581800580833 5.684341886080802e-14 486 -8.35237173281699 575.0919651500484 16.801548886737706 577.4501452081316 book-spine 0
27.92061855670108 302.15360824742265 3.6958762886598393 299.80927835051546 -9.398969072164917 435.12268041237115 14.825773195876323 437.4670103092784 book-spine 0
611.8946259220232 227.07586933614337 588.2650158061117 223.22918861959963 566.5974710221285 356.32982086406747 590.22708113804 360.1765015806112 book-spine 0
137.74 134.82 109.18000000000004 130.73999999999998 89.02000000000004 271.85999999999996 117.58000000000001 275.93999999999994 book-spine 0
298.62716981132087 527.1449056603774 269.7207547169812 523.1773584905661 254.38679245283026 634.8962264150944 283.2932075471699 638.8637735849057 book-spine 0
330.00000000000006 3.552713678800501e-14 300.10656455142237 -4.015536105032794 287.32341356673965 91.14792122538296 317.21684901531734 95.16345733041578 book-spine 0
255.30648872526467 153.09802116889097 233.39553612517255 149.39001380579845 209.23400828347906 292.1626783248965 231.14496088357117 295.87068568798895 book-spine 0
509.288 557.416 502.15999999999997 556.1200000000001 487.29599999999994 637.8720000000001 494.424 639.1680000000001 book-spine 0
274.7024143739473 159.39528354856827 250.8506457046604 155.75687815833805 229.5002807411567 295.72038180797307 253.3520494104436 299.3587871982033 book-spine 0
176.22837073839304 324.23762206613 138.67663183142028 318.97335960253565 119.88230255268121 453.0395751242076 157.43404145965397 458.3038375878019 book-spine 0
213.3240713224369 146.90386329866277 184.95601783060926 142.3509658246657 162.21857355126303 284.0227340267459 190.5866270430907 288.57563150074293 book-spine 0
511.4845360824743 35.34020618556709 490.75099127676447 31.785884218873967 473.8453608247423 130.40206185567013 494.57890563045214 133.95638382236325 book-spine 0
3.000000000000038 302 3.6984333334250065e-14 302 3.882130353297109e-14 332 3.00000000000004 332 book-spine 0
529.6476510067114 210.99664429530208 499.4127516778524 205.66107382550342 475.68456375838923 340.12080536912754 505.91946308724835 345.4563758389262 book-spine 0
555.5425963488844 213.6359026369169 528.0324543610549 209.19878296146052 505.9736308316431 345.9634888438135 533.4837728194726 350.4006085192699 book-spine 0
300.67858942065493 164.44886649874059 273.9682619647356 160.19949622166249 251.6811083123426 300.2901763224181 278.39143576826194 304.53954659949625 book-spine 0
477.485549132948 552.8439306358382 445.1734104046242 547.8728323699422 431.26589595375714 638.2716763005781 463.57803468208095 643.242774566474 book-spine 0
138.7707560627675 319.54793152639087 104.96690442225395 315.0679029957204 87.38573466476464 447.725820256776 121.1895863052782 452.2058487874465 book-spine 0
184.95599022004893 144.29339853300735 156.4474327628362 140.01711491442543 135.59413202933985 279.039119804401 164.1026894865526 283.3154034229829 book-spine 0
430.98 15.140000000000057 402.69999999999993 11.100000000000051 388.2 112.60000000000005 416.47999999999996 116.64000000000004 book-spine 0
270.6768558951966 343.42358078602626 237.9257641921398 339.056768558952 220.6506550218341 468.6200873362446 253.40174672489093 472.98689956331884 book-spine 0
626.5049180327868 415.3540983606558 598.5245901639344 408.7704918032788 588.2426229508196 452.4688524590165 616.2229508196721 459.0524590163935 book-spine 0
215.60897852960312 0.06245933636957446 178.68965517241378 -3.724137931034466 171.27781392322706 68.54131424853612 208.19713728041643 72.32791151594017 book-spine 0
326.42196531791916 169.75722543352606 299.97109826589605 165.68786127167635 278.43352601156073 305.68208092485554 304.88439306358384 309.75144508670525 book-spine 0
352.2849125836392 0.4092380746816815 330.9108568961796 -3.418951003669278 313.0468379020074 96.32182171379242 334.4208935894669 100.15001079214338 book-spine 0
372.7027027027028 537.7837837837839 354.0540540540542 534.6756756756757 336.7297297297298 638.6216216216218 355.37837837837844 641.7297297297298 book-spine 0
357.58017727639015 536.8412570507656 326.88114423851744 531.2026591458502 307.2095084609187 638.303787268332 337.90854149879135 643.9423851732474 book-spine 0
238.27692307692314 335.78461538461545 207.87692307692316 331.98461538461544 191.41538461538465 463.6769230769231 221.81538461538463 467.47692307692313 book-spine 0
179 2.1316282072803006e-14 144.8680412371134 -3.303092783505141 138.6298969072165 61.157731958762895 172.7618556701031 64.46082474226806 book-spine 0
567.1114671549554 395.3128862439918 547.9194323643856 391.7697413595789 525.6388189517053 512.4563973449302 544.8308537422752 515.9995422293432 book-spine 0
371.8624535315986 355.7211895910781 350.27323420074356 352.9052044609666 333.08736059479554 484.6635687732344 354.6765799256507 487.47955390334585 book-spine 0
579.8554913294798 397.43930635838154 563.0982658959539 394.86127167630065 544.4739884393065 515.9190751445087 561.2312138728324 518.4971098265896 book-spine 0
597.9606986899563 53.794759825327574 570.646288209607 50.15283842794766 557.5982532751092 148.0131004366813 584.9126637554585 151.65502183406122 book-spine 0
137.92989524576961 504.3634165995166 116.5237711522966 501.91700241740534 105.2780016116036 600.317485898469 126.68412570507661 602.7639000805802 book-spine 0
598.0540540540541 400.67567567567585 579.2432432432432 397.54054054054063 559.1081081081081 518.3513513513514 577.918918918919 521.4864864864866 book-spine 0
324.9040723981901 349.29140271493213 297.19004524886884 345.9321266968326 281.3058823529412 476.9764705882353 309.01990950226246 480.33574660633485 book-spine 0
504.08987161198297 557.1326676176891 478.3124108416548 552.1754636233952 461.6647646219687 638.7432239657631 487.4422253922968 643.700427960057 book-spine 0
54.40000000000009 583.2 49.60000000000008 580.8 47.60000000000008 584.8 52.40000000000009 587.2 book-spine 0
523.7097322566937 388.5618359541012 501.413089672758 385.3102422439439 483.47428814279635 508.31916702082447 505.7709307267319 511.57076073098165 book-spine 0
143.84117647058824 0.06470588235295693 113.1764705882353 -2.29411764705881 108.77058823529413 54.98235294117649 139.43529411764706 57.34117647058825 book-spine 0
461.40079575596826 373.0787798408489 441.9196286472149 370.84323607427064 427.29204244031837 498.31220159151195 446.7732095490717 500.5477453580902 book-spine 0
374.58 3.9400000000000617 347.14 0.020000000000052864 332.69999999999993 101.10000000000002 360.14 105.02000000000004 book-spine 0
450.7693387125066 196.8045956849676 423.3811611997895 191.25293808103845 396.1517277670584 325.5848096825119 423.5399052797755 331.1364672864411 book-spine 0
418.5664739884394 545.3179190751446 402.7861271676302 542.8901734104047 388.06936416184976 638.549132947977 403.84971098265896 640.9768786127167 book-spine 0
272.20731707317077 0.1341463414634525 236.7560975609756 -3.8048780487804628 227.390243902439 80.48780487804879 262.8414634146342 84.42682926829272 book-spine 0
103.53569060773488 315.0181215469613 69.03624309392272 311.9286187845304 57.140994475138186 444.75889502762436 91.64044198895034 447.8483977900553 book-spine 0
231.7342799188641 150.28194726166333 209.10953346855987 147.19675456389456 189.76470588235293 289.05882352941177 212.38945233265719 292.14401622718054 book-spine 0
86.66199784515936 117.94628289979994 68.59104201939363 115.54748345390182 48.956210558719434 263.46321379098043 67.02716638448518 265.86201323687857 book-spine 0
202.39350912778917 513.7809330628804 174.4137931034483 509.96551724137936 160.39350912778906 612.7809330628804 188.37322515212992 616.5963488843814 book-spine 0
208.5543701272057 318.63931062782115 176.0820681165368 314.66311038161683 158.41444398851053 458.94870742716466 190.8867459991794 462.92490767336903 book-spine 0
388.85408406026966 540.5178429817606 371.1181601903252 537.4773988897701 353.7509912767646 638.7858842188738 371.48691514670907 641.8263283108643 book-spine 0
550.1891891891893 563.864864864865 530.5675675675676 560.5945945945947 517.5135135135135 638.9189189189191 537.1351351351352 642.1891891891894 book-spine 0
405.3584775086506 185.77785467128035 382.47128027681663 181.8913494809689 359.10865051903113 319.47128027681663 381.9958477508651 323.3577854671281 book-spine 0
403.48275862068965 8.793103448275922 373.85192697768764 4.7525354969574565 359.8498985801217 107.43407707910754 389.4807302231237 111.47464503042602 book-spine 0
652.6216216216217 234.27027027027037 634.2972972972973 231.2162162162163 612.1081081081081 364.35135135135147 630.4324324324325 367.40540540540553 book-spine 0
479.8912167606769 379.70185334407745 458.45688960515724 377.2522159548753 444.1748589846899 502.21998388396463 465.60918614020954 504.66962127316685 book-spine 0
559.6486486486488 46.10810810810821 538.2432432432432 42.54054054054062 522.027027027027 139.8378378378379 543.4324324324325 143.4054054054055 book-spine 0
639 108.00000000000009 631 108.00000000000009 631 163.00000000000006 639 163.00000000000006 book-spine 0
50.670520231213914 112.64161849710985 31.583815028901757 109.70520231213874 9.017341040462448 256.3872832369942 28.104046242774608 259.32369942196533 book-spine 0
455.58 20.94000000000006 429.6799999999999 17.24000000000005 415.3199999999999 117.76000000000005 441.22 121.46000000000004 book-spine 0
547.6432532347505 390.55083179297606 523.1669273425281 387.0120858808475 505.3827669557799 510.0191952225224 529.8590928480023 513.557941134651 book-spine 0
425.0000000000001 189.00000000000006 403.7567567567568 185.45945945945954 380.70270270270277 323.78378378378386 401.94594594594605 327.3243243243244 book-spine 0
69.65637583892622 121.31946308724835 48.237583892617494 118.14630872483224 27.281879194630896 259.5973154362416 48.700671140939626 262.7704697986577 book-spine 0
476.47651006711413 201.9664429530202 447.43959731543623 196.84228187919467 423.7114093959732 331.30201342281885 452.74832214765104 336.4261744966443 book-spine 0
238.15149384885768 517.8284710017574 199.68224956063273 513.4734622144113 187.51142355008795 620.9824253075572 225.98066783831285 625.3374340949033 book-spine 0
541.195670783906 41.9115812645225 523.5850556438792 38.74562798092216 505.98251192368843 136.65977742448337 523.5931270637153 139.8257307080837 book-spine 0
157.11788745677464 135.244262810437 136.31861049984286 132.34816095567433 116.16692863879285 277.0738761395787 136.96620559572463 279.9699779943414 book-spine 0
298.855217965654 345.60396301188905 270.8935270805813 341.936856010568 253.71202113606347 472.9458388375166 281.6737120211361 476.6129458388376 book-spine 0