123.9263135859326 564.7289093573372 115.86769939292444 425.7178145279465 89.89700648942852 427.2233619426419 97.95562068243669 566.2344567720327 book-spine 0
507.93669724770643 7.0889908256881355 479.41743119266056 6.224770642201889 475.38256880733945 139.37522935779822 503.90183486238533 140.23944954128447 book-spine 0
294 425 240.00000000000006 425 240.00000000000006 562 294.00000000000006 562 book-spine 0
537 424.0000000000001 515 424.0000000000001 515 560 537 560 book-spine 0
633 7.464222240803119e-14 584 7.164183775012016e-14 584 140.00000000000006 633 140.00000000000006 book-spine 0
343.2877591312932 385.94916090819356 339.90325765054297 233.64659427443235 319.357847976308 234.10315893385985 322.74234945705825 386.405725567621 book-spine 0
361.0000000000001 628 344.0000000000001 628 344.0000000000001 640 361.0000000000001 640 book-spine 0
583 219.00000000000006 549 219.00000000000006 549 385.0000000000001 583 385.0000000000001 book-spine 0
213.00000000000006 235 190.00000000000006 235 190.00000000000006 388 213.00000000000006 388 book-spine 0
16.00000000000004 239 2.9269058499621745e-14 239 3.8453909493226893e-14 389 16.00000000000005 389 book-spine 0
235.00000000000003 232.00000000000003 212.00000000000003 232 212.00000000000006 387 235.00000000000006 387 book-spine 0
69.38071065989848 564.3299492385787 59.431472081218274 425.0406091370558 29.796954314720814 427.15736040609136 39.746192893401016 566.4467005076142 book-spine 0
314 233.00000000000006 295 233.00000000000006 295 386 314 386 book-spine 0
563 627 538 627 538 639 563 639 book-spine 0
411 236.00000000000006 374 236.00000000000006 374 386 411 386 book-spine 0
318 8.000000000000039 285 8.000000000000037 285 140.00000000000006 318 140.00000000000006 book-spine 0
547.7744942483141 0.010908369694632825 506.93752479174947 -0.5642602142006554 504.9724315747721 138.95735819119406 545.8094010313367 139.53252677508934 book-spine 0
128.09073170731708 140.90341463414637 123.82243902439026 4.318048780487808 98.50341463414634 5.109268292682928 102.77170731707317 141.69463414634149 book-spine 0
568 424.0000000000001 536 424.0000000000001 536 560 568 560 book-spine 0
153.05925155925158 140.83679833679832 148.6923076923077 5.461538461538462 122.94490644490648 6.2920997920997905 127.31185031185032 141.66735966735965 book-spine 0
269.70329244673985 386.8897353131053 267.9735313105229 234.67075532601683 234.31878631375076 235.05319561007104 236.04854744996769 387.2721755971595 book-spine 0
37.00000000000001 8.000000000000002 2.6942229581241772e-15 8 1.0899356512411444e-14 142 37.000000000000014 142 book-spine 0
589 424.0000000000001 564 424.0000000000001 564 560 589 560 book-spine 0
215.00000000000006 425 182.00000000000006 425 182.00000000000006 564 215.00000000000006 564 book-spine 0
622 423.0000000000001 608 423.0000000000001 608 569 622 569 book-spine 0
421.0000000000001 424 390 424 390.00000000000006 561 421.0000000000001 561 book-spine 0
38.836283185840706 564.5442477876106 29.561946902654867 425.429203539823 2.6150442477876084 427.22566371681415 11.889380530973455 566.3407079646018 book-spine 0
219.58395245170877 140.8692421991085 217.2858841010401 7.581277860326892 188.84606240713222 8.071619613670133 191.1441307578009 141.35958395245174 book-spine 0
192.1312384473198 387.8243992606285 188.91645101663588 220.65545286506472 153.48724584103513 221.33678373382625 156.70203327171905 388.50573012939003 book-spine 0
185.2488280517532 564.582223888993 181.43221451340708 425.2758297393587 150.60603787736733 426.1203825239078 154.42265141571346 565.426776673542 book-spine 0
97.15577938587913 572.5467435947584 89.87971836495207 425.570310972032 59.76540191668296 427.0611187169958 67.04146293761 574.0375513397222 book-spine 0
103.85213167835943 140.82083108472744 97.56179168915273 5.578521316783592 56.441446303291954 7.491095520777121 62.73178629249867 142.73340528872097 book-spine 0
63.052347544522405 140.62547220723152 56.79114948731786 6.009713977334048 9.660550458715585 8.201834862385322 15.921748515920132 142.81759309228278 book-spine 0
639 5.000000000000078 630 5.000000000000078 630 139.00000000000006 639 139.00000000000006 book-spine 0
156.9615384615385 387.8076923076923 151.54469854469858 219.8856548856549 112.61746361746361 221.14137214137216 118.03430353430355 389.0634095634096 book-spine 0
13.00000000000006 432 5.290474172316566e-14 432 6.104864293749556e-14 565 13.000000000000068 565 book-spine 0
117.48419429452584 387.4309946029298 113.31842713955282 237.46337702390127 90.25289128758675 238.10408635312257 94.41865844255975 388.0717039321512 book-spine 0
484.6389975115535 385.9248133665127 482.62228937077856 234.67170280838963 444.90899395662996 235.17454674724496 446.92570209740495 386.4276573053679 book-spine 0
607 424.0000000000001 589 424.0000000000001 589 560 607 560 book-spine 0
445 6.0000000000000515 405 6.00000000000005 405 140.00000000000006 445 140.00000000000006 book-spine 0
192.03354632587858 139.83865814696483 186.38338658146964 -1.4153354632587822 146.96645367412137 0.16134185303514403 152.6166134185303 141.41533546325874 book-spine 0
94.9312618643221 388.0420621440703 90.39274652812468 236.75821760415627 46.13258067739035 238.0860225796783 50.671096013587785 389.36986711959236 book-spine 0
639 234.00000000000006 616 234.00000000000006 616 385.0000000000001 639 385.0000000000001 book-spine 0
50.146136979233844 388.6200180575261 44.97884689797498 237.04617567393268 11.960402424867798 238.1718044627886 17.127692506126657 389.74564684638204 book-spine 0
16.000000000000004 27 3.3065463576978537e-15 27 8.63375993398884e-15 114 16.00000000000001 114 book-spine 0
585.0350822239624 5.0357086922475265 548.8963194988254 4.715896632733031 547.7083790133125 138.95317149569308 583.8471417384495 139.2729835552076 book-spine 0
639 423.0000000000001 617 423.0000000000001 617 571 639 571 book-spine 0
390.00000000000006 424 372 424 372 561 390.0000000000001 561 book-spine 0
549.6986663145386 385.89198468242444 545.848408820811 218.40578370526873 514.8073418724417 219.11937145120822 518.6575993661694 386.60557242836387 book-spine 0
590 627 564 627 564 639 590 639 book-spine 0
373.0165266300952 385.9831956114159 371.7732796333588 236.79355600305536 342.8752864384418 237.034372613013 344.11853343517816 386.2240122213735 book-spine 0
346.0000000000001 424 314 424 314.00000000000006 561 346.0000000000001 561 book-spine 0
285.06821480406387 140.66182873730043 283.36676342525396 -0.558635703918724 233.4342525399129 0.04296081277213348 235.13570391872278 141.26342525399127 book-spine 0
617 217.00000000000006 582 217.00000000000006 582 385.0000000000001 617 385.0000000000001 book-spine 0
371.0000000000001 424 347 424 347 561 371.0000000000001 561 book-spine 0
61.104097818902844 140.72538003965636 58.66060806345011 6.333443489755456 -1.683079973562454 7.430601454064771 0.7604097818902824 141.82253800396566 book-spine 0
485.060397308555 561.7713873758412 483.31207946171105 423.65427747516827 450.6717398269786 424.0674463313041 452.4200576738225 562.184556231977 book-spine 0
293 235.00000000000006 269 235.00000000000006 269 386 293 386 book-spine 0
313.00000000000006 425 289 425 289.00000000000006 573 313.0000000000001 573 book-spine 0
357 3.000000000000042 319 3.00000000000004 319 139.00000000000006 357 139.00000000000006 book-spine 0
515 424.0000000000001 485 424.0000000000001 485.00000000000006 561 515 561 book-spine 0
404.6042990401514 0.030282546978554592 359.02906583750166 -0.49966202514528746 357.3998918480465 139.60930106800055 402.9751250506962 140.13924564012441 book-spine 0
155.65337954939338 563.6811091854419 149.87694974003466 425.04679376083186 116.93414211438474 426.419410745234 122.71057192374346 565.0537261698439 book-spine 0
446 239.00000000000006 412 239.00000000000006 412 386 446 386 book-spine 0
478.0873871249636 0.2761433148849992 447.1709292164288 -0.19586367608500144 445.03588697931843 139.64940285464615 475.9523448878532 140.12140984561614 book-spine 0
236.63929040735877 139.9323258869908 233.04204993429698 -0.36005256241787187 216.43758212877793 0.06570302233902758 220.03482260183972 140.3580814717477 book-spine 0
518.4258927730142 385.9334778102327 515.1749740883822 218.51116555168187 484.93394893055677 219.0983699236785 488.18486761518886 386.5206821822293 book-spine 0
452 425 422 425 422.0000000000001 562 452.0000000000001 562 book-spine 0
242.47387173396675 567.7422802850356 237.51543942992873 423.94774346793355 202.2125890736342 425.16508313539197 207.17102137767222 568.959619952494 book-spine 0