564 149.00000000000006 552 149.00000000000006 552 212.00000000000006 564 212.00000000000006 book-spine 0
300.97540983606564 309.2704918032787 285.3770491803279 307.8524590163934 279.64754098360663 370.87704918032784 295.24590163934437 372.29508196721315 book-spine 0
343.1683168316832 461.3168316831684 332.2772277227723 460.2277227722773 326.4653465346535 518.3465346534654 337.35643564356445 519.4356435643565 book-spine 0
332.17982099267704 461.35313262815293 316.57363710333607 460.4613506916192 313.3303498779496 517.2188771358828 328.93653376729054 518.1106590724166 book-spine 0
149.284046692607 367.544747081712 145.2568093385214 303.1089494163424 126.20622568093384 304.2996108949416 130.23346303501944 368.73540856031127 book-spine 0
204.20997028722354 225.22581710135358 189.19346318917138 224.67976229778805 186.8692637834269 288.59524595576096 201.88577088147906 289.1413007593265 book-spine 0
173.6896551724139 383.7241379310344 158.62758620689658 382.4689655172414 153.62758620689658 442.4689655172414 168.68965517241384 443.7241379310344 book-spine 0
482 158.00000000000006 471 158.00000000000006 471 209.00000000000006 482 209.00000000000006 book-spine 0
297.1344992050875 459.4893481717011 281.2515103338633 458.6384737678855 278.05500794912564 518.3065182829888 293.93799682034984 519.1573926868044 book-spine 0
388.24817518248176 313.81751824817525 379.81751824817525 310.75182481751824 357.7153284671533 371.5328467153285 366.1459854014598 374.59854014598545 book-spine 0
562.1341463414635 241.79268292682934 548.4146341463414 240.2682926829269 541.829268292683 299.53658536585374 555.5487804878051 301.06097560975616 book-spine 0
105.75791855203626 225.08371040723986 78.29638009049778 223.77601809954757 75.47963800904981 282.9276018099548 102.94117647058829 284.23529411764713 book-spine 0
389.7007299270073 245.07299270072994 375.5693430656935 239.93430656934308 356.73722627737226 291.7226277372263 370.8686131386861 296.86131386861314 book-spine 0
348 138.00000000000006 334 138.00000000000006 334 204.00000000000006 348 204.00000000000006 book-spine 0
510 391.0000000000001 465 391.0000000000001 465 453.0000000000001 510 453.0000000000001 book-spine 0
369 137.00000000000006 358 137.00000000000006 358 205.00000000000006 369 205.00000000000006 book-spine 0
81.22123893805312 216.68141592920358 67.48230088495579 215.76548672566372 62.98672566371684 283.19911504424783 76.72566371681418 284.11504424778764 book-spine 0
125.00000000000003 225 100.00000000000003 225 100.00000000000003 285 125.00000000000003 285 book-spine 0
627 135.00000000000006 608 135.00000000000006 608 214.00000000000006 627 214.00000000000006 book-spine 0
495 147.00000000000006 482 147.00000000000006 482 209.00000000000006 495 209.00000000000006 book-spine 0
232 140 218 140 218 201 232 201 book-spine 0
495.4557939914164 399.7656652360515 485.1751072961374 393.38454935622326 451.755364806867 447.2274678111589 462.036051502146 453.6085836909872 book-spine 0
639 258.0000000000001 630 258.0000000000001 630 328.0000000000001 639 328.0000000000001 book-spine 0
357.44979176307265 237.88061082832024 343.03424340583064 232.9662193428968 323.4460897732531 290.4248033317909 337.8616381304951 295.3391948172143 book-spine 0
235.05382242029492 458.0935893040795 222.983887555708 457.8700719917724 221.89132670551945 516.8683579019541 233.96126157010633 517.0918752142613 book-spine 0
146 135 138 135 138 197 146 197 book-spine 0
461 147.00000000000006 432 147.00000000000006 432 208.00000000000006 461 208.00000000000006 book-spine 0
556.6970185334408 324.2393231265109 545.6204673650282 316.6003223207091 504.47622884770345 376.25946817082996 515.5527800161161 383.89846897663176 book-spine 0
266.67047817047825 307.21517671517677 253.71621621621628 306.79729729729735 251.65384615384622 370.7307692307693 264.6081081081082 371.1486486486487 book-spine 0
241 156.00000000000003 229 156 229 202.00000000000003 241 202.00000000000006 book-spine 0
238.2443890274315 531.1122194513715 229.36658354114718 530.6683291770573 226.7057356608479 583.8852867830424 235.58354114713225 584.3291770573566 book-spine 0
109.3529411764706 284.5882352941176 104.74117647058824 224.63529411764705 92.96470588235294 225.54117647058825 97.57647058823528 285.49411764705883 book-spine 0
264.07552556449525 225.43913833376595 247.51751881650665 224.63794445886327 244.3384375811056 290.33895665715033 260.89644432909427 291.14015053205304 book-spine 0
132.48923076923077 366.80615384615385 128.86153846153846 301.5076923076923 117.34153846153846 302.1476923076923 120.96923076923078 367.44615384615383 book-spine 0
265.48961424332344 202.53709198813056 261.7305637982196 125.47655786350151 247.37448071216613 126.17685459940657 251.13353115727 203.2373887240356 book-spine 0
263.86206896551727 390.3448275862069 240.24137931034488 380.896551724138 215.20689655172418 443.48275862068965 238.82758620689657 452.9310344827586 book-spine 0
176.20288964033205 222.21764525053794 158.43529050107594 221.59422071933596 156.15739317553027 286.514294497387 173.92499231478638 287.137719028589 book-spine 0
173.68923076923073 368.4061538461538 170.0184615384615 302.33230769230767 155.2307692307692 303.15384615384613 158.90153846153845 369.2276923076923 book-spine 0
379.4886877828054 400.26244343891403 364.158371040724 386.32579185520365 315.83257918552033 439.4841628959276 331.1628959276018 453.42081447963807 book-spine 0
453.14126394052045 412.41635687732344 425.1115241635688 390.85501858736063 385.66914498141267 442.1301115241636 413.69888475836433 463.6914498141265 book-spine 0
331.22102189781026 306.9778102189782 319.4487591240876 303.40408759124097 299.18773722627736 370.14627737226283 310.96000000000004 373.7200000000001 book-spine 0
451.0411764705883 159.064705882353 441.0244343891403 158.8515837104073 439.98190045248873 207.85067873303174 449.99864253393673 208.06380090497743 book-spine 0
557.8969072164949 397.73195876288673 544.8144329896908 391.91752577319596 518.9175257731958 450.18556701030934 532 456.0000000000001 book-spine 0
437.46153846153834 541.3076923076924 398.23076923076917 515.1538461538462 352.38461538461536 583.9230769230769 391.6153846153845 610.0769230769231 book-spine 0
248.04993429697765 130.05256241787126 237.72339027595274 129.78777923784497 235.87450722733246 201.8942181340342 246.20105124835743 202.15900131406048 book-spine 0
84.77805486284288 365.56109725685786 82.07481296758104 311.49625935162095 70.00498753117206 312.09975062344137 72.70822942643392 366.1645885286783 book-spine 0
406.96674584323046 233.96437054631838 393.93396674584324 229.11496437054637 370.6674584323041 291.643705463183 383.70023752969126 296.49311163895493 book-spine 0
319 141.00000000000006 302 141.00000000000006 302 205.00000000000006 319 205.00000000000006 book-spine 0
528.2694143167029 149.0681127982647 516.0663774403471 148.8138828633406 514.7969631236442 209.74577006507602 527 210.0000000000001 book-spine 0
429.00000000000006 327.0000000000001 414.5999999999999 319.80000000000007 388.19999999999993 372.6 402.6 379.80000000000007 book-spine 0
378.6647564469914 241.406876790831 369.32951289398284 238.81375358166196 354.28653295128936 292.96848137535824 363.62177650429805 295.5616045845273 book-spine 0
163.14829268292684 129.2546341463415 146.16487804878048 128.7239024390244 144.01658536585364 197.46926829268295 161 198.00000000000006 book-spine 0
539.3846153846154 326.9230769230769 523.4615384615385 316.3076923076923 484.23076923076917 375.1538461538462 500.1538461538461 385.7692307692307 book-spine 0
284.0699900957412 310.0752723671178 275.9534499834929 309.7801254539451 273.72895344998346 370.95378012545393 281.8454935622318 371.2489270386266 book-spine 0
335.0588235294118 234.76470588235293 322.1176470588236 231.5294117647059 307.4117647058824 290.35294117647067 320.3529411764706 293.5882352941177 book-spine 0
106.00000000000006 453 90.00000000000006 453 90.00000000000006 514 106.00000000000006 514 book-spine 0
233.149822064057 227.0594306049822 221.49359430604986 226.83950177935947 220.3213523131673 288.96832740213523 231.97758007117443 289.188256227758 book-spine 0
466.1740523224773 545.2765616657769 457.8323545114789 535.4452749599574 402.756006406834 582.1767218366258 411.0977042178324 592.0080085424453 book-spine 0
335.74727452923696 321.5282457879089 327.0109018830526 318.88701684836474 311.1248761149654 371.43310208126866 319.86124876114974 374.0743310208128 book-spine 0
247.30939226519342 226.12154696132598 206.37016574585635 223.96685082872926 202.9834254143646 288.3149171270718 243.92265193370173 290.4696132596685 book-spine 0
276.3546742209632 309.1036827195468 265.4560906515581 308.8441926345609 263.95410764872526 371.927478753541 274.85269121813036 372.1869688385269 book-spine 0
123.40055248618785 137.38950276243096 114.11049723756906 136.90055248618788 111.00828729281767 195.8425414364641 120.29834254143648 196.3314917127072 book-spine 0
567.2739726027397 395.6027397260275 555.986301369863 391.3698630136987 533.2602739726027 451.9726027397261 544.5479452054794 456.2054794520549 book-spine 0
265.2497965825875 459.1285598047194 251.2099267697315 458.32628152969903 247.8104149715216 517.8177379983726 261.8502847843776 518.620016273393 book-spine 0
99.00000000000003 135 78.00000000000003 135 78.00000000000003 196 99.00000000000003 196 book-spine 0
533.8351351351351 398.08918918918937 522.2108108108107 391.93513513513517 491.61081081081073 449.7351351351351 503.2351351351352 455.8891891891893 book-spine 0
537.3171974522294 150.11847133757968 527.0802547770702 149.75286624203827 524.9312101910829 209.92611464968155 535.168152866242 210.291719745223 book-spine 0
159.00000000000006 378 143.00000000000006 378 143.00000000000006 443 159.00000000000006 443 book-spine 0
364.1033973412113 462.31166912850824 349.54800590841955 461.7518463810932 347.3618906942394 518.5908419497785 361.9172821270311 519.1506646971935 book-spine 0
554.1147540983608 238.2622950819673 543.6360655737705 235.79672131147544 528.9999999999999 298.00000000000006 539.4786885245902 300.4655737704919 book-spine 0
134 140 124.00000000000003 140 124.00000000000003 197 134 197 book-spine 0
103.79268292682926 284.1341463414634 97.3170731707317 225.85365853658539 84.8048780487805 227.2439024390244 91.28048780487805 285.5243902439024 book-spine 0
210.00000000000006 304 188.00000000000006 304 188.00000000000006 369 210.00000000000006 369 book-spine 0
251.00000000000006 311 226.00000000000006 311 226.00000000000006 370 251.00000000000006 370 book-spine 0
357.22889305816136 535.3677298311445 346.38161350844285 528.7114446529081 313.4243902439025 582.419512195122 324.27166979362096 589.0757973733583 book-spine 0
416.1526232114468 464.0922098569158 399.77742448330685 462.7821939586646 395.0779014308426 521.5262321144675 411.4531001589825 522.8362480127187 book-spine 0
138.00000000000006 528 124.00000000000006 528 124.00000000000007 583 138.00000000000006 583 book-spine 0
246.18687782805432 229.216742081448 232.87375565610864 228.93348416289595 231.55791855203626 290.77782805429865 244.87104072398193 291.06108597285066 book-spine 0
166.75534441805235 529.0950118764845 154.59738717339675 528.6757719714964 152.79928741092644 580.8206650831353 164.95724465558203 581.2399049881234 book-spine 0
251 168.00000000000006 245 168.00000000000006 245 202.00000000000006 251 202.00000000000006 book-spine 0
222.0227482324009 458.3516753765754 210.7734399016293 457.9569628035659 208.7131878266216 516.674146941285 219.9624961573932 517.0688595142944 book-spine 0
358 147.00000000000006 348 147.00000000000006 348 205.00000000000006 358 205.00000000000006 book-spine 0
101.03387815750378 378.03506686478454 86.38306092124819 377.7824665676077 85.27964338781578 441.7806835066865 99.93046062407137 442.0332838038633 book-spine 0
252.00000000000006 311 226.00000000000006 311 226.00000000000006 370 252.00000000000006 370 book-spine 0
197.57647058823528 132.09411764705888 184.08581314878893 131.7391003460208 182.31695501730104 198.95570934256062 195.80761245674745 199.31072664359868 book-spine 0
117.00000000000003 225 100.00000000000003 225 100.00000000000003 285 117.00000000000003 285 book-spine 0
291.2147217235189 389.6628366247756 275.63806104129264 381.7087971274686 245.52818671454222 440.67396768402153 261.1048473967684 448.62800718132854 book-spine 0
102.09574861367838 194.9789279112754 100.92125693160813 133.90536044362293 90.23290203327171 134.1109057301294 91.40739371534195 195.18447319778187 book-spine 0
506 153.00000000000006 495 153.00000000000006 495 209.00000000000006 506 209.00000000000006 book-spine 0
638.6764705882354 213.7941176470588 633.1235294117647 141.6058823529412 621.5764705882353 142.49411764705883 627.129411764706 214.68235294117645 book-spine 0
282.00000000000006 462 273.00000000000006 462 273.0000000000001 516 282.0000000000001 516 book-spine 0
146 130 129 130 129 197 146 197 book-spine 0
241.12082670906202 383.9220985691574 227.006359300477 377.78537360890306 198.81875993640705 442.6168521462639 212.93322734499208 448.75357710651826 book-spine 0
477.50000000000006 541.5000000000001 469.00000000000006 533.0000000000001 420.5 581.5000000000001 429 590.0000000000001 book-spine 0
95.10821917808227 454.0780821917808 86.60136986301376 453.7630136986302 84.454794520548 511.72054794520545 92.96164383561648 512.0356164383562 book-spine 0
306.0784982935154 223.83276450511948 292.2696245733789 222.20819112627987 284.221843003413 290.6143344709898 298.0307167235495 292.2389078498294 book-spine 0
519.4259927797834 321.5595667870037 510.5306859205777 315.84115523465715 472.48375451263547 375.0252707581228 481.37906137184126 380.74368231046935 book-spine 0
521.5443786982248 239.89349112426038 509.75739644970406 234.98224852071013 484.22485207100584 296.26035502958587 496.01183431952666 301.1715976331361 book-spine 0
87.60188679245289 382.15660377358506 78.09811320754723 381.7433962264152 75.48490566037742 441.8471698113208 84.98867924528307 442.2603773584906 book-spine 0
191 224 177.00000000000003 224 177.00000000000006 288 191.00000000000006 288 book-spine 0
375 146.00000000000006 368 146.00000000000006 368 205.00000000000006 375 205.00000000000006 book-spine 0
223.52941176470594 227.11764705882356 174.2823529411765 223.32941176470592 169.45294117647063 286.1117647058824 218.70000000000007 289.9000000000001 book-spine 0
206.48800000000006 380.81600000000003 191.79200000000003 378.144 179.56800000000004 445.37600000000003 194.26400000000007 448.048 book-spine 0
410.07615526802215 150.03992606284663 396.92717190388174 149.78706099815162 395.85027726432537 205.7855822550832 408.9992606284658 206.03844731977824 book-spine 0
394.64730580825756 545.3296011196643 374.7872638208537 530.1035689293212 336.25542337298805 580.3624912526243 356.115465360392 595.5885234429672 book-spine 0
90.07689463955637 283.9985212569316 88.94011090573014 224.88576709796672 76.21404805914973 225.13049907578556 77.35083179297598 284.24325323475045 book-spine 0
441.46341463414626 543.1707317073171 427.8048780487805 532.2439024390244 386.92682926829275 583.3414634146342 400.5853658536586 594.2682926829268 book-spine 0
475.997830802603 235.1041214750543 463.18004338394786 228.35791757049896 428.7548806941431 293.765726681128 441.5726681127983 300.51193058568333 book-spine 0
291.0947630922693 229.10473815461347 276.0822942643392 228.35411471321697 272.96259351620955 290.74812967581056 287.97506234413964 291.49875311720706 book-spine 0
527.367895065584 466.2841973766398 503.53279200499696 465.68831980012504 502.06058713304196 524.5765146783261 525.895690193629 525.1723922548408 book-spine 0
108.00000000000003 131 100.00000000000003 131 100.00000000000003 196 108.00000000000003 196 book-spine 0
442.0817270624519 158.05782575173484 432.2282189668466 157.78411719352357 430.8619892058597 206.9683885890517 440.71549730146495 207.24209714726297 book-spine 0
276.4369230769231 227.13538461538465 264.4738461538462 226.47076923076926 260.97846153846154 289.3876923076923 272.94153846153847 290.0523076923077 book-spine 0
335.3016216216216 203.96972972972975 333.90594594594586 143.95567567567568 323.5394594594594 144.19675675675677 324.9351351351351 204.21081081081084 book-spine 0
276.1878453038675 458.4309392265193 264.2209944751382 457.8011049723757 261.1325966850829 516.4806629834254 273.0994475138122 517.1104972375691 book-spine 0
252.10044313146233 311.38847858197937 215.88478581979325 309.99556868537667 213.60561299852293 369.25406203840475 249.82127031019203 370.6469719350075 book-spine 0
158.00000000000003 195 123.00000000000003 195 123.00000000000003 287 158.00000000000006 287 book-spine 0
625 260.0000000000001 612 260.0000000000001 612 327.0000000000001 625 327.0000000000001 book-spine 0
107.97029702970298 365.70297029702965 101.26732673267328 298.6732673267327 87.3069306930693 300.0693069306931 94.009900990099 367.09900990099004 book-spine 0
127.01675702316423 528.6229669788073 112.35682602267134 527.9714144898965 109.87481517989164 583.8166584524397 124.53474618038453 584.4682109413505 book-spine 0
517.0212564950402 154.02220122815314 505.72224846480873 153.77657061880026 504.50118091639115 209.94567784600855 515.8001889466227 210.19130845536142 book-spine 0
73.00000000000003 146 65.00000000000003 146 65.00000000000003 195 73.00000000000003 195 book-spine 0
546 151.00000000000006 534 151.00000000000006 534 211.00000000000006 546 211.00000000000006 book-spine 0
554.329268292683 467.03658536585374 525.1341463414634 463.79268292682934 518.5365853658536 523.170731707317 547.7317073170732 526.4146341463414 book-spine 0
409.23076923076917 394.1538461538462 394.23076923076917 384.1538461538462 355.61538461538464 442.0769230769231 370.61538461538464 452.0769230769231 book-spine 0
340.35302013422825 535.7328859060403 328.4335570469799 529.2765100671141 300.8805369127518 580.1436241610738 312.80000000000007 586.5999999999999 book-spine 0
234.56996587030716 368.3447098976109 227.53242320819112 308.5255972696246 207.86348122866895 310.839590443686 214.90102389078493 370.65870307167233 book-spine 0
455.52595494613126 241.7071498530853 437.99755142017636 233.5842311459354 409.79529872673857 294.441723800196 427.32370225269347 302.5646425073458 book-spine 0
114.00000000000007 527 106.00000000000006 527 106.00000000000007 583 114.00000000000009 583 book-spine 0
393.9317406143345 392.5802047781571 381.3720136518771 384.33788395904446 343.0273037542662 442.7679180887373 355.5870307167236 451.01023890784995 book-spine 0
415.5963302752293 236.67889908256888 375.96330275229366 224.78899082568807 355.87155963302746 291.7614678899083 395.5045871559633 303.65137614678906 book-spine 0
365.123595505618 397.2022471910112 350.83146067415737 388.26966292134836 316.3932584269663 443.37078651685397 330.685393258427 452.3033707865169 book-spine 0
306 140.00000000000006 296 140.00000000000006 296 203.00000000000006 306 203.00000000000006 book-spine 0
587.499841017488 231.66963434022267 569.5513513513513 230.7081081081082 565.8263910969794 300.24069952305246 583.7748807631161 301.2022257551669 book-spine 0
91.00000000000003 146 77.00000000000003 146 77.00000000000003 196 91.00000000000003 196 book-spine 0
525.1444043321299 396.66425992779784 512.9638989169674 388.8339350180506 474.5920577617328 448.52346570397117 486.77256317689523 456.35379061371845 book-spine 0
380.6153846153847 395.0769230769232 369.3076923076924 387.53846153846166 330.3846153846155 445.923076923077 341.6923076923078 453.46153846153857 book-spine 0
436.91855203619923 549.289592760181 411.5339366515838 526.212669683258 363.0723981900453 579.5203619909504 388.45701357466066 602.5972850678734 book-spine 0
292.5154639175258 419.3402061855671 268.4845360824743 408.6597938144331 253.3505154639176 442.7113402061857 277.3814432989691 453.3917525773197 book-spine 0
138.08728179551127 378.25436408977555 125.21945137157113 377.6109725685785 122.00748129675814 441.85037406483787 134.87531172069828 442.4937655860349 book-spine 0
372.1344262295083 237.6786885245902 354.18688524590175 233.45573770491808 340.4688524590165 291.7573770491804 358.4163934426231 295.9803278688525 book-spine 0
91.00000000000003 146 71.00000000000003 146 71.00000000000003 196 91.00000000000003 196 book-spine 0
459.3671720500988 392.7640079103494 447.37640079103494 386.0632827949902 413.53460777851024 446.62228081740284 425.5253790375741 453.32300593276204 book-spine 0
341.2437550362611 235.22844480257862 331.45165189363416 233.42989524576956 320.7038678485093 291.9456083803385 330.49597099113623 293.7441579371475 book-spine 0
639 141.00000000000006 632 141.00000000000006 632 214.00000000000006 639 214.00000000000006 book-spine 0
275 151.00000000000006 263 151.00000000000006 263 202.00000000000006 275 202.00000000000006 book-spine 0
317.00000000000006 461.0000000000001 306.05904365904365 460.55343035343043 303.6839916839917 518.7422037422037 314.6249480249481 519.1887733887734 book-spine 0
304.4639175257733 396.2061855670104 273.75257731958766 382.5567010309279 247.64948453608253 441.2886597938144 278.36082474226816 454.938144329897 book-spine 0
115.20149875104083 136.12656119900083 106.40924229808493 135.94712739383849 105.18484596169858 195.94254787676937 113.97710241465448 196.12198168193174 book-spine 0
352.0291060291061 463.2869022869023 341.04740124740135 462.83866943866946 338.8112266112267 517.624948024948 349.79293139293145 518.073180873181 book-spine 0
357.8810810810811 321.88648648648655 342.6324324324324 317.1945945945946 326.2216216216216 370.52972972972964 341.4702702702703 375.2216216216216 book-spine 0
384.01612036539507 143.0166577109082 374.5760343901129 142.86190220311667 373.54164427727034 205.9596990865127 382.98173025255255 206.11445459430422 book-spine 0
367.3544554455446 536.8554455445545 357.6851485148515 530.7485148514852 324.8930693069308 582.6693069306931 334.5623762376239 588.7762376237624 book-spine 0
554.1756341275943 151.04265949269802 545.629900076864 150.8750960799386 544.4515757109916 210.96963873943133 552.9973097617219 211.13720215219072 book-spine 0
439.5760000000001 398.8320000000001 390.208 389.85600000000005 379.664 447.84800000000007 429.03200000000004 456.82400000000007 book-spine 0
397.0132513014671 140.138665404638 385.0622337908187 139.9548035967819 384.04756270705155 205.90842404164698 395.99858021769995 206.09228584950307 book-spine 0
152.00000000000006 528 141.00000000000006 528 141.00000000000006 584 152.00000000000006 584 book-spine 0
497.61320754716974 247.89622641509436 475.5377358490566 235.63207547169816 443.22641509433964 293.7924528301887 465.3018867924528 306.0566037735849 book-spine 0
516.1999999999999 238.60000000000008 503 232.00000000000006 470.79999999999995 296.40000000000003 484 303 book-spine 0
108.03396226415094 284.7811320754717 105.37924528301888 223.72264150943397 84.50566037735851 224.6301886792453 87.16037735849058 285.688679245283 book-spine 0
433.2629246676515 148.1639586410636 420.4741506646973 147.67208271787305 418.2112259970458 206.5081240768095 431.0000000000001 207.00000000000006 book-spine 0
544.4154013015184 244.4392624728851 531.0477223427331 240.29067245119313 513.3015184381778 297.47288503253804 526.6691973969631 301.62147505423 book-spine 0
179.42262443438915 513.8633484162896 178.22805429864252 457.7185520361991 156.9610859728507 458.17104072398195 158.1556561085973 514.3158371040723 book-spine 0
236 226 200.00000000000003 226 200.00000000000006 289 236.00000000000006 289 book-spine 0
326.4904679376083 203.77123050259965 323.8596187175043 140.63084922010398 312.54592720970527 141.10225303292893 315.17677642980925 204.2426343154246 book-spine 0
185.00000000000006 529 172.00000000000006 529 172.00000000000006 582 185.00000000000006 582 book-spine 0
615 258.0000000000001 601 258.0000000000001 601 326.0000000000001 615 326.0000000000001 book-spine 0
287 154.00000000000006 275 154.00000000000006 275 203.00000000000006 287 203.00000000000006 book-spine 0
521.6223350253807 238.91269035533 510.4934010152284 234.30761421319804 484.9096446700508 296.1350253807107 496.038578680203 300.7401015228427 book-spine 0
427.08478802992533 462.3042394014964 414.1670822942644 461.6583541147133 411.15461346633424 521.9077306733168 424.07231920199513 522.5536159600998 book-spine 0
211.06999009574122 458.07527236711786 201.50082535490264 457.7273027401783 199.42159128425226 514.9062396830636 208.99075602509083 515.2542093100033 book-spine 0
125.70635822605834 376.60637792701084 102.157410163488 375.9165018823189 100.22311209901746 441.9438484009171 123.7720601615878 442.63372444560895 book-spine 0
511.3474403332451 465.1542680777812 477.0662692885993 461.9311630784625 471.3343548267887 522.8962076923186 505.61552587143456 526.1193126916373 book-spine 0
480.29169768963493 464.5416833198051 467.30089099734533 463.3069940772046 462.35207002115385 515.3761094774861 475.3428767134435 516.6107987200867 book-spine 0
469.14373645873707 464.23410019266737 458.00402751732855 462.39271171621294 448.26269938992266 521.3240895485553 459.40240833133134 523.1654780250097 book-spine 0
446.9655691774112 467.3487266221348 442.37066027394985 466.73961252981246 435.4611959801241 518.8618001495392 440.0561048835855 519.4709142418617 book-spine 0
457.65209869884814 465.2186322614298 447.30733931324653 463.64983034922886 438.7934189157622 519.7910533138148 449.13817830136384 521.3598552260157 book-spine 0
468.79787565133944 464.21126604565245 457.8351852969751 462.47875115443003 448.5067822393655 521.5053111796201 459.46947259372985 523.2378260708426 book-spine 0
434.902540581885 235.7324648540739 424.2679545635666 231.34869919456156 398.5321090240102 293.78133916715933 409.16669504232857 298.1651048266716 book-spine 0
448.0756583209847 321.6835382033256 436.8544256749913 315.6809319006706 406.8131721404317 371.8398531911543 418.03440478642506 377.84245949380926 book-spine 0
459.1958993236709 323.4921384498094 447.0879341422359 317.3115366017197 418.47923598251674 373.35674542084564 430.58720116395165 379.53734726893526 book-spine 0
476.06924889683626 317.9018943462519 465.8686935973575 312.4164316914992 432.27705952940414 374.88214196538695 442.47761482888285 380.3676046201397 book-spine 0
496.6588887029817 315.80008009487193 484.4224764512327 308.20654978754516 442.9966361810493 374.96122632211734 455.23304843279834 382.5547566294441 book-spine 0
505.4001364188467 322.328903607431 495.51542503883405 316.37253629704503 459.46558911073953 376.1979642596016 469.3503004907521 382.1543315699876 book-spine 0
135.58029987245087 455.8425765145193 124.55258450519932 455.3737965877092 122.13226928447688 512.3099959142784 133.15998465172842 512.7787758410884 book-spine 0
124.91453099135992 455.19863654616995 118.3610114835931 454.90655029290224 115.76032925386448 513.2578815704052 122.3138487616313 513.5499678236729 book-spine 0
145.71000323115626 455.03167612610287 137.89004625624864 454.6218494605462 134.78311738076775 513.9055715125444 142.60307435567537 514.3153981781011 book-spine 0
114.608298735897 454.0374979065555 106.15429151489471 453.5944423018936 102.98090601015753 514.1462639915077 111.43491323115981 514.5893195961696 book-spine 0
119.3400105816738 454.5588714978784 112.9930137955685 454.52543291742165 112.6839465550047 513.1896691306457 119.03094334110997 513.2231077111024 book-spine 0
265.0493113677517 531.0261822696461 257.4354858924987 530.8251938416311 256.0414185245869 583.6351279500227 263.6552439998399 583.8361163780378 book-spine 0
246.54008077380485 530.1955625736698 237.35093436065978 529.8088000466948 234.96775721855113 586.4310479634661 244.1569036316962 586.817810490441 book-spine 0
257.94653107076687 530.8787625950005 246.52713751289275 530.4556473497348 244.5813822840479 582.969341843339 256.000775841922 583.3924570886047 book-spine 0
388.05202404461625 462.30926239715484 374.7642896726736 461.26405826847156 370.19774282386845 519.3188055266871 383.48547719581114 520.3640096553705 book-spine 0
218.57482791764224 201.21790786567425 218.50476713169303 138.81338828379856 202.383723814424 138.83148718068452 202.45378460037324 201.23600676256018 book-spine 0
219.33331016683096 529.8336188125809 210.01770659964237 529.5019368000483 208.12074806155874 582.7798145759598 217.43635162874733 583.1114965884924 book-spine 0
229.5001478738578 529.7123256318034 219.38980997939984 529.358428283747 217.49844314737106 583.3920565638068 227.608781041829 583.7459539118632 book-spine 0
198.3923280483252 581.7862541818675 197.56321558648887 529.6778407350329 188.7665286338971 529.8178074370072 189.59564109573347 581.9262208838419 book-spine 0
208.93801780186652 529.8212476910476 199.56756059033262 529.65185498123 198.5780761018426 584.3881070363136 207.94853331337652 584.5574997461312 book-spine 0
495.45926271902914 544.9408889910188 482.85350153111034 530.317363992525 421.82930805159737 582.9213982296411 434.43506923951617 597.544923228135 book-spine 0
349.75329318077524 388.22400905445454 331.1498470492136 377.7318682319001 293.7127172125858 444.1110409874586 312.3161633441475 454.603181810013 book-spine 0
333.98835812643097 390.90465986220613 323.7830798191956 385.4323802219277 292.5676639644568 443.6461461868354 302.7729422716922 449.1184258271138 book-spine 0