255.58823529411762 590.3529411764706 242.58823529411762 538.3529411764706 228.4705882352941 541.8823529411765 241.4705882352941 593.8823529411765 book-spine 0
229.21040462427743 526.4323699421966 210.53410404624273 468.32832369942196 191.46820809248553 474.45664739884387 210.14450867052022 532.5606936416185 book-spine 0
380.8051575931232 510.4985673352435 363.7994269340975 449.2779369627507 350.8022922636103 452.88825214899714 367.80802292263616 514.1088825214899 book-spine 0
467.7957295373666 424.57366548042705 456.4747330960854 354.76085409252676 443.59715302491105 356.84911032028475 454.9181494661922 426.66192170818505 book-spine 0
532.3328167376985 242.96009298721424 520.4490507555211 176.9391708640062 506.1522665633475 179.51259201859745 518.0360325455249 245.53351414180548 book-spine 0
436.95405405405404 173.37567567567567 428.4 119.19999999999999 412.6351351351351 121.6891891891892 421.18918918918916 175.86486486486484 book-spine 0
433.53757225433526 261.9942196531792 423.44508670520236 196.39306358381504 388.9537572254335 201.69942196531792 399.0462427745665 267.3005780346821 book-spine 0
524.4 415.79999999999995 515.14 350.98 499.5999999999999 353.2 508.86 418.02 book-spine 0
382.2972972972973 185.78378378378378 373.1351351351351 130.8108108108108 360.64864864864865 132.89189189189187 369.8108108108108 187.86486486486484 book-spine 0
49.26557863501483 326.8056379821958 35.82640949554896 278.80860534124633 23.103857566765576 282.37091988130567 36.54302670623145 330.36795252225517 book-spine 0
483.11538461538464 252.5769230769231 471.61538461538464 195.07692307692315 456.03846153846155 198.1923076923078 467.53846153846155 255.6923076923077 book-spine 0
560.9599999999998 49.72000000000003 553.4999999999999 -2.5 533.9 0.29999999999999716 541.3599999999999 52.520000000000024 book-spine 0
479.3872420262664 67.46866791744837 470.7268292682927 12.258536585365846 451.5898686679175 15.26041275797374 460.25028142589116 70.47054409005626 book-spine 0
146.3783783783784 141.2702702702703 138.35135135135135 93.10810810810813 118.08108108108107 96.48648648648651 126.1081081081081 144.64864864864867 book-spine 0
509.8923076923077 418.13846153846157 501.4307692307692 350.44615384615383 489.12307692307684 351.9846153846154 497.5846153846153 419.6769230769231 book-spine 0
580.0093959731544 234.813422818792 570.5006711409396 170.62953020134228 553.0322147651007 173.21744966442952 562.5409395973154 237.40134228187924 book-spine 0
328.31351351351344 101.31891891891894 319.7837837837837 47.297297297297305 307.0486486486486 49.30810810810811 315.5783783783784 103.32972972972973 book-spine 0
387.1941176470589 270.52352941176474 382.4058823529412 208.2764705882353 365.42941176470595 209.5823529411765 370.21764705882356 271.8294117647059 book-spine 0
301.9137380191694 520.1565495207668 284.45431309904154 459.8421725239617 272.7022364217253 463.24408945686906 290.1616613418531 523.5584664536741 book-spine 0
599.0000000000001 559 591.723076923077 500.78461538461534 572.8923076923077 503.13846153846146 580.1692307692308 561.3538461538461 book-spine 0
444.8399999999999 260.12000000000006 434.1039999999999 201.072 424.512 202.816 435.248 261.86400000000003 book-spine 0
581.9184855233852 408.86146993318494 572.5563474387527 335.52472160356353 556.26859688196 337.604008908686 565.6307349665924 410.9407572383074 book-spine 0
321.01176470588234 361.55294117647054 307.17647058823525 299.2941176470589 294.8941176470588 302.02352941176474 308.7294117647059 364.28235294117644 book-spine 0
235.75819032761308 213.23868954758188 227.57722308892355 162.10764430577225 206.24336973478935 165.5210608424337 214.4243369734789 216.65210608424337 book-spine 0
320.78510028653295 584.2263610315185 306.38681948424073 532.3925501432665 292.7191977077364 536.189111747851 307.11747851002866 588.0229226361031 book-spine 0
409.05215646940815 576.6028084252758 398.4363089267804 521.754262788365 380.2778335005015 525.2688064192578 390.8936810431294 580.1173520561686 book-spine 0
467.08620689655174 255.5344827586207 457.89249492900615 198.53346855983773 444.34178498985807 200.7190669371197 453.53549695740367 257.72008113590266 book-spine 0
53.020725388601036 403.678756476684 37.21761658031089 343.6269430051814 23.287564766839402 347.29274611398966 39.09067357512955 407.3445595854923 book-spine 0
301.66108506363025 284.5887474882786 291.7448091091762 230.75753516409907 278.68787675820494 233.16275954454113 288.6041527126591 286.9939718687207 book-spine 0
82.23575129533678 475.90414507772016 68.77305699481865 411.5823834196891 55.31606217616579 414.39896373056996 68.77875647668392 478.720725388601 book-spine 0
237.992 121.45600000000002 227.784 65.31199999999998 209.56799999999998 68.624 219.77599999999998 124.768 book-spine 0
329.3567567567568 516.6594594594595 310.718918918919 456.0864864864866 296.2432432432432 460.54054054054063 314.8810810810811 521.1135135135136 book-spine 0
121.22960470984023 314.8301093355761 106.89024390243904 262.9878048780488 94.35954583683768 266.4537426408747 108.69890664423886 318.29604709840197 book-spine 0
179.76923076923077 383.8461538461538 167.84615384615387 324.23076923076917 152.84615384615387 327.2307692307692 164.76923076923077 386.8461538461538 book-spine 0
428.4969574036511 429.9776876267749 418.6937119675456 358.0872210953348 403.1196754563894 360.2109533468561 412.9229208924949 432.1014198782962 book-spine 0
60.761467889908275 546.8715596330276 44.385321100917466 492.2844036697248 23.192660550458726 498.64220183486236 39.568807339449535 553.2293577981652 book-spine 0
352.53846153846155 356.69230769230774 339.61538461538464 292.0769230769231 329.0384615384616 294.19230769230774 341.96153846153857 358.8076923076924 book-spine 0
444.8243407707911 172.04908722109536 435.6592292089249 115.9127789046653 426.8929006085192 117.34401622718052 436.0580121703853 173.48032454361055 book-spine 0
582.9961868446139 488.3755958055291 572.6768350810296 422.3317445185892 556.9971401334604 424.78169685414684 567.3164918970448 490.82554814108676 book-spine 0
566 562 557.66 503.6200000000001 545.8999999999999 505.3000000000002 554.2399999999999 563.6800000000001 book-spine 0
436.35260115606934 259.7919075144509 426.7919075144508 197.64739884393066 399.43930635838143 201.8554913294798 408.9999999999999 264 book-spine 0
328.18918918918916 196.13513513513513 318.2432432432433 136.45945945945948 303.64864864864865 138.89189189189193 313.5945945945946 198.5675675675676 book-spine 0
500.2196531791907 62.427745664739874 492.2080924855492 10.352601156069355 480.4104046242775 12.167630057803464 488.42196531791905 64.24277456647398 book-spine 0
501.2027397260274 419.9260273972602 493.5479452054795 347.2054794520548 477.35890410958905 348.9095890410959 485.0136986301369 421.6301369863014 book-spine 0
361.4999999999999 274.50000000000006 353.48 218.36000000000007 344.5199999999999 219.64000000000004 352.5399999999999 275.7800000000001 book-spine 0
149.34615384615387 229.73076923076923 139.34615384615387 179.73076923076923 119.73076923076925 183.6538461538462 129.73076923076925 233.6538461538462 book-spine 0
550.439024390244 411.9512195121951 542.8414634146342 343.57317073170736 530.7682926829268 344.91463414634154 538.3658536585366 413.29268292682923 book-spine 0
295.36283185840716 365.44247787610624 281.9214159292036 301.90123893805315 268.7235398230089 304.6930973451328 282.16495575221245 368.2343362831859 book-spine 0
327.11538461538464 279.5769230769231 316.19230769230774 224.96153846153848 302.7307692307692 227.6538461538462 313.65384615384613 282.2692307692308 book-spine 0
77.59550561797754 547.2471910112359 64.23033707865169 489.33146067415726 49.62359550561797 492.7022471910112 62.98876404494382 550.6179775280898 book-spine 0
544.2121684867395 562.3260530421218 535.226209048362 506.1638065522621 520.4446177847113 508.5288611544462 529.4305772230889 564.6911076443058 book-spine 0
377.64244641923676 435.5781495033977 364.8917929952953 367.0433873497125 346.0778881338212 370.5436487192891 358.82854155776266 439.07841087297425 book-spine 0
330.61538461538464 360.0769230769231 317.26923076923083 293.34615384615387 305.3461538461539 295.7307692307692 318.69230769230774 362.46153846153845 book-spine 0
108.81766561514195 236.98611987381702 99.00567823343849 189.15268138801258 85.89085173501576 191.84290220820188 95.70283911671922 239.67634069400629 book-spine 0
597.0054298642535 487.54479638009053 588.8244343891404 420.0515837104074 572.7574660633484 421.9990950226246 580.9384615384615 489.49230769230775 book-spine 0
307 585.9999999999999 293.7647058823529 533.0588235294117 280.5882352941176 536.3529411764705 293.82352941176464 589.2941176470587 book-spine 0
457.9899328859061 169.94295302013424 448.275167785235 114.89261744966444 434.69798657718127 117.28859060402687 444.4127516778524 172.33892617449666 book-spine 0
579.14 321.98 569.58 255.06 552.92 257.44000000000005 562.4799999999999 324.36 book-spine 0
512 8.000000000000062 491 8.00000000000006 491 62.00000000000006 512 62.00000000000006 book-spine 0
565.1586206896552 411.6965517241379 560.7931034482758 337.48275862068965 543.9103448275862 338.4758620689655 548.2758620689656 412.6896551724138 book-spine 0
444.423076923077 504.11538461538464 431.69230769230774 440.4615384615385 416.3076923076924 443.53846153846166 429.03846153846166 507.19230769230774 book-spine 0
564.1937119675456 324.00101419878297 553.4381338742394 257.316430020284 535.7058823529411 260.17647058823536 546.4614604462474 326.86105476673424 book-spine 0
122.8756756756757 234.34594594594597 108.04324324324324 186.14054054054054 93.07567567567568 190.74594594594595 107.90810810810811 238.95135135135138 book-spine 0
36.03773584905661 331.8679245283019 26.279245283018874 279.822641509434 14.867924528301891 281.96226415094344 24.626415094339627 334.00754716981135 book-spine 0
219.84615384615387 298.2307692307693 209.00000000000003 244 193.4230769230769 247.11538461538464 204.26923076923077 301.3461538461539 book-spine 0
274.6470588235294 449.58823529411757 258 383 242.94117647058823 386.7647058823529 259.5882352941176 453.3529411764706 book-spine 0
452.4594594594595 571.7567567567569 443.3243243243243 516.945945945946 430.0270270270271 519.1621621621623 439.1621621621622 573.9729729729731 book-spine 0
306.5411764705882 585.435294117647 294.75294117647053 532.3882352941175 271.77647058823527 537.4941176470587 283.5647058823529 590.5411764705882 book-spine 0
497.9759299781181 497.6236323851203 485.84463894967166 433.9343544857768 472.4266958424506 436.4901531728665 484.55798687089714 500.17943107221004 book-spine 0
148.6292134831461 601.3932584269662 136.8988764044944 550.561797752809 120.32022471910112 554.3876404494382 132.0505617977528 605.2191011235955 book-spine 0
265.270812437312 207.39919759277836 255.20862587763293 155.41123370110336 230.30290872617857 160.2316950852558 240.3650952858576 212.21965897693082 book-spine 0
223.53846153846155 594.6923076923076 213.19230769230774 542.9615384615385 202.42307692307696 545.1153846153846 212.76923076923077 596.8461538461538 book-spine 0
264.5932584269663 207.02921348314604 252.18202247191016 155.61123595505617 220.347191011236 163.29550561797754 232.75842696629218 214.7134831460674 book-spine 0
277.07332293291734 205.70826833073326 268.9734789391576 155.08424336973482 255.24492979719187 157.28081123244934 263.34477379095165 207.90483619344775 book-spine 0
315.00296735905044 518.4391691394659 298.08456973293767 458.01632047477756 284.4718100890208 461.8278931750743 301.3902077151335 522.2507418397627 book-spine 0
372.11183597390493 187.22553588070832 360.38210624417513 133.6039142590867 346.21621621621614 136.70270270270274 357.9459459459458 190.32432432432438 book-spine 0
68.03999999999999 400.7200000000001 57.352 341.93600000000004 41.336 344.848 52.024 403.63200000000006 book-spine 0
343.3461538461538 357.7307692307693 330.5 293.50000000000006 317.2307692307693 296.1538461538462 330.0769230769231 360.3846153846154 book-spine 0
138.67883211678833 230.1167883211679 121.74452554744528 183.54744525547446 105.12408759124088 189.59124087591243 122.05839416058393 236.16058394160586 book-spine 0
324.0437636761488 443.2297592997812 311.1334792122538 375.4507658643326 296.98030634573297 378.1466083150985 309.8905908096279 445.9256017505471 book-spine 0
36 164.00000000000003 27.952000000000005 119.73600000000002 15.368000000000002 122.024 23.415999999999997 166.288 book-spine 0
495.00000000000006 162 485.4864864864865 104.91891891891889 474.62162162162156 106.7297297297297 484.13513513513516 163.81081081081078 book-spine 0
576.5065502183406 44.79912663755458 570.2445414847161 -2.1659388646288136 553.7379912663755 0.03493449781660729 560 47 book-spine 0
355.5782178217822 95.41782178217822 344.1287128712871 44.71287128712872 328.1069306930692 48.330693069306946 339.55643564356427 99.03564356435645 book-spine 0
167.5516093229745 306.51054384017755 151.69256381798004 247.39955604883463 139.8612652608213 250.57380688124306 155.72031076581578 309.684794672586 book-spine 0
260.1000680735193 451.27025187202173 241.72702518720214 383.2899931926481 225.88427501701835 387.571817562968 244.25731790333555 455.55207624234174 book-spine 0
555.103448275862 561.7586206896553 547.3995943204868 505.26369168357 534.6369168356998 507.0040567951319 542.340770791075 563.4989858012171 book-spine 0
355.4708818635607 581.8602329450916 344.2229617304492 527.8702163061565 330.52579034941755 530.7237936772048 341.77371048252905 584.7138103161399 book-spine 0
75.28218465539662 608.4954486345904 57.26983094928478 557.2295188556567 29.531859557867335 566.9752925877764 47.544213263979174 618.2412223667101 book-spine 0
344.5769230769231 276.88461538461536 333.6538461538462 222.26923076923077 321.923076923077 224.61538461538464 332.8461538461539 279.2307692307692 book-spine 0
546.1136960600376 326.0998123827392 535.9463414634147 261.28292682926826 522.1868667917448 263.44127579737335 532.3542213883677 328.25816135084426 book-spine 0
523.6327455919395 330.2629722921914 513.2261964735517 264.85037783375316 498.39697732997473 267.20957178841314 508.8035264483626 332.6221662468514 book-spine 0
57.909228441754905 477.6217851739789 43.63086232980332 418.1285930408472 27.329803328290453 422.0408472012102 41.60816944024204 481.53403933434186 book-spine 0
413.59060402684577 82.01342281879194 404.24832214765115 29.073825503355692 389.18791946308727 31.731543624161063 398.53020134228194 84.67114093959731 book-spine 0
148.183879093199 309.4156171284635 132.07304785894206 258.3979848866499 119.24685138539041 262.44836272040305 135.35768261964736 313.46599496221666 book-spine 0
408.64 179.52 398.8639999999999 125.75200000000001 383.46399999999994 128.55200000000002 393.24 182.32000000000002 book-spine 0
199.05599999999998 301.80800000000005 188.88 245.8400000000001 174.36 248.48000000000008 184.53599999999997 304.44800000000004 book-spine 0
281.67615658362985 522.1637010676156 263.22419928825616 463.1174377224198 252.5195729537366 466.46263345195723 270.9715302491103 525.5088967971529 book-spine 0
394.2025677603424 181.6533523537803 384.08844507845936 129.05991440798857 370.73609129814554 131.62767475035662 380.85021398002857 184.22111269614834 book-spine 0
391.7312101910829 87.07388535031848 382.328025477707 34.68471337579618 369.65923566878985 36.95859872611466 379.06242038216567 89.34777070063696 book-spine 0
506.8799999999999 159.16000000000005 498.8399999999999 102.88000000000002 485.53999999999996 104.78000000000003 493.5799999999999 161.06000000000006 book-spine 0
518.5675675675676 565.4054054054054 509.18918918918916 509.13513513513516 495.7297297297298 511.37837837837833 505.1081081081081 567.6486486486488 book-spine 0
461.41351351351346 340.6189189189189 450.67837837837834 272.6297297297298 436.9162162162162 274.80270270270273 447.6513513513513 342.7918918918919 book-spine 0
303.8779840848806 199.920424403183 291.55968169761275 141.40848806366049 279.0610079575597 144.0397877984085 291.3793103448276 202.55172413793102 book-spine 0
379.0000000000001 526 356.0000000000001 526 356.0000000000001 581 379.0000000000001 581 book-spine 0
591.5082872928178 407.65745856353595 587.6546961325968 334.439226519337 573.0110497237569 335.2099447513813 576.8646408839779 408.42817679558016 book-spine 0
425.88461538461536 79.42307692307695 415.15384615384613 25.769230769230774 400.923076923077 28.615384615384613 411.6538461538462 82.26923076923079 book-spine 0
271.2702702702703 289.62162162162167 261.972972972973 233.83783783783784 239.43243243243242 237.5945945945946 248.7297297297297 293.3783783783784 book-spine 0
212.4393837910248 218.8137977227059 202.74815807099802 166.2042866711319 180.808439383791 170.24581379772263 190.4996651038178 222.85532484929666 book-spine 0
221.08090185676394 216.8368700265252 211.39920424403184 164.55570291777184 172.0809018567639 171.8368700265252 181.76259946949602 224.11803713527854 book-spine 0
346.9811320754716 514.4339622641509 329.7735849056603 454.2075471698113 318.41509433962256 457.45283018867923 335.62264150943383 517.6792452830188 book-spine 0
342.38461538461536 192.92307692307688 330.69230769230774 134.46153846153845 315.6923076923078 137.46153846153845 327.3846153846155 195.92307692307688 book-spine 0
368.21761658031096 510.6269430051815 352.85492227979273 452.24870466321244 342.1735751295337 455.05958549222794 357.5362694300518 513.437823834197 book-spine 0
134.3529411764706 312.4117647058823 120.1764705882353 255.7058823529411 106.52941176470588 259.1176470588235 120.70588235294116 315.8235294117647 book-spine 0
597.5538461538462 319.4307692307692 588.9846153846154 250.8769230769231 569.5384615384614 253.30769230769232 578.1076923076922 321.86153846153843 book-spine 0
39.52941176470587 480.11764705882354 24.64705882352939 420.5882352941177 10.999999999999986 424 25.882352941176464 483.52941176470597 book-spine 0
114.0302571860817 605.7927382753403 101.87594553706506 555.1497730711043 88.94099848714072 558.2541603630862 101.09531013615734 608.8971255673222 book-spine 0
519.3109489051095 157.69489051094888 512.7459854014598 100.79854014598538 498.01897810218975 102.49781021897809 504.5839416058394 159.39416058394158 book-spine 0
27.194696441032804 166.5254710397767 17.436147941381712 121.39218422889043 8.450802512212142 123.33496161898114 18.20935101186323 168.4682484298674 book-spine 0
542.5846153846154 151.67692307692306 535.4615384615385 94.69230769230765 524.3846153846152 96.07692307692307 531.5076923076922 153.06153846153848 book-spine 0
647.9411764705883 551.7647058823529 633.529411764706 494.11764705882365 612.5882352941177 499.35294117647067 627 557 book-spine 0
402.1081081081081 348.64864864864865 392.05405405405406 288.3243243243243 381.6756756756756 290.05405405405406 391.7297297297297 350.37837837837844 book-spine 0
439.82625994694956 573.6618037135279 429.4283819628647 517.5132625994695 412.2042440318302 520.7029177718832 422.6021220159151 576.8514588859416 book-spine 0
519.212981744422 246.3204868154158 509.52738336714003 186.2697768762677 498.96348884381337 187.973630831643 508.64908722109533 248.02434077079107 book-spine 0
374.68988613529797 353.0308104487608 363.13730743469523 290.3168117883456 351.04755525787 292.543871399866 362.60013395847284 355.2578700602812 book-spine 0
221.81655924640552 124.99206742687161 211.7947446703024 75.99652949925631 198.02974714923153 78.8120971740208 208.05156172533464 127.8076351016361 book-spine 0
470.34795042898 167.22688274547187 461.71115347950433 111.95138226882747 447.92278360343187 114.1058150619638 456.5595805529075 169.3813155386082 book-spine 0
86.62082018927444 608.0264984227128 76.41514195583595 558.2738170347002 57.71482649842271 562.1097791798106 67.9205047318612 611.8624605678233 book-spine 0
522.8756756756757 57.54594594594596 514.4918918918919 4.448648648648643 501.70540540540543 6.467567567567556 510.08918918918926 59.56486486486487 book-spine 0
476.15172413793096 337.1793103448276 465.52941176470586 272.11764705882354 449.0304259634888 274.81135902636913 459.6527383367139 339.8730223123732 book-spine 0
440.05882352941177 343.764705882353 431.25354969574033 279.1926977687627 417.866125760649 281.0182555780933 426.6713995943205 345.5902636916836 book-spine 0
583.3243243243244 143.94594594594594 574.2432432432432 89.45945945945944 557.5405405405404 92.24324324324323 566.6216216216216 146.72972972972974 book-spine 0
86.68411470186618 545.4965862539826 75.53755120619026 488.52526172052796 64.25216203914428 490.7332726445152 75.3987255348202 547.70459717797 book-spine 0
554.1824425201553 490.73992236488505 542.9313227829202 426.6085398626456 531.238578680203 428.6598984771574 542.4896984174379 492.7912809793969 book-spine 0
485.8461538461539 499.23076923076917 473.1538461538462 435.76923076923083 459.3076923076924 438.53846153846155 472 502 book-spine 0
616.0307692307691 556.2461538461538 608.7384615384615 497.9076923076922 590.6461538461538 500.16923076923064 597.9384615384614 558.5076923076922 book-spine 0
505.56756756756755 567.4054054054053 496.108108108108 510.64864864864853 481.6756756756757 513.054054054054 491.13513513513516 569.8108108108107 book-spine 0
198.01161103047895 531.0362844702468 179.5268505079826 473.2714078374456 165.6298984034833 477.7184325108854 184.11465892597965 535.4833091436866 book-spine 0
403.9076992345791 83.91760468257542 387.99144529491224 32.75821701936066 375.0040522287258 36.79873930661866 390.9203061683927 87.9581269698334 book-spine 0
356.06876971608824 274.9602523659305 344.64164037854886 219.25299684542586 333.0523659305993 221.63028391167194 344.47949526813875 277.3375394321766 book-spine 0
551.5384615384615 150.30769230769232 543.9846153846154 89.87692307692308 533.4 91.20000000000002 540.9538461538461 151.63076923076926 book-spine 0
543.3459459459459 493.5243243243242 532.9351351351352 427.58918918918914 515.2702702702702 430.37837837837833 525.6810810810811 496.3135135135135 book-spine 0
374.05405405405406 272.3243243243243 362.8918918918919 205.35135135135135 349.2702702702702 207.6216216216216 360.4324324324324 274.5945945945946 book-spine 0
252.03783783783786 118.57297297297299 244.27027027027026 69.37837837837839 227.88918918918915 71.96486486486486 235.6567567567567 121.15945945945947 book-spine 0
396.0693568726356 508.6090794451451 377.9205548549811 447.3568726355612 361.7137452711223 452.15889029003785 379.8625472887768 513.4110970996218 book-spine 0
447.9799398194584 74.22968906720162 437.88766298896695 22.086258776328975 424.2066198595788 24.734202607823462 434.29889669007025 76.8776328986961 book-spine 0
430.7647058823529 505.0588235294117 415.2941176470588 443.17647058823525 401.6470588235294 446.58823529411757 417.11764705882354 508.47058823529403 book-spine 0
45.84615384615384 163.23076923076923 36.846153846153854 118.23076923076924 26.07692307692308 120.38461538461539 35.07692307692308 165.38461538461542 book-spine 0
262.8743608473338 519.300219138057 244.39663988312634 465.40686632578524 228.18772826880934 470.96420745069395 246.66544923301677 524.8575602629656 book-spine 0
392.8002853067046 349.9614835948645 380.9101283880171 288.13266761768904 362.7731811697575 291.62054208273895 374.66333808844513 353.4493580599144 book-spine 0
421.62162162162156 176.72972972972974 412.62162162162156 122.72972972972974 397.8648648648648 125.1891891891892 406.8648648648649 179.1891891891892 book-spine 0
492.40540540540536 568.4324324324324 483.05405405405406 512.3243243243243 469.4324324324324 514.5945945945946 478.78378378378375 570.7027027027027 book-spine 0
533.4393063583815 54.855491329479776 525.543352601156 3.53179190751446 512.8439306358381 5.48554913294798 520.7398843930636 56.809248554913296 book-spine 0
206.21133231240435 547.488514548239 196.94640122511493 542.0137825421134 166.4073506891272 593.6952526799388 175.67228177641664 599.1699846860644 book-spine 0
510.78378378378375 247.7027027027027 500.16216216216213 183.97297297297297 483.2972972972973 186.78378378378375 493.91891891891896 250.5135135135135 book-spine 0
464.51490733279616 570.8033843674456 454.43070104754236 515.9004834810636 441.3614020950846 518.3009669621273 451.4456083803384 573.2038678485093 book-spine 0
39.980689655172405 407.03172413793095 25.14620689655171 346.04551724137923 9.095862068965502 349.9496551724137 23.930344827586197 410.93586206896543 book-spine 0
460.3291731669266 71.30733229329176 451.9921996879874 19.201248049922 438.22464898595933 21.404056162246505 446.5616224648985 73.51014040561627 book-spine 0
534 153.99999999999997 525.364161849711 97.86705202312135 509.057803468208 100.37572254335257 517.6936416184972 156.5086705202312 book-spine 0
130.98004987531172 539.6009975062344 128.16957605985039 483.3915211970075 108.31920199501246 484.3840399002494 111.12967581047383 540.5935162094763 book-spine 0
290.04714142427287 286.41023069207625 279.6178535606821 232.52557673019058 266.2788365095286 235.10732196589768 276.7081243731194 288.9919759277834 book-spine 0
263.7398843930636 115.80924855491331 255.9826589595376 65.38728323699421 243.1329479768786 67.36416184971097 250.8901734104046 117.78612716763007 book-spine 0
376.2259168704156 89.69388753056235 359.95990220048895 39.73398533007334 339.5007334963325 46.39511002444986 355.7667481662591 96.35501222493887 book-spine 0
293.71019108280257 585.6146496815286 278.1847133757962 532.8280254777069 259.28980891719743 538.3853503184712 274.81528662420385 591.1719745222929 book-spine 0
611.2738336713996 485.0081135902638 602.1034482758621 417.75862068965523 587.5557809330628 419.74239350912785 596.7261663286004 486.9918864097365 book-spine 0
226.6280087527352 215.54704595185996 216.72866520787744 163.57549234135666 200.36980306345728 166.691466083151 210.26914660831505 218.66301969365426 book-spine 0
539.2438356164383 413.8164383561643 531.8082191780821 343.17808219178085 513.9013698630138 345.06301369863013 521.3369863013698 415.7013698630136 book-spine 0
511.26692087702577 495.7082936129648 501.2430886558627 431.55576739752144 485.7464251668256 433.9771210676835 495.77025738798864 498.12964728312687 book-spine 0
301.24324324324334 107.45945945945945 292.94594594594605 57.67567567567566 278.02702702702703 60.16216216216216 286.3243243243243 109.94594594594597 book-spine 0
163 81.00000000000003 141 81.00000000000003 141 138 163 138 book-spine 0
175 88.00000000000003 155 88.00000000000003 155 136 175 136 book-spine 0
192 78.00000000000003 167 78.00000000000003 167 135 192 135 book-spine 0
208 81.00000000000003 188 81.00000000000003 188 131 208 131 book-spine 0
459.00000000000006 439 435 439 435.00000000000006 504 459.0000000000001 504 book-spine 0
471.0000000000001 437 449 437 449.00000000000006 502 471.0000000000001 502.0000000000001 book-spine 0
443 356 419 356 419 430 443 430 book-spine 0
455 355 433 355 433 427 455 427 book-spine 0
468 353.00000000000006 444 353 444 427 468 427.0000000000001 book-spine 0
273.5391245634768 113.02981349412647 265.0620857218599 64.15359795271357 252.52659972648786 66.32773931174077 261.00363856810475 115.20395485315368 book-spine 0
287.1777522518548 110.49178621440433 279.9762535879877 54.04007685875848 264.5768902286932 56.00456112189575 271.7783888925604 112.45627047754158 book-spine 0
317.0705181684074 104.16038558082988 308.6855026853364 46.864960776160906 291.98809142181693 49.3085773903867 300.3731069048879 106.60400219505567 book-spine 0
341.34275966417033 98.48170323829464 331.57704335527615 48.45314686656505 317.8484745290755 51.13300249716975 327.61419083796966 101.16155886889933 book-spine 0
152.72267771332906 138.95123801179707 140.4685346079081 92.27638186632834 131.11930531749618 94.73095383743495 143.37344842291714 141.4058099829037 book-spine 0
144.60695384256218 141.10785730576157 132.892244861422 93.58389001843224 122.72037251926896 96.09126747623557 134.43508150040915 143.61523476356487 book-spine 0
134.30401738448285 143.1250832650254 122.49976294509607 96.59078673972046 110.22223456187197 99.70520083306684 122.02648900125877 146.23949735837184 book-spine 0
123.1764705882353 145.7058823529412 111.58823529411765 99.3529411764706 94.88235294117646 103.52941176470588 106.47058823529412 149.88235294117646 book-spine 0
588.8396846000813 233.24574235099942 580.1078549767241 167.48344876564084 570.5955774841551 168.7464762828821 579.3274071075124 234.50876986824073 book-spine 0
564.9330423565661 237.2258929282346 554.9519739815786 172.8924260374166 536.0320504096235 175.82777306514188 546.0131187846112 240.16123995595984 book-spine 0
544.5149054469939 241.49390442942058 535.1232935315483 176.54857882847804 521.232392486384 178.55731387699626 530.6240044018297 243.50263947793883 book-spine 0
495.5979436714626 250.29909961060173 485.32480870698697 192.48492865881383 471.7269990201389 194.90115519695337 482.00013398461454 252.71532614874127 book-spine 0
247.50538636101012 293.57222071280523 235.41056130694432 230.1504203203797 224.18982747008243 232.29026516703107 236.28465252414824 295.71206555945656 book-spine 0
236.57129965193235 295.86101002329156 224.84994089427528 236.396651498072 208.080564595655 239.7021588744766 219.80192335331202 299.16651739969615 book-spine 0
187.88418236435973 302.8752401713082 176.49198134625874 251.9043181304001 164.44852849469282 254.59607708518115 175.8407295127938 305.56699912608923 book-spine 0
176.7575382885698 305.8970543774602 164.21467653112478 253.4152314026444 154.29214440526246 255.78666100786643 166.8350061627075 308.26848398268226 book-spine 0
170.58906188619542 225.773550720476 157.90800131617038 170.07148202184084 144.836063203914 173.04742246430425 157.51712377393903 228.74949116293942 book-spine 0
183.26614247165992 223.67497839879695 173.85569466188724 167.26836548547055 158.61322869387416 169.8113019086277 168.02367650364684 226.21791482195414 book-spine 0
158.08831268771272 228.16940331582373 146.6866981231725 178.76439568910132 136.81219511329664 181.0432188842242 148.21380967783685 230.4482265109466 book-spine 0
490.0892773591912 64.57339432097253 479.98641656626745 10.373111342867574 470.5636623002987 12.12950022876079 480.66652309322245 66.32978320686574 book-spine 0
542.6649352750012 52.38911685778224 534.4739932934204 -0.8111736987147964 523.81088049372 0.8305642950400056 532.0018224753007 54.03085485153704 book-spine 0
261.4169161950126 371.06773178027095 246.60289818981022 306.0432383251311 233.13719629570215 309.11102308918504 247.95121430090455 374.13551654432496 book-spine 0
270.5731148906648 368.9102921975167 257.56600647041586 308.07280839108955 247.97731904758854 310.12287833338746 260.98442746783746 370.9603621398146 book-spine 0
277.3100130733088 368.43663706477656 263.96178595864967 306.9446741362491 257.0245541177229 308.45055786071833 270.37278123238207 369.9425207892458 book-spine 0
306.9937602775558 363.9024518099545 294.7652903789005 298.14899916851647 282.48819191091894 300.4322272428994 294.71666180957425 366.18567988433745 book-spine 0
363.17389515010814 355.66580804048095 350.7210325518517 289.8227157144127 339.62838813317967 291.9206605696295 352.0812507314361 357.76375289569773 book-spine 0
415.4742065413117 347.78123931745563 404.4222545892852 279.45850251066463 391.470557831878 281.553581498277 402.5225097839045 349.876318305068 book-spine 0
427.9183498342928 345.06225251010284 417.0581437568525 280.82053660893996 405.1526813233959 282.83318172062235 416.0128874008362 347.0748976217852 book-spine 0
449.1195650241085 341.67997925537475 437.35735539050484 275.12188287202196 427.5677832736079 276.8519052993314 439.32999290721165 343.4100016826842 book-spine 0
494.5878155158955 334.64180716391525 484.2587630730724 267.7982493150329 468.8656868459605 270.1768763169897 479.1947392887837 337.0204341658721 book-spine 0
508.7590013716454 332.04849465510165 498.03206653240625 264.32129453583974 484.23578457064275 266.5064109642025 494.96271940988197 334.23361108346444 book-spine 0
247.83871229937483 372.9764613578195 234.20343373826455 310.7221963089259 227.49024244163115 312.19255714752427 241.1255210027415 374.4468221964179 book-spine 0
242.306197362939 373.8240741762103 228.09550085090143 310.3213425600604 216.80872974125668 312.84710601555247 231.01942625329428 376.3498376317023 book-spine 0
231.40162045183627 375.0517010424253 211.5758548574073 312.24110629798696 199.66282348645632 316.00137904242655 219.48858908088528 378.8119737868649 book-spine 0
219.4215449007473 377.93415929697585 201.88503423084046 315.561629892242 193.07706127068923 318.03805843009474 210.61357194059607 380.4105878348286 book-spine 0
210.23408102213838 378.64118538372395 193.56162654925845 317.93723960176186 182.19593312498492 321.05884897538544 198.86838759786482 381.76279475734754 book-spine 0
484.0517417435586 419.9520873029434 477.3839772853265 354.18772785241737 469.38910566172297 354.9983176810934 476.05687011995497 420.76267713161945 book-spine 0
401.8652442782924 431.7606607150228 391.65177951899557 364.2768168155636 377.9543860834556 366.34987366983137 388.1678508427524 433.8337175692907 book-spine 0
413.96227760125316 431.59101083031214 402.517389000639 360.73710258564546 390.60831519557394 362.6607512087364 402.0532037961881 433.51465945340306 book-spine 0
359.2278058092399 438.44790789951554 347.7609020870956 379.50827537529216 338.37987966194123 381.3333848365755 349.8467833840855 440.27301736079886 book-spine 0
349.48796418334894 438.59540492443773 339.65723699195235 375.08127657940696 329.6175594278517 376.63521951767893 339.4482866192482 440.14934786270965 book-spine 0
341.1721432224041 439.9785689935437 328.99606105361636 375.8388591465722 319.75318430034906 377.59349799810843 331.92926646913685 441.73320784508 book-spine 0
333.9862863041268 439.379500358016 319.6207805235424 376.9168570177221 309.4785777112925 379.24941717425406 323.84408349187686 441.71206051454794 book-spine 0
453.5739845029571 425.02976050518777 445.62223078396727 355.40397848821794 434.52426955678106 356.67144367000907 442.4760232757709 426.2972256869789 book-spine 0
477.76130249933385 422.17044341921235 468.90407182271014 352.8733496260121 457.1437024072843 354.37650508395365 466.00093308390797 423.67359887715395 book-spine 0
311.41664602225654 445.2854886670155 296.90388627343987 375.98074843986876 286.2526223616016 378.21117645485185 300.7653821104183 447.51591668199853 book-spine 0
300.6231843875077 446.4094459822355 286.7968074224061 378.16374587595936 276.56567431945393 380.2365431780788 290.3920512845555 448.48224328435504 book-spine 0
292.0674442404061 447.4854197084427 277.2394487495954 379.43139205075545 263.1913127153773 382.4922791861571 278.01930820618793 450.54630684384426 book-spine 0
278.14823330344404 448.50662665605444 263.44795087678233 382.0234938175237 257.97240976671503 383.23420693106306 272.67269219337686 449.7173397695937 book-spine 0
244.00223561958543 453.3241691546111 224.84950131139098 387.07653459669876 210.4059030262993 391.25229728248684 229.55863733449377 457.49993184039914 book-spine 0
459.8615212246741 500.75783255339434 446.3601578294564 438.1120092029726 431.5295670862091 441.308282861478 445.0309304814268 503.95410621189967 book-spine 0
471.40920301944936 499.3839672147176 459.4479131021822 438.1773061612892 446.9864502724135 440.6125830925042 458.94774018968064 501.81924414593266 book-spine 0
524.6790837862193 495.3766139126021 517.4477918995249 429.5994696304656 500.8321456188015 431.4261312992454 508.0634375054959 497.20327558138194 book-spine 0
566.8593064102513 489.1798672031857 556.5296659445007 423.96108149655345 543.987592691771 425.94755067091944 554.3172331575215 491.16633637755166 book-spine 0
178.74016328601883 532.0900126620871 172.89183373293486 475.81890240055816 157.14054172009432 477.45595463126426 162.98887127317835 533.7270648927934 book-spine 0
209.9324747787041 530.5896861502982 194.3602558017509 471.3286418510826 180.07599794935805 475.08216313696494 195.64821692631125 534.3432074361806 book-spine 0
197.59041478795294 531.616323642601 178.47652675777553 473.4144960871638 165.5981485814048 477.64384572810013 184.71203661158222 535.8456732835373 book-spine 0
236.93797968702273 523.9158799217389 223.09770550563337 468.39220561059597 212.37255467957817 471.0656423006381 226.2128288609675 526.589316611781 book-spine 0
246.11833623692053 523.472976604536 228.88460423897325 468.5706479184786 220.76161140236445 471.1204392464175 237.99534340031173 526.022767932475 book-spine 0
581.133363990452 560.8321603653184 573.1555649212926 501.57613414731117 557.0093491085164 503.7499428500363 564.987148177676 563.0059690680436 book-spine 0
343.5604771154955 582.2679775282552 330.86541940577865 529.06157018461 317.9793366190738 532.1361916972565 330.67439432879064 585.3425990409017 book-spine 0
331.54013679477146 583.4902792250563 319.31690379797067 529.750623652399 306.63271129541863 532.6356782490989 318.8559442922194 586.3753338217562 book-spine 0
319.83579252919606 584.3089401648439 304.9970544635054 531.0656739834453 290.574871105278 535.0850930863039 305.41360917096864 588.3283592677025 book-spine 0
390.7430165491803 577.9313361323864 380.6429166048255 525.119970737378 368.21069116360104 527.4976165063887 378.310791107956 580.308981901397 book-spine 0
208.34644677486813 127.40134408124669 199.27821607068847 79.17079147364166 186.89039079899624 81.4999303993495 195.9586215031759 129.73048300695453 book-spine 0
280.9549071618037 587.5358090185675 270.02652519893905 535.6259946949602 252.0848806366048 539.4031830238728 263.0132625994695 591.3129973474801 book-spine 0
564.7980922098569 147.97615262321142 559.8028616852146 85.53577106518284 544.3418124006358 86.77265500794914 549.3370429252782 149.21303656597772 book-spine 0
478.4202626641651 569.6791744840525 469.6547842401501 513.7992495309569 454.9193245778612 516.110694183865 463.68480300187616 571.9906191369606 book-spine 0
405.00000000000006 446 379 446 379.00000000000006 509 405.0000000000001 509 book-spine 0
210.7692307692308 371.8461538461539 180.24615384615387 318.4307692307693 156.87692307692308 331.7846153846154 187.40000000000003 385.20000000000005 book-spine 0
156.7504424778761 308.54336283185853 143.01946902654868 255.90796460176995 131.458407079646 258.9238938053098 145.18938053097347 311.5592920353983 book-spine 0
26.01886792452831 333.433962264151 16.452830188679258 282.41509433962267 4.739622641509442 284.611320754717 14.305660377358492 335.6301886792453 book-spine 0
358.5660377358491 190.0188679245283 348.34339622641505 135.49811320754716 331.37735849056605 138.67924528301887 341.6 193.2 book-spine 0
132.03846153846158 605.1923076923077 121.61538461538467 553.0769230769232 108.53846153846156 555.6923076923078 118.96153846153848 607.8076923076924 book-spine 0