210.2782918149467 561.2505338078294 191.05871886121005 560.8879003558721 189.64733096085416 635.6914590747333 208.8669039145908 636.0540925266905 book-spine 0
226.51187648456067 561.1555819477434 210.56532066508322 560.6057007125889 207.9667458432305 635.9643705463184 223.91330166270794 636.5142517814727 book-spine 0
596.7373266078185 255.8740226986129 592.7181588902902 136.63871374527113 561.7196721311476 137.68360655737706 565.738839848676 256.9189155107188 book-spine 0
205.92208649719382 291.1426213271706 194.1195113898977 290.7134367778144 190.15978870914495 399.60581049851436 201.96236381644104 400.03499504787055 book-spine 0
523.7745222929937 253.68662420382165 519.7694267515924 141.543949044586 501.6496815286624 142.19108280254775 505.6547770700637 254.33375796178342 book-spine 0
416.0000000000001 429 407 429 407 533 416.0000000000001 533 book-spine 0
191.00000000000006 561 149.00000000000006 561 149.00000000000006 633 191.00000000000006 633 book-spine 0
596.4352941176471 311.5411764705883 585 309.00000000000006 563.4470588235293 405.98823529411766 574.8823529411765 408.52941176470597 book-spine 0
367 142.00000000000006 340 142.00000000000006 340 251.00000000000006 367 251.00000000000006 book-spine 0
402 164.00000000000006 387 164.00000000000006 387 252.00000000000006 402 252.00000000000006 book-spine 0
485.4549222797928 294.44870466321254 460.6549222797928 292.8487046632125 453.49015544041447 403.9025906735752 478.29015544041454 405.50259067357524 book-spine 0
632.3210606833248 255.89250382457934 629.9180010198878 136.94105048444675 608.6236613972463 137.37123916369202 611.0267210606834 256.3226925038246 book-spine 0
189.50653983353158 141.23186682520813 176.56302021403093 140.9161712247325 174.00297265160526 245.87812128418548 186.94649227110585 246.19381688466115 book-spine 0
486.3690100430416 425.1142037302726 465.41004304160697 424.40373027259693 461.62984218077486 535.9196556671451 482.5888091822095 536.6301291248209 book-spine 0
640.5586206896553 315.49655172413804 624.4206896551725 311.1517241379311 599.5972413793104 403.353103448276 615.7351724137932 407.69793103448285 book-spine 0
612.9513513513514 570.0918918918919 599.627027027027 563.037837837838 559.9783783783784 637.9297297297298 573.3027027027027 644.9837837837838 book-spine 0
178.14535481659243 128.150839904011 167.76002742543713 127.958519026397 165.59341789509773 244.95543366472413 175.97874528625306 245.14775454233808 book-spine 0
431.1214074203101 566.2931545026998 405.91848110085357 555.8519421703536 371.6953492422923 638.4595018289497 396.89827556174885 648.9007141612958 book-spine 0
204 137 188 137 188.00000000000006 246 204.00000000000003 246 book-spine 0
274.5616438356165 563.1643835616438 265.60821917808227 562.2219178082192 257.6465753424658 637.8575342465755 266.6 638.8000000000001 book-spine 0
302.04339201586913 563.7832878750311 280.28316389784277 561.020084304488 270.59509050334736 637.3136622861393 292.3553186213737 640.0768658566824 book-spine 0
102.0416574340794 299.042543762464 89.86405938400182 298.9143585198316 88.81065809882566 398.9874806115666 100.98825614890323 399.115665854199 book-spine 0
297.4137214137215 291.17463617463625 287.8752598752599 290.8669438669439 284.29625779625786 401.8160083160084 293.8347193347194 402.1237006237007 book-spine 0
305.6453097345133 534.8003539823009 296.92460176991153 419.25097345132747 280.95893805309737 420.4559292035398 289.67964601769916 536.0053097345133 book-spine 0
176.00000000000006 292 164.00000000000006 292 164.00000000000006 400 176.00000000000006 400 book-spine 0
352.2631261315631 533.9722389861194 349.9312009656005 427.86964393482197 340.8037417018709 428.07024743512375 343.1356668678334 534.1728424864211 book-spine 0
575.9811320754718 442.5660377358492 560.1320754716982 438.03773584905673 534.3584905660379 528.245283018868 550.2075471698115 532.7735849056605 book-spine 0
566.058568329718 571.1887201735358 542.0715835140998 558.5639913232104 500.6616052060738 637.2429501084598 524.648590021692 649.8676789587853 book-spine 0
205 137 192 137 192.00000000000003 246 205.00000000000003 246 book-spine 0
439.2027729636049 289.1334488734836 412.45753899480076 288.0190641247834 407.6395147313691 403.6516464471404 434.3847487001733 404.7660311958406 book-spine 0
330 129.00000000000006 309 129.00000000000006 309 251.00000000000006 330 251.00000000000006 book-spine 0
465.15047984644923 428.1627639155471 450.44760076775447 427.58618042226493 446.25642994241855 534.4610364683302 460.9593090211133 535.0376199616123 book-spine 0
546.0668380462724 442.31362467866336 537.9460154241646 440.2082262210797 514.7506426735218 529.6760925449872 522.8714652956297 531.7814910025708 book-spine 0
366.7960848287113 303.1370309951061 355.26264274062 302.8075040783035 352.4584013050572 400.9559543230017 363.9918433931485 401.2854812398043 book-spine 0
120.93188466360216 530.8600083577101 113.68157124947764 430.8056832427915 101.22524028416214 431.7083159214375 108.47555369828666 531.7626410363561 book-spine 0
264.92874109263664 292.0665083135392 248.01781472684092 291.4833729216152 244.2446555819478 400.90498812351547 261.15558194774354 401.4881235154395 book-spine 0
518.8 568.4000000000001 504.80000000000007 561.4000000000001 466.2000000000001 638.6000000000001 480.19999999999993 645.6 book-spine 0
361.48923076923074 533.8061538461538 355.5353846153846 426.63692307692304 339.75076923076915 427.51384615384615 345.7046153846153 534.6830769230769 book-spine 0
219 142 204.00000000000003 142 204.00000000000006 247 219.00000000000003 247 book-spine 0
146.26292466765145 159.16395864106354 132.59084194977848 158.63810930576074 129.31166912850816 243.89660265878882 142.98375184638113 244.4224519940916 book-spine 0
641.6904315196998 435.40150093808643 626.2532833020638 430.48968105065677 592.7636022514072 535.7429643527205 608.2007504690432 540.6547842401501 book-spine 0
280.0764601769912 534.0130973451327 271.38407079646026 418.8389380530974 247.68884955752213 420.6272566371682 256.3812389380531 535.8014159292035 book-spine 0
482.3655786350148 253.49436201780418 478.06172106824926 165.2652818991098 460.8100890207715 166.10682492581603 465.11394658753704 254.3359050445104 book-spine 0
605.7903319743741 439.5672684915552 593.6845661036693 435.57786837507297 562.0092020966804 531.6962143273151 574.1149679673852 535.6856144437975 book-spine 0
556.3432339806834 254.7273860213937 550.607435870807 142.30574306781597 533.8042372001246 143.1630491224426 539.540035310001 255.58469207602033 book-spine 0
387.5153274814314 533.7727211343686 383.8881836596893 429.7945982444294 375.3520594193112 430.09237002025657 378.97920324105337 534.0704929101958 book-spine 0
594.2692307692307 437.6538461538462 568.1153846153845 432.423076923077 547.7307692307692 534.3461538461539 573.8846153846152 539.5769230769231 book-spine 0
152.00000000000003 155 144 155 144.00000000000003 245 152.00000000000006 245 book-spine 0
258.06206896551726 533.744827586207 248.39310344827584 417.7172413793104 229.85517241379307 419.26206896551724 239.52413793103446 535.2896551724139 book-spine 0
382.1034482758621 566.2413793103448 359.344827586207 557.1379310344827 326.9310344827586 638.1724137931035 349.68965517241384 647.2758620689656 book-spine 0
597.7562277580071 568.9199288256228 583.0711743772241 561.2277580071175 542.476868327402 638.7259786476868 557.161921708185 646.4181494661922 book-spine 0
449.00000000000006 426 434 426 434.00000000000006 535 449.0000000000001 535 book-spine 0
192.34170584284755 532.4838146406985 183.03344526527871 418.1251846877098 156.52303559435862 420.2830087306917 165.83129617192748 534.6416386836803 book-spine 0
118.35874779096194 277.0714466043928 103.09101237061353 276.89989901540014 101.70828073718764 399.9630143903055 116.97601615753604 400.13456197929816 book-spine 0
228.00000000000006 144 217.53623993335185 143.8256039988892 215.8178283810053 246.93029713968343 226.28158844765346 247.10469314079427 book-spine 0
280 148.00000000000006 268 148.00000000000006 268 249.00000000000006 280 249.00000000000006 book-spine 0
240.85069341988788 534.6680436706993 231.03658896429624 420.82443198583655 214.94924756565356 422.21127176158166 224.7633520212452 536.0548834464444 book-spine 0
394.91127224785765 295.1798286090969 386.25141727092944 294.7816743572841 381.23572841133813 403.8729070533949 389.89558338826635 404.2710613052077 book-spine 0
156.04539164129534 305.1417104898976 140.57694436756162 304.95972875726545 139.47218378079162 398.8643786327152 154.94063105452534 399.04636036534737 book-spine 0
290.27632000000006 286.39024000000006 265.32496000000003 285.44272000000007 260.82736 403.87952000000007 285.77872 404.82704000000007 book-spine 0
169 141 160 141 160.00000000000003 245 169.00000000000003 245 book-spine 0
312.43994228688234 533.8391246843814 304.99567151617174 420.9343513286041 295.19213658771196 421.5807382469642 302.63640735842256 534.4855116027413 book-spine 0
639 180.00000000000006 638 180.00000000000006 638 232.00000000000006 639 232.00000000000006 book-spine 0
420 124.00000000000006 400 124.00000000000006 400 253.00000000000006 420 253.00000000000006 book-spine 0
167.00000000000006 292 155.00000000000006 292 155.00000000000006 400 167.00000000000006 400 book-spine 0
536.1740540540541 571.1643243243244 519.5945945945946 562.5675675675676 480.39459459459454 638.1675675675676 496.974054054054 646.7643243243244 book-spine 0
281.0000000000001 562 265.0000000000001 562 265.0000000000001 639 281.0000000000001 639 book-spine 0
355.5252669039147 293.16085409252673 333.608540925267 292.7473309608542 331.53451957295385 402.6704626334521 353.4512455516016 403.08398576512457 book-spine 0
554.980895053651 299.81654017272973 541.8900811305941 297.6705051033762 524.3658728081655 404.5681758701911 537.4566867312224 406.7142109395447 book-spine 0
524.8330206378988 300.4202626641652 508.65103189493436 299.0131332082552 499.3677298311446 405.77110694183875 515.5497185741089 407.1782363977486 book-spine 0
455.0153846153846 252.72307692307686 445.687573964497 117.46982248520709 418.2319526627218 119.36331360946745 427.55976331360944 254.61656804733724 book-spine 0
141.00000000000006 291 130.00000000000006 291 130.00000000000006 399 141.00000000000006 399 book-spine 0
192.39376175201863 292.6481583895587 175.08760092910077 291.9194779338569 170.50447959296537 400.7686096670722 187.81064041588323 401.4972901227741 book-spine 0
401.26597938144334 294.14845360824745 392.5567010309279 293.75257731958766 387.59587628865984 402.8907216494845 396.30515463917527 403.2865979381443 book-spine 0
543.4837728194727 300.4006085192699 527.3864097363085 297.8042596348886 510.1095334685599 404.92089249492903 526.2068965517242 407.51724137931046 book-spine 0
493.57197696737046 569.4145873320539 485.12667946257204 564.7696737044148 444.9270633397314 637.8598848368522 453.3723608445298 642.5047984644914 book-spine 0
510.8503983475952 283.9353791678962 487.7975804071998 281.9480672764828 477.13956919445263 405.5809973443494 500.1923871348481 407.5683092357628 book-spine 0
327.0421216848674 564.4867394695788 303.87519500780036 560.780031201248 291.4009360374415 638.7441497659906 314.5678627145086 642.4508580343215 book-spine 0
637.014439096631 571.4750092558313 617.3050721954833 560.0873750462792 572.2839689004074 638.0085153646799 591.9933358015551 649.3961495742317 book-spine 0
163.53189189189186 135.12864864864864 149.8648648648649 134.8108108108108 147.3048648648649 244.89081081081082 160.97189189189186 245.20864864864865 book-spine 0
466.133484162896 252.8031674208145 461.7805429864254 161.39140271493216 446.67194570135746 162.11085972850682 451.02488687782807 253.52262443438917 book-spine 0
271 124.00000000000003 244 124.00000000000003 244.00000000000003 248.00000000000006 271 248.00000000000006 book-spine 0
344 146.00000000000006 327 146.00000000000006 327 251.00000000000006 344 251.00000000000006 book-spine 0
320.86420566908373 533.8437705998681 314.67732366512854 420.4176005273566 300.0662491760053 421.2145682267634 306.25313117996046 534.6407382992749 book-spine 0
333.23145400593467 534.7448071216618 327.65519287833826 420.4314540059347 313.22611275964385 421.1353115727003 318.80237388724026 535.4486646884274 book-spine 0
132.32032916793668 291.05333739713507 123.02544955806161 290.93858579701316 121.69186223712285 398.95915879305096 130.98674184699792 399.0739103931729 book-spine 0
128.00000000000006 559 111.00000000000006 559 111.00000000000007 633 128.00000000000006 633 book-spine 0
111.00000000000003 156 99.00000000000003 156 99.00000000000003 244 111.00000000000003 244 book-spine 0
570.9532062391681 254.87694974003463 566.474870017331 147.3968804159445 550.4194107452339 148.06585788561523 554.897746967071 255.54592720970535 book-spine 0
632.7427490542246 584.4010088272385 601.2118537200506 581.0226986128627 595.0000000000002 639.0000000000002 626.5308953341743 642.378310214376 book-spine 0
395.1492682926829 533.7765853658536 391.9043902439024 429.940487804878 382.63219512195116 430.23024390243904 385.8770731707317 534.0663414634146 book-spine 0
587.4615384615385 303.69230769230774 572.0769230769231 300.6153846153847 551.1923076923076 405.0384615384616 566.576923076923 408.11538461538464 book-spine 0
151.23092783505163 561.919587628866 129.639175257732 560.9381443298969 126.3608247422681 633.0618556701031 147.9525773195877 634.0432989690722 book-spine 0
538.7139171933444 253.94157100477233 534.849864568554 140.59602734425383 519.2203018186508 141.12885334709142 523.0843544434412 254.47439700760992 book-spine 0
416.0881623982062 311.2963531216807 398.2267201699517 310.71391478815065 395.06491207364576 407.676029741532 412.92635430190023 408.258468075062 book-spine 0
447.36425339366525 566.1199095022625 432.7488687782806 559.1968325791855 395.5067873303168 637.8190045248869 410.12217194570144 644.742081447964 book-spine 0
366.7554744525547 533.9525547445256 363.914598540146 428.8401459854014 354.81313868613137 429.0861313868613 357.65401459854013 534.1985401459855 book-spine 0
309 136.00000000000006 280 136.00000000000006 280 250.00000000000006 309 250.00000000000006 book-spine 0
620.5871505056514 305.05710886377165 598.5526472337895 300.0993456276027 574.8346222486616 405.5127900059489 596.8691255205235 410.47055324211783 book-spine 0
503.4316702819957 569.2798264642082 491.89154013015184 563.2060737527115 452.21691973969627 638.587852494577 463.7570498915402 644.6616052060738 book-spine 0
541.5009823182712 426.79567779960723 514.7465618860513 420.7151277013753 488.89194499017697 534.4754420432221 515.6463654223969 540.5559921414539 book-spine 0
434.00000000000006 423 413 423 413.00000000000006 537 434.0000000000001 537 book-spine 0
485.95120000000003 568.6184000000001 471.6415999999999 560.7712 429.7264 637.2048000000001 444.03599999999994 645.0520000000001 book-spine 0
226.7908874532472 531.7415844950698 216.33015980958857 418.7657259435566 200.04386263175786 420.2737164229854 210.50459027541652 533.2495749744985 book-spine 0
611.8971690258119 254.96128226477936 609.8713572023315 155.69650291423812 592.9600333055786 156.04163197335555 594.9858451290589 255.30641132389678 book-spine 0
334.9798099762471 291.5855106888361 315.2446555819478 290.90498812351547 311.435866983373 401.3598574821853 331.1710213776722 402.04038004750595 book-spine 0
238 127.00000000000003 225.00000000000003 127.00000000000003 225.00000000000006 247.00000000000003 238.00000000000006 247.00000000000006 book-spine 0
345.58607663248785 533.600647598489 340.5715056664867 425.78737182946566 327.06583917970863 426.41554236373446 332.08041014570966 534.2288181327577 book-spine 0
373.7565320665083 533.9394299287411 370.163895486936 429.75296912114015 361.72565320665086 430.0439429928741 365.3182897862233 534.2304038004751 book-spine 0
122.00000000000003 156 110.00000000000003 156 110.00000000000003 244 122.00000000000003 244 book-spine 0
380.81095890410955 534.8958904109589 376.8849315068493 428.8931506849315 368.341095890411 429.2095890410959 372.26712328767127 535.2123287671233 book-spine 0
435.0432822362489 252.67808836789902 431.1965734896303 192.41298467087466 416.3845807033363 193.35843101893602 420.23128944995494 253.62353471596032 book-spine 0
467.4000000000001 568.2 450.20000000000005 559.6000000000001 411.20000000000005 637.6000000000001 428.4000000000001 646.2 book-spine 0
508.62465753424664 433.0657534246576 488.6356164383562 430.9616438356165 477.7041095890411 534.8109589041096 497.69315068493154 536.9150684931507 book-spine 0
387 143.00000000000006 366 143.00000000000006 366 252.00000000000006 387 252.00000000000006 book-spine 0
211.2096853089842 532.6222077286809 200.91684330670145 417.9305397032447 181.96690037502037 419.63117560736987 192.2597423773031 534.3228436328061 book-spine 0
459.211464968153 289.0789808917198 437.3464968152866 288.2980891719746 433.20127388535036 404.36433121019115 455.0662420382166 405.1452229299364 book-spine 0
402.01183431952666 564.8284023668641 384.91124260355036 557.7869822485209 351.83727810650896 638.1094674556214 368.93786982248525 645.1508875739646 book-spine 0
509.11764705882365 253.52941176470586 500.60588235294125 142.8764705882353 469.4823529411765 145.2705882352941 477.9941176470589 255.92352941176472 book-spine 0
237.00000000000006 277 203.00000000000006 277 203.00000000000006 401 237.00000000000006 401 book-spine 0
254.06735266604306 562.7708138447148 227.14817586529475 561.2957904583724 223.03592142188967 636.3444340505145 249.95509822263807 637.8194574368569 book-spine 0
244.00000000000003 137.00000000000006 237 137.00000000000006 237.00000000000003 248.00000000000006 244.00000000000006 248.00000000000006 book-spine 0
570 299.0000000000001 537 299.0000000000001 537 407.0000000000001 570 407.0000000000001 book-spine 0
289.71692307692314 532.9046153846155 283.7138461538462 424.84923076923064 271.52923076923076 425.52615384615376 277.5323076923077 533.5815384615386 book-spine 0
165.78337355069726 532.9506533916766 154.6307615979993 415.5211328928019 133.16014856209074 417.56025742093385 144.3127605147887 534.9897779198085 book-spine 0
143.76937154052112 525.0159094205567 135.0816114575421 428.2512309514111 124.45885703970288 429.20496679038274 133.1466171226819 525.9696452595283 book-spine 0
133.0700180138136 531.9988333811625 124.57878322371556 428.07277630483406 110.39831926754803 429.2313851491579 118.88955405764607 533.1574422254864 book-spine 0
315.49128966643786 285.37711275738974 296.2437622110012 284.7049740295253 292.1444546772031 402.0937377386917 311.3919821326398 402.76587646655616 book-spine 0