144.6823924200553 512.6429135412556 128.74674299249904 505.53316225819196 74.87978681405451 626.2694433478089 90.81543624161077 633.3791946308725 book-spine 0
648.9245570584874 79.77824347494769 611.2173747380455 61.214707563345456 515.2356639359879 256.1775576300248 552.9428462564299 274.74109354162704 book-spine 0
378.22018348623857 513.7339449541284 360.7477064220184 504.32568807339453 295.2110091743119 626.0366972477065 312.6834862385321 635.4449541284404 book-spine 0
71.94345802447855 466.7405619720738 62.28391656610928 319.91553180486125 55.32718496810894 320.373211515256 64.9867264264782 467.1982416824686 book-spine 0
273.71081081081087 513.4351351351352 252.66756756756763 502.2945945945946 189.47297297297303 621.6621621621622 210.51621621621626 632.8027027027027 book-spine 0
367.80000000000007 126.60000000000008 352.1934426229509 122.92786885245908 318.21311475409846 267.344262295082 333.8196721311476 271.016393442623 book-spine 0
510.19977490151945 325.17445132245365 494.72425436128304 318.7028700056275 433.8525604952166 464.2656162070906 449.328081035453 470.73719752391673 book-spine 0
654.6495710200192 114.0827454718781 635.6254528122022 104.2571020019067 554.7666348903717 260.8135367016207 573.7907530981887 270.6391801715921 book-spine 0
544.5483061480553 102.88582183186958 524.1593475533249 94.2597239648683 453.20451693851936 261.97114178168135 473.5934755332497 270.5972396486826 book-spine 0
122.00000000000001 93 86.00000000000001 93 86.00000000000003 273 122.00000000000003 273 book-spine 0
524.011119573496 327.1265803503428 510.8230007616147 321.2453922315309 445.7730388423459 467.1150038080732 458.96115765422707 472.9961919268851 book-spine 0
659.1825031393888 175.0133947258268 635.6596902469653 161.01172038509847 578.104227710339 257.7048974466305 601.6270406027626 271.7065717873588 book-spine 0
564.9310344827586 101.82758620689661 542.9655172413792 92.41379310344828 470.08620689655163 262.4655172413793 492.051724137931 271.8793103448276 book-spine 0
449.6047658175844 512.8282662284307 433.50616269515206 504.5193097781431 373.3451109285128 621.0813475760067 389.4437140509451 629.3903040262943 book-spine 0
650 324.0000000000001 627.2 312.6000000000001 550.0000000000001 467 572.8000000000001 478.4000000000001 book-spine 0
221.07999999999998 315.44 192.38000000000002 311.34 170.28000000000003 466.03999999999996 198.98 470.14 book-spine 0
238.9634146341464 99.32926829268297 220.4146341463415 97.26829268292687 201.2317073170732 269.9146341463415 219.78048780487808 271.9756097560976 book-spine 0
357.72410328544163 512.9208278910882 338.89159047523367 502.862554003818 272.8233698382398 626.5647543454235 291.6558826484478 636.6230282326937 book-spine 0
464.0153846153846 100.27692307692313 433.2153846153846 91.87692307692313 386.3230769230769 263.81538461538463 417.1230769230769 272.21538461538466 book-spine 0
45.82725675378871 468.7321546233253 31.76191522073358 320.26466066329886 17.71952558752471 321.5949923127608 31.78486712057984 470.06248627278717 book-spine 0
155.14528650646952 69.44510166358599 123.17634011090574 68.83031423290205 119.27504621072089 271.6975970425139 151.24399260628468 272.3123844731978 book-spine 0
100.22413793103446 469.81034482758616 90.70689655172413 308.01724137931035 60.106896551724134 309.81724137931036 69.62413793103447 471.6103448275862 book-spine 0
296.9433962264152 333.6981132075472 275.81132075471703 327.66037735849056 238.79245283018875 457.2264150943397 259.9245283018869 463.2641509433963 book-spine 0
581.0088626292468 513.2304283604137 553.4938075218726 496.37745710714705 475.8376320872629 623.1630496534485 503.35268719463716 640.0160209067153 book-spine 0
430.6702702702703 310.8216216216217 404.3891891891892 302.73513513513524 354.0108108108109 466.4648648648649 380.29189189189185 474.5513513513514 book-spine 0
295.6107382550336 101.87248322147656 270.1677852348993 97.3825503355705 240.03691275167785 268.1241610738255 265.4798657718121 272.6140939597316 book-spine 0
86.04039209058647 272.9474395808688 84.9582558729086 86.8200101402738 51.064052729423715 87.01706946087543 52.14618894710158 273.1444989014704 book-spine 0
598.3301423955966 338.915878903913 581.9498623908102 331.21574727773134 516.8508436041642 469.6991145147781 533.2311236089506 477.39924614095975 book-spine 0
334.82348830959427 320.8190271432411 323.86750873421124 317.6409567320613 280.8879871002419 465.80720236495563 291.84396667562487 468.9852727761354 book-spine 0
81.17422235676992 512.460909710134 59.94104291228342 504.1263906758496 12.416483765988119 625.2008627866495 33.649663210474614 633.5353818209339 book-spine 0
203.00000000000006 102.00000000000003 158.00000000000003 102.00000000000003 158.00000000000006 271 203.00000000000006 271 book-spine 0
654.0643776824036 372.27038626609453 631.9699570815452 358.6738197424894 567.8669527896997 462.84120171673834 589.961373390558 476.4377682403435 book-spine 0
211.4149544155668 512.2210504830589 194.7658184787046 503.35188461015105 132.65063273914822 619.954075384406 149.29976867601042 628.823241257314 book-spine 0
485.5231316725979 88.7259786476869 468.270462633452 83.33451957295381 411.33096085409255 265.54092526690397 428.5836298932385 270.93238434163703 book-spine 0
623.7068965517242 321.01724137931046 601.7413793103449 311.6034482758622 533.6206896551724 470.55172413793116 555.5862068965517 479.9655172413794 book-spine 0
660.0943396226415 329.83018867924545 630.4622641509435 313.367924528302 550.2264150943397 457.79245283018884 579.8584905660377 474.2547169811321 book-spine 0
645.448275862069 432.62068965517255 631.5689655172414 426.6724137931036 615.5862068965517 463.9655172413794 629.4655172413793 469.91379310344837 book-spine 0
410.3868967376652 514.4831490967916 385.9803181450526 500.6681046104072 315.57050417902406 625.058775950391 339.97708277163656 638.8738204367755 book-spine 0
658.2 572.6 628.6 557.8000000000001 596.6 621.8000000000002 626.2 636.6000000000001 book-spine 0
436.28369942196537 514.8240462427747 413.4860115606938 502.63907514450887 347.0707514450868 626.8998843930638 369.86843930635837 639.0848554913297 book-spine 0
110.11468853792456 513.7266996543077 85.21399037483906 503.27729953229857 33.37795702568971 626.8014641089949 58.27865518877522 637.250864231004 book-spine 0
197.77375565610868 512.3665158371041 177.7850678733032 502.89819004524884 121.05656108597285 622.658371040724 141.04524886877832 632.1266968325792 book-spine 0
23.935739915189735 468.717299119278 9.812710666521692 322.0550723061868 -2.194465586604327 323.21131890833965 11.928563662063716 469.87354572143084 book-spine 0
272.78191595299745 299.24855606452905 232.94029077872932 286.58366859191403 176.39952200756818 464.45150368452505 216.2411471818363 477.1163911571401 book-spine 0
541.8697612732095 513.0936339522547 530.0045092838196 506.1535809018568 460.9493368700265 624.215649867374 472.8145888594164 631.1557029177719 book-spine 0
275.5882352941177 328.64705882352945 255.82352941176475 323.7058823529412 222.35294117647067 457.5882352941177 242.11764705882356 462.5294117647059 book-spine 0
566.9802393543001 327.21597550793217 540.7088783746174 313.33676593376015 461.1820205956026 463.86974672975236 487.45338157528533 477.7489563039244 book-spine 0
13.00000000000005 361 4.420974944921945e-14 361 5.0822842164615156e-14 469 13.000000000000057 469 book-spine 0
438.83817427385895 81.3568464730291 414.62655601659753 74.90041493775936 363.7717842323651 265.6058091286307 387.9834024896266 272.0622406639004 book-spine 0
68.50121546961326 467.5969060773481 55.12220994475139 318.1980110497238 31.905414364640894 320.2771270718232 45.28441988950276 469.6760220994475 book-spine 0
142.06990193613277 467.9280864973599 139.95484033190849 318.8162433995474 121.48337943173247 319.07824993713854 123.59844103595675 468.190093034951 book-spine 0
125.3457216940363 468.7545375972342 120.77182368193606 313.24200518582546 92.00259291270528 314.08815903197933 96.57649092480553 469.6006914433881 book-spine 0
546.9541056628574 98.10540728029507 529.6312753295118 91.62331592975289 464.82518529336585 264.81200481945314 482.14801562671147 271.2940961699953 book-spine 0
639.3782788771285 513.6898297284861 623.8320294523701 502.64381040036824 541.0924988495169 619.0920386562357 556.6387482742753 630.1380579843535 book-spine 0
225.40000000000003 513.2 209.80000000000007 505.4000000000001 150.40000000000006 624.2 166 632 book-spine 0
309.34822963217596 117.25438294946721 293.3334479202475 114.23272602268825 264.04847026469577 269.44310759711243 280.0632519766242 272.4647645238914 book-spine 0
335.6320754716981 513.4622641509434 315 502 249.62264150943395 619.679245283019 270.25471698113205 631.1415094339624 book-spine 0
649.5 214.5000000000001 627.9000000000001 207.30000000000013 609.7 261.9000000000001 631.3 269.1000000000001 book-spine 0
34.859729715293 467.7948827519897 18.758025746487906 321.8061001014903 6.880455103894022 323.11612627530576 22.982159072699112 469.10490892580526 book-spine 0
56.48693271384724 513.54857711773 19.706712021903314 499.9791753090517 -25.286069858126552 621.9332946154484 11.494150833817372 635.5026964241268 book-spine 0
550.8350515463917 99.62886597938152 532.2061855670104 92.4639175257733 465.99484536082485 264.61340206185577 484.6237113402061 271.77835051546396 book-spine 0
9.000000000000023 110 1.3471114790620885e-14 110 2.3390753863714445e-14 272 9.000000000000032 272 book-spine 0
650.5692879544663 153.79695667324896 636.7697758160066 145.6897432919039 570.4544081774887 258.5669648042747 584.2539203159484 266.6741781856197 book-spine 0
656.8533440773571 531.3126510878324 635.1909750201451 516.3730862207897 564.9572925060435 618.2119258662369 586.6196615632555 633.1514907332796 book-spine 0
381.4794076816288 323.5270708005553 358.32901434521045 315.6348912540491 307.89403054141593 463.57751041184633 331.0444238778343 471.46968995835266 book-spine 0
403.84615384615387 310.76923076923083 383.08442776735467 304.16322701688557 331.60225140712953 465.9643527204503 352.36397748592873 472.57035647279554 book-spine 0
268.999390285211 102.42490346182512 239.82250525032183 97.80522999796764 212.76478558363254 268.6960910507418 241.94167061852175 273.3157645145993 book-spine 0
522.123076923077 517.7846153846154 498.0000000000001 504.0000000000001 430.18461538461554 622.6769230769232 454.3076923076924 636.4615384615386 book-spine 0
494.22588832487315 514.3375634517768 465.338578680203 502.35989847715746 415.4431472081218 622.6959390862945 444.33045685279194 634.6736040609139 book-spine 0
320.0425339366517 332.29321266968327 298.6416289592761 326.27420814479643 262.17737556561093 455.92488687782804 283.5782805429865 461.94389140271494 book-spine 0
599.5869067535441 98.7875759443516 585.9525843092366 92.0209122127323 502.05952276129256 261.0591705556045 515.6938452056 267.8258342872238 book-spine 0
352.52717007762885 319.9110797459422 335.35285815102327 314.6633733239238 289.5285815102328 464.6337332392378 306.7028934368384 469.8814396612562 book-spine 0
222.0015324104817 101.61168718394036 198.6987791796496 98.9293558767942 178.9719568881851 270.30612453389176 202.2747101190172 272.98845584103793 book-spine 0
310.2648752399233 513.2456813819579 282.8176583493283 498.1497120921306 213.3973128598849 624.3685220729367 240.84452975047986 639.464491362764 book-spine 0
56.37518463810932 272.7548005908419 49.20384047267356 86.29985228951257 3.0413589364844826 88.07533234859676 10.212703101920242 274.5302806499261 book-spine 0
467.27252827435257 513.7785479751916 452.0678584458227 505.51514045968634 387.89419919737315 623.5946734768333 403.098869025903 631.8580809923387 book-spine 0
490.8524113887276 514.1905868681001 471.8866937826845 503.4061592097619 403.78471818710057 623.1717024985473 422.75043579314354 633.9561301568856 book-spine 0
354.2599771949829 102.74344355758271 314.1493728620297 94.4446978335234 278.19726339794755 268.21322690992025 318.3078677309008 276.51197263397955 book-spine 0
493.9814442068184 323.59938357026056 477.79072839350863 317.09542080764885 419.85224556547996 461.32526103912454 436.04296137878976 467.82922380173613 book-spine 0
393.7502329916123 122.57036346691524 363.3904939422181 115.92917054986026 330.3215284249767 267.10158434296363 360.6812674743709 273.74277726001867 book-spine 0
128.11041405269765 512.7390213299875 110.49435382685073 505.2860727728985 61.93977415307407 620.051442910916 79.55583437892099 627.504391468005 book-spine 0
580.9291270527226 99.87121866897155 561.5038893690579 91.09853068280046 484.1590319792567 262.3621434745031 503.5842696629214 271.1348314606742 book-spine 0
476.36986301369865 322.013698630137 457.30136986301375 314.8630136986302 401.7397260273973 463.02739726027403 420.80821917808225 470.17808219178085 book-spine 0
528.3985955952762 84.78218959463786 502.0366421959783 74.10105330354301 425.7865304819661 262.29281838493466 452.14848388126404 272.9739546760295 book-spine 0
214.60066018841337 303.67061048883625 148.0567836213931 286.5114976633781 103.8603590238113 457.9073881759514 170.4042355908316 475.06650100140945 book-spine 0
400.5891661003785 121.94942238617614 369.66459567032325 118.88758372973501 354.9893214251043 267.107853606446 385.91389185515965 270.1696922628871 book-spine 0
175.49353049907583 513.6635859519408 148.43807763401114 500.7800369685767 90.69316081330868 622.0443622920518 117.74861367837337 634.927911275416 book-spine 0
654.2615384615385 398.2923076923079 636.4923076923077 388.1384615384616 593.4769230769231 463.4153846153847 611.2461538461539 473.56923076923096 book-spine 0
589.6000000000001 325.80000000000007 565.2 313.6 492 460.0000000000001 516.4000000000001 472.20000000000016 book-spine 0
528.6250564673995 512.915524770366 515.2824875771721 505.39858455051956 448.4612257190182 624.0063243487426 461.80379460924564 631.5232645685891 book-spine 0
248.27552031714563 514.2190287413281 229.26660059464814 504.0356788899901 166.7542120911794 620.7254707631319 185.76313181367686 630.9088206144697 book-spine 0
457.4520772295434 309.5195429746368 433.853793309695 301.8918146113965 381.59302958425855 463.5735475640723 405.191313504107 471.2012759273126 book-spine 0
622.0454553401123 512.1666955164455 592.9659713555893 493.90336115130015 513.7673153283029 620.0060762139159 542.8467993128259 638.2694105790614 book-spine 0